lb in gen_LC_finance:  [0. 0. 0. 0. 0. 0. 0. 0. 0. 0. 0. 0. 0. 0. 0. 0. 0. 0.]
ub in gen_LC_finance:  [1. 1. 1. 1. 1. 1. 1. 1. 1. 1. 1. 1. 1. 1. 1. 1. 1. 1.]
<scipy.optimize._constraints.LinearConstraint object at 0x7f66857acbb0>
params in def chemistry in vqe.py:  [0. 0. 0. 0. 0. 0. 0. 0. 0. 0. 0. 0. 0. 0. 0. 0. 0. 0.]
[0.0, 0.0, 0.0, 0.0, 0.0, 0.0]
[0.0, 0.0, 0.0, 0.0, 0.0, 0.0, 0.0, 0.0, 0.0]
E for cur_iter:  -0.26749008445593164
params in def chemistry in vqe.py:  [0.1 0.  0.  0.  0.  0.  0.  0.  0.  0.  0.  0.  0.  0.  0.  0.  0.  0. ]
[0.1, 0.0, 0.0, 0.0, 0.0, 0.0]
[0.0, 0.0, 0.0, 0.0, 0.0, 0.0, 0.0, 0.0, 0.0]
E for cur_iter:  -1.9069516530496715
params in def chemistry in vqe.py:  [0.1 0.1 0.  0.  0.  0.  0.  0.  0.  0.  0.  0.  0.  0.  0.  0.  0.  0. ]
[0.1, 0.1, 0.0, 0.0, 0.0, 0.0]
[0.0, 0.0, 0.0, 0.0, 0.0, 0.0, 0.0, 0.0, 0.0]
E for cur_iter:  -4.849917125164471
params in def chemistry in vqe.py:  [0.1 0.1 0.1 0.  0.  0.  0.  0.  0.  0.  0.  0.  0.  0.  0.  0.  0.  0. ]
[0.1, 0.1, 0.1, 0.0, 0.0, 0.0]
[0.0, 0.0, 0.0, 0.0, 0.0, 0.0, 0.0, 0.0, 0.0]
E for cur_iter:  -5.759956262092953
params in def chemistry in vqe.py:  [0.1 0.1 0.1 0.1 0.  0.  0.  0.  0.  0.  0.  0.  0.  0.  0.  0.  0.  0. ]
[0.1, 0.1, 0.1, 0.1, 0.0, 0.0]
[0.0, 0.0, 0.0, 0.0, 0.0, 0.0, 0.0, 0.0, 0.0]
E for cur_iter:  -7.071975978170156
params in def chemistry in vqe.py:  [0.1 0.1 0.1 0.1 0.1 0.  0.  0.  0.  0.  0.  0.  0.  0.  0.  0.  0.  0. ]
[0.1, 0.1, 0.1, 0.1, 0.1, 0.0]
[0.0, 0.0, 0.0, 0.0, 0.0, 0.0, 0.0, 0.0, 0.0]
E for cur_iter:  -7.07919029967918
params in def chemistry in vqe.py:  [0.1 0.1 0.1 0.1 0.1 0.1 0.  0.  0.  0.  0.  0.  0.  0.  0.  0.  0.  0. ]
[0.1, 0.1, 0.1, 0.1, 0.1, 0.1]
[0.0, 0.0, 0.0, 0.0, 0.0, 0.0, 0.0, 0.0, 0.0]
E for cur_iter:  -7.131969236965507
params in def chemistry in vqe.py:  [0.1 0.1 0.1 0.1 0.1 0.1 0.1 0.  0.  0.  0.  0.  0.  0.  0.  0.  0.  0. ]
[0.1, 0.1, 0.1, 0.1, 0.1, 0.1]
[0.6283185307179586, 0.0, 0.0, 0.0, 0.0, 0.0, 0.0, 0.0, 0.0]
E for cur_iter:  -7.118831806409286
params in def chemistry in vqe.py:  [0.1 0.1 0.1 0.1 0.1 0.1 0.  0.1 0.  0.  0.  0.  0.  0.  0.  0.  0.  0. ]
[0.1, 0.1, 0.1, 0.1, 0.1, 0.1]
[0.0, 0.6283185307179586, 0.0, 0.0, 0.0, 0.0, 0.0, 0.0, 0.0]
E for cur_iter:  -6.870991695442981
params in def chemistry in vqe.py:  [0.1 0.1 0.1 0.1 0.1 0.1 0.  0.  0.1 0.  0.  0.  0.  0.  0.  0.  0.  0. ]
[0.1, 0.1, 0.1, 0.1, 0.1, 0.1]
[0.0, 0.0, 0.6283185307179586, 0.0, 0.0, 0.0, 0.0, 0.0, 0.0]
E for cur_iter:  -7.099561988415889
params in def chemistry in vqe.py:  [0.1 0.1 0.1 0.1 0.1 0.1 0.  0.  0.  0.1 0.  0.  0.  0.  0.  0.  0.  0. ]
[0.1, 0.1, 0.1, 0.1, 0.1, 0.1]
[0.0, 0.0, 0.0, 0.6283185307179586, 0.0, 0.0, 0.0, 0.0, 0.0]
E for cur_iter:  -7.0941064035576185
params in def chemistry in vqe.py:  [0.1 0.1 0.1 0.1 0.1 0.1 0.  0.  0.  0.  0.1 0.  0.  0.  0.  0.  0.  0. ]
[0.1, 0.1, 0.1, 0.1, 0.1, 0.1]
[0.0, 0.0, 0.0, 0.0, 0.6283185307179586, 0.0, 0.0, 0.0, 0.0]
E for cur_iter:  -7.204315878040238
params in def chemistry in vqe.py:  [0.1 0.1 0.1 0.1 0.1 0.1 0.  0.  0.  0.  0.1 0.1 0.  0.  0.  0.  0.  0. ]
[0.1, 0.1, 0.1, 0.1, 0.1, 0.1]
[0.0, 0.0, 0.0, 0.0, 0.6283185307179586, 0.6283185307179586, 0.0, 0.0, 0.0]
E for cur_iter:  -7.289033308698688
params in def chemistry in vqe.py:  [0.1 0.1 0.1 0.1 0.1 0.1 0.  0.  0.  0.  0.1 0.1 0.1 0.  0.  0.  0.  0. ]
[0.1, 0.1, 0.1, 0.1, 0.1, 0.1]
[0.0, 0.0, 0.0, 0.0, 0.6283185307179586, 0.6283185307179586, 0.6283185307179586, 0.0, 0.0]
E for cur_iter:  -7.111740308599773
params in def chemistry in vqe.py:  [0.1 0.1 0.1 0.1 0.1 0.1 0.  0.  0.  0.  0.1 0.1 0.  0.1 0.  0.  0.  0. ]
[0.1, 0.1, 0.1, 0.1, 0.1, 0.1]
[0.0, 0.0, 0.0, 0.0, 0.6283185307179586, 0.6283185307179586, 0.0, 0.6283185307179586, 0.0]
E for cur_iter:  -7.300261974074629
params in def chemistry in vqe.py:  [0.1 0.1 0.1 0.1 0.1 0.1 0.  0.  0.  0.  0.1 0.1 0.  0.1 0.1 0.  0.  0. ]
[0.1, 0.1, 0.1, 0.1, 0.1, 0.1]
[0.0, 0.0, 0.0, 0.0, 0.6283185307179586, 0.6283185307179586, 0.0, 0.6283185307179586, 0.6283185307179586]
E for cur_iter:  -7.293776035334214
params in def chemistry in vqe.py:  [0.1 0.1 0.1 0.1 0.1 0.1 0.  0.  0.  0.  0.1 0.1 0.  0.1 0.  0.1 0.  0. ]
[0.1, 0.1, 0.1, 0.1, 0.1, 0.1]
[0.0, 0.0, 0.0, 0.0, 0.6283185307179586, 0.6283185307179586, 0.0, 0.6283185307179586, 0.0]
E for cur_iter:  -7.300261974074629
params in def chemistry in vqe.py:  [0.1 0.1 0.1 0.1 0.1 0.1 0.  0.  0.  0.  0.1 0.1 0.  0.1 0.  0.  0.1 0. ]
[0.1, 0.1, 0.1, 0.1, 0.1, 0.1]
[0.0, 0.0, 0.0, 0.0, 0.6283185307179586, 0.6283185307179586, 0.0, 0.6283185307179586, 0.0]
E for cur_iter:  -7.300261974074629
params in def chemistry in vqe.py:  [0.1 0.1 0.1 0.1 0.1 0.1 0.  0.  0.  0.  0.1 0.1 0.  0.1 0.  0.  0.  0.1]
[0.1, 0.1, 0.1, 0.1, 0.1, 0.1]
[0.0, 0.0, 0.0, 0.0, 0.6283185307179586, 0.6283185307179586, 0.0, 0.6283185307179586, 0.0]
E for cur_iter:  -7.300261974074629
params in def chemistry in vqe.py:  [ 1.43951937e-01  1.78897265e-01  1.24397024e-01  1.35173626e-01
  1.00193407e-01  1.01414938e-01 -1.39899449e-20 -1.85433126e-18
  1.73367681e-19  7.17324933e-20  1.01939524e-01  1.02271170e-01
  6.92705177e-19  1.00301027e-01  0.00000000e+00  0.00000000e+00
  0.00000000e+00  0.00000000e+00]
[0.14395193727094296, 0.17889726499163422, 0.12439702389284565, 0.13517362612453845, 0.10019340703831749, 0.10141493804141166]
[-8.790141627646136e-20, -1.165110695844079e-17, 1.0893012668690684e-18, 4.507085481682262e-19, 0.6405049193062127, 0.642588709884064, 4.352394990042092e-18, 0.630209936836694, 0.0]
E for cur_iter:  -6.530259859701676
params in def chemistry in vqe.py:  [0.0563204  0.12433295 0.1        0.1        0.1        0.1
 0.         0.         0.         0.         0.1        0.1
 0.         0.1        0.         0.         0.         0.        ]
[0.056320398341152655, 0.12433294883330873, 0.1, 0.1, 0.1, 0.1]
[0.0, 0.0, 0.0, 0.0, 0.6283185307179586, 0.6283185307179586, 0.0, 0.6283185307179586, 0.0]
E for cur_iter:  -7.065063983420674
params in def chemistry in vqe.py:  [ 8.38700623e-02  2.94160641e-02  1.39194159e-01  1.56506921e-01
  1.00310711e-01  1.02273118e-01  8.24810806e-20 -2.12255863e-18
  0.00000000e+00  1.85323506e-19  1.03115872e-01  1.03648666e-01
 -1.91095271e-21  1.00483603e-01  0.00000000e+00  0.00000000e+00
  0.00000000e+00  0.00000000e+00]
[0.08387006226738958, 0.02941606411200605, 0.13919415906562765, 0.1565069208152207, 0.10031071110384289, 0.10227311769282477]
[5.182439134373093e-19, -1.3336429175875124e-17, 0.0, 1.1644219324128646e-18, 0.6478961339068313, 0.6512437725256431, -1.2006869961107815e-20, 0.631357101020673, 0.0]
E for cur_iter:  -8.263617319365396
params in def chemistry in vqe.py:  [ 8.06106934e-02  1.04083409e-17  6.88774598e-02  2.20870211e-01
  1.00664622e-01  1.04862275e-01 -2.48872983e-18 -2.12255863e-18
 -2.32874531e-18 -2.53086196e-18  1.06664956e-01  1.07804619e-01
  8.22654262e-19  1.01034444e-01 -2.16497500e-18  0.00000000e+00
  0.00000000e+00  0.00000000e+00]
[0.08061069336946394, 1.0408340855860843e-17, 0.06887745983225887, 0.22087021110236543, 0.10066462153965434, 0.10486227547755964]
[-1.5637150704537975e-17, -1.3336429175875133e-17, -1.4631938321747172e-17, -1.590187471033082e-17, 0.6701956848112671, 0.6773563968216308, 5.168889173312296e-18, 0.6348181351671102, -1.3602939139600488e-17]
E for cur_iter:  -7.391004991366219
params in def chemistry in vqe.py:  [ 8.38700623e-02  2.94160641e-02  1.39194159e-01  1.56231993e-01
  1.50309955e-01  1.02273118e-01  8.24810806e-20 -2.12255863e-18
  0.00000000e+00  1.85323506e-19  1.03115872e-01  1.03648666e-01
 -1.91095271e-21  1.00483603e-01  0.00000000e+00  0.00000000e+00
  0.00000000e+00  0.00000000e+00]
[0.08387006226738959, 0.029416064112006052, 0.13919415906562765, 0.15623199306983251, 0.15030995524547783, 0.10227311769282477]
[5.182439134373093e-19, -1.3336429175875124e-17, 0.0, 1.1644219324128646e-18, 0.6478961339068313, 0.6512437725256431, -1.2006869961107815e-20, 0.631357101020673, 0.0]
E for cur_iter:  -8.305386687749696
params in def chemistry in vqe.py:  [ 7.91431233e-02  1.38777878e-17  2.26224356e-01  1.18447871e-01
  1.56045647e-01  1.06028075e-01 -2.26768877e-18 -2.12255863e-18
 -2.12651362e-18 -2.31874048e-18  1.08262974e-01  1.09675887e-01
 -7.65765641e-18  1.01282467e-01 -2.16278236e-18  0.00000000e+00
  0.00000000e+00  0.00000000e+00]
[0.07914312330987405, 1.3877787807814457e-17, 0.2262243562570144, 0.11844787069086168, 0.1560456468878791, 0.10602807492016011]
[-1.424830874652103e-17, -1.3336429175875124e-17, -1.3361279159077565e-17, -1.4569076115873486e-17, 0.6802363258907349, 0.6891139200705338, -4.8114474268340535e-17, 0.6363765074310664, -1.3589162372758448e-17]
E for cur_iter:  -8.072850409142166
params in def chemistry in vqe.py:  [ 8.38700623e-02  2.94160641e-02  1.36867742e-01  1.55836526e-01
  1.50307781e-01  1.52217401e-01  8.24810806e-20 -2.12255863e-18
  0.00000000e+00  1.85323506e-19  1.03115872e-01  1.03648666e-01
 -1.91095271e-21  1.00483603e-01  0.00000000e+00  0.00000000e+00
  0.00000000e+00  0.00000000e+00]
[0.0838700622673896, 0.029416064112006056, 0.13686774205618985, 0.15583652648597937, 0.15030778071787962, 0.1522174005022784]
[5.182439134373093e-19, -1.3336429175875124e-17, 0.0, 1.1644219324128646e-18, 0.6478961339068313, 0.6512437725256431, -1.2006869961107815e-20, 0.631357101020673, 0.0]
E for cur_iter:  -8.434176918757734
params in def chemistry in vqe.py:  [ 7.56739821e-02  2.77555756e-17  8.66341593e-02  2.28882569e-01
  1.61014839e-01  1.82266659e-01 -1.84735599e-18 -2.12255863e-18
 -1.85947143e-18 -8.77018633e-19  1.12040476e-01  1.14099316e-01
  2.54282724e-18  1.01868760e-01 -2.29619977e-18  0.00000000e+00
  0.00000000e+00  0.00000000e+00]
[0.07567398214005377, 2.7755575615628914e-17, 0.08663415933235125, 0.22888256877637678, 0.16101483850419968, 0.18226665883001572]
[-1.1607280029485359e-17, -1.3336429175875117e-17, -1.1683403560401312e-17, -5.510470587272248e-18, 0.7039710710312178, 0.7169071471749939, 1.5977054744396842e-17, 0.6400602929808398, -1.4427448679708957e-17]
E for cur_iter:  -7.940594240573241
params in def chemistry in vqe.py:  [ 8.38700623e-02  2.94160641e-02  1.36867742e-01  1.55836526e-01
  1.50307781e-01  1.52217401e-01 -5.00000000e-02 -2.12255863e-18
  0.00000000e+00  1.85323506e-19  1.03115872e-01  1.03648666e-01
 -1.91095271e-21  1.00483603e-01  0.00000000e+00  0.00000000e+00
  0.00000000e+00  0.00000000e+00]
[0.0838700622673896, 0.029416064112006056, 0.13686774205618985, 0.15583652648597937, 0.15030778071787962, 0.1522174005022784]
[-0.31415926535897937, -1.3336429175875124e-17, 0.0, 1.1644219324128646e-18, 0.6478961339068313, 0.6512437725256431, -1.2006869961107815e-20, 0.631357101020673, 0.0]
E for cur_iter:  -8.44007469119035
params in def chemistry in vqe.py:  [ 7.96924383e-02 -1.04083409e-17  2.09113527e-01  1.25038541e-01
  1.55391201e-01  1.71553010e-01  6.93889390e-18 -5.11312507e-18
  2.06414779e-20  8.90098448e-19  1.07664832e-01  1.08975467e-01
 -4.21502378e-18  1.01189631e-01 -6.10841092e-20  0.00000000e+00
  0.00000000e+00  0.00000000e+00]
[0.07969243828116507, -1.0408340855860843e-17, 0.2091135268865155, 0.1250385410048914, 0.15539120121744507, 0.17155301043764218]
[4.35983562251079e-17, -3.212671231508897e-17, 1.2969423072810255e-19, 5.592653489053863e-18, 0.6764780900025946, 0.6847130510941466, -2.6483775480678352e-17, 0.635793204978252, -3.838027771987502e-19]
E for cur_iter:  -8.19989075320248
params in def chemistry in vqe.py:  [ 8.38700623e-02  2.94160641e-02  1.36867742e-01  1.55836526e-01
  1.50307781e-01  1.52217401e-01 -5.00000000e-02 -5.00000000e-02
  0.00000000e+00  1.85323506e-19  1.03115872e-01  1.03648666e-01
 -1.91095271e-21  1.00483603e-01  0.00000000e+00  0.00000000e+00
  0.00000000e+00  0.00000000e+00]
[0.0838700622673896, 0.029416064112006056, 0.13686774205618985, 0.15583652648597937, 0.15030778071787962, 0.1522174005022784]
[-0.31415926535897937, -0.31415926535897937, 0.0, 1.1644219324128646e-18, 0.6478961339068313, 0.6512437725256431, -1.2006869961107815e-20, 0.631357101020673, 0.0]
E for cur_iter:  -8.474993420975672
params in def chemistry in vqe.py:  [ 7.92932774e-02 -6.93889390e-18  9.86547865e-02  2.03691349e-01
  1.56325573e-01  1.68579848e-01 -6.93889390e-18  0.00000000e+00
  4.47291930e-19 -2.93672551e-20  1.08099473e-01  1.09484428e-01
  3.41156718e-18  1.01257090e-01 -8.12853719e-20  0.00000000e+00
  0.00000000e+00  0.00000000e+00]
[0.07929327739113319, -6.938893903907228e-18, 0.09865478648605126, 0.20369134909548497, 0.1563255725375768, 0.16857984800894774]
[-4.35983562251079e-17, 0.0, 2.8104180803678996e-18, -1.8451990558304123e-19, 0.6792090200890879, 0.6879109518784633, 2.1435508761102396e-17, 0.6362170629438851, -5.107310543783722e-19]
E for cur_iter:  -8.362281598668497
params in def chemistry in vqe.py:  [ 8.38700623e-02  2.94160641e-02  1.36867742e-01  1.55836526e-01
  1.50307781e-01  1.52217401e-01 -5.00000000e-02 -5.00000000e-02
 -5.00000000e-02  1.85323506e-19  1.03115872e-01  1.03648666e-01
 -1.91095271e-21  1.00483603e-01  0.00000000e+00  0.00000000e+00
  0.00000000e+00  0.00000000e+00]
[0.0838700622673896, 0.029416064112006056, 0.13686774205618985, 0.15583652648597937, 0.15030778071787962, 0.1522174005022784]
[-0.31415926535897937, -0.31415926535897937, -0.31415926535897937, 1.1644219324128646e-18, 0.6478961339068313, 0.6512437725256431, -1.2006869961107815e-20, 0.631357101020673, 0.0]
E for cur_iter:  -8.48970704953618
params in def chemistry in vqe.py:  [ 8.10422260e-02  0.00000000e+00  1.72834767e-01  1.43983216e-01
  1.53798205e-01  1.64774333e-01  0.00000000e+00  1.38777878e-17
  0.00000000e+00  2.43751878e-19  1.06195066e-01  1.07254381e-01
 -3.01570074e-18  1.00961514e-01 -1.57994651e-23  0.00000000e+00
  0.00000000e+00  0.00000000e+00]
[0.08104222601111066, 0.0, 0.17283476740667283, 0.14398321565785469, 0.1537982051991813, 0.16477433280993342]
[0.0, 8.71967124502158e-17, 0.0, 1.5315382178048053e-18, 0.6672432776396058, 0.6738991478585121, -1.8948206611261256e-17, 0.634359902529193, -9.927096698901967e-23]
E for cur_iter:  -8.531673407098
params in def chemistry in vqe.py:  [ 8.10422260e-02 -1.42648265e-20  1.72834767e-01  1.43983216e-01
  1.53798205e-01  1.64774333e-01 -6.99539913e-20  1.38777878e-17
 -1.03534505e-36 -5.00000000e-02  1.06195066e-01  1.07254381e-01
 -3.01570074e-18  1.00961514e-01 -1.57994651e-23  0.00000000e+00
  0.00000000e+00  0.00000000e+00]
[0.08104222601111066, -1.4264826513506155e-20, 0.17283476740667283, 0.14398321565785469, 0.1537982051991813, 0.16477433280993342]
[-4.395338900998561e-19, 8.71967124502158e-17, -6.505264784758001e-36, -0.31415926535897937, 0.6672432776396058, 0.6738991478585121, -1.8948206611261256e-17, 0.634359902529193, -9.927096698901967e-23]
E for cur_iter:  -8.54637740983406
params in def chemistry in vqe.py:  [ 6.91087785e-02  1.58099989e-17  2.29140944e-01  1.64565292e-01
  1.68915990e-01  1.08822633e-01  9.57828561e-18  5.25971971e-18
 -1.88716015e-17  6.93889390e-18  1.19189239e-01  1.22470470e-01
 -6.42347047e-18  1.02978294e-01 -2.71888103e-19  0.00000000e+00
  0.00000000e+00  0.00000000e+00]
[0.0691087785211634, 1.5809998928658172e-17, 0.22914094376974403, 0.16456529192715047, 0.16891599006724406, 0.10882263290580038]
[6.018214343862299e-17, 3.30477935893509e-17, -1.1857376918939987e-16, 4.35983562251079e-17, 0.7488880770168271, 0.7695046594221815, -4.0359855256824033e-17, 0.6470317020526248, -1.7083233347457168e-18]
E for cur_iter:  -8.67395225255712
params in def chemistry in vqe.py:  [ 1.22023985e-01 -2.69210052e-17  2.32861399e-01  1.21883674e-01
  1.83591207e-01  5.27158717e-02 -2.61661464e-17 -2.71900051e-17
 -4.58736424e-17 -2.58104954e-17  1.32101398e-01  1.37590521e-01
 -6.07960653e-18  1.43050082e-01 -2.14455629e-17 -2.20684670e-17
 -1.52971552e-17 -1.86079158e-17]
[0.12202398532129197, -2.6921005211985075e-17, 0.23286139926934268, 0.1218836740754233, 0.18359120670224827, 0.05271587170311568]
[-1.6440674634511768e-16, -1.708398402900821e-16, -2.8823259602814813e-16, -1.6217212541450777e-16, 0.830017561785404, 0.8645067410411207, -3.8199294407839997e-17, 0.8988101709653659, -1.3474644567581553e-16]
E for cur_iter:  -7.825268682197096
params in def chemistry in vqe.py:  [ 6.91087785e-02  1.44581595e-17  2.29140944e-01  1.64565292e-01
  1.68915990e-01  1.08822633e-01  9.89371480e-18  5.27736263e-18
 -1.88750774e-17  6.93929526e-18  8.11669728e-02  1.54940568e-01
 -6.42347047e-18  1.02978294e-01 -1.17311436e-18 -9.01226256e-19
 -9.01226256e-19 -9.01226256e-19]
[0.0691087785211634, 1.4458159544400253e-17, 0.22914094376974403, 0.16456529192715047, 0.16891599006724406, 0.10882263290580038]
[6.21640434885514e-17, 3.3158647363342756e-17, -1.1859560873855113e-16, 4.360087804824003e-17, 0.5099871311537458, 0.973520301167168, -4.0359855256824033e-17, 0.6470317020526248, -7.370894905969747e-18]
E for cur_iter:  -8.669802968142015
params in def chemistry in vqe.py:  [ 5.36732006e-02  9.34536176e-17  2.54103047e-01  1.88173024e-01
  1.72471152e-01  1.03671850e-01 -1.31055601e-17 -3.24023291e-17
 -5.88134624e-17 -2.54635507e-17  6.03789979e-02  5.30801101e-02
 -1.60755312e-17  9.59681596e-02  7.20459793e-03  7.47053785e-03
  7.47053785e-03  7.47053785e-03]
[0.05367320061785866, 9.345361764220451e-17, 0.25410304652152704, 0.1881730241948485, 0.17247115203642852, 0.10367184954496245]
[-8.23446629450285e-17, -2.0358983815996961e-16, -3.6953588276898026e-16, -1.5999220760325246e-16, 0.37937243249872243, 0.33351216802099576, -1.0100554149583137e-16, 0.6029857303195427, 0.04526782385853982]
E for cur_iter:  -8.737542495480195
params in def chemistry in vqe.py:  [ 5.36732006e-02  8.62637104e-17  2.54103047e-01  1.88173024e-01
  1.72471152e-01  1.03671850e-01 -1.58912205e-17 -3.24023291e-17
 -5.88134624e-17 -2.54635507e-17  6.03789979e-02  5.30801101e-02
 -5.00000000e-02  9.59681596e-02  7.20459793e-03  7.47053785e-03
  7.47053785e-03  7.47053785e-03]
[0.05367320061785865, 8.626371038214892e-17, 0.25410304652152704, 0.1881730241948485, 0.17247115203642852, 0.10367184954496245]
[-9.984748305298227e-17, -2.0358983815996961e-16, -3.6953588276898026e-16, -1.5999220760325246e-16, 0.37937243249872243, 0.33351216802099576, -0.3141592653589795, 0.6029857303195427, 0.04526782385853983]
E for cur_iter:  -8.737487376036047
params in def chemistry in vqe.py:  [-1.31838984e-16  1.41175103e-16  2.21577836e-01  1.40507643e-01
  1.74128042e-01  6.89870106e-02 -4.88812568e-17 -8.32982767e-17
 -1.43413631e-16 -7.73263698e-17  6.33446856e-02  5.62593710e-02
  2.53228099e-06  7.34971132e-02  2.97845888e-02  3.01995163e-02
  3.01995163e-02  3.01995163e-02]
[-1.3183898417423734e-16, 1.411751031323842e-16, 0.22157783565068956, 0.14050764321866363, 0.1741280421783929, 0.06898701055348694]
[-3.0712999441788014e-16, -5.233785081138923e-16, -9.010944218697185e-16, -4.858559108376791e-16, 0.39800639811975447, 0.3534880529631087, 1.5910790712125904e-05, 0.46179598147792217, 0.18714209095018336]
E for cur_iter:  -8.686618797070416
params in def chemistry in vqe.py:  [ 6.56263216e-02  7.30743810e-03  2.57245571e-01  1.92130258e-01
  1.72492911e-01  1.06561811e-01  2.70922488e-03 -3.26173545e-17
 -5.87994096e-17 -2.54611410e-17  6.24764933e-02  5.55362631e-02
 -1.67221435e-17  8.65429341e-02  5.33312482e-02  4.02757741e-03
  4.02757741e-03  4.02757741e-03]
[0.0656263215524159, 0.0073074381019933, 0.2572455705981963, 0.19213025780306295, 0.17249291143164655, 0.10656181128872061]
[0.01702256198515411, -2.0494088270110527e-16, -3.694475865183728e-16, -1.599770670816079e-16, 0.3925513844885071, 0.3489446322620426, -1.0506832633440222e-16, 0.5437652922129722, 0.33509011491342444]
E for cur_iter:  -8.580277417473447
params in def chemistry in vqe.py:  [ 7.43611630e-02  7.72890786e-17  2.63287126e-01  1.90583492e-01
  1.75545109e-01  9.72119148e-02 -5.61797377e-17 -7.08568448e-17
 -1.07410563e-16 -7.51675991e-17  6.13668089e-02  5.37686464e-02
  4.03888533e-06 -1.38777878e-17 -6.07153217e-17 -6.76542156e-17
 -5.46437895e-17 -6.41847686e-17]
[0.07436116303475758, 7.728907863796086e-17, 0.26328712649550723, 0.1905834916161004, 0.17554510917118116, 0.09721191479935747]
[-3.5298770226248164e-16, -4.452066864031357e-16, -6.748804690026867e-16, -4.722919544226364e-16, 0.38557903189727866, 0.3378383691644491, 2.5377064975585497e-05, -8.71967124502158e-17, -3.814856169696941e-16]
E for cur_iter:  -8.610371796329476
params in def chemistry in vqe.py:  [ 4.67670335e-02 -1.11538854e-02  2.50874612e-01  1.84393755e-01
  1.72450371e-01  9.93516381e-02 -4.13529113e-03 -3.21571176e-17
 -5.88310466e-17 -2.54617266e-17  5.82283537e-02  5.05617202e-02
 -1.42018945e-17  9.69640407e-02  9.55513040e-03  1.28040927e-02
 -3.93594396e-02  1.28040927e-02]
[0.04676703349573022, -0.011153885437517526, 0.2508746124427934, 0.18439375539681124, 0.172450371205284, 0.09935163813882653]
[-0.0259828004815619, -2.0204912900006583e-16, -3.696463674931965e-16, -1.5998074672701542e-16, 0.3658595365675775, 0.3176886576681224, -8.923313454427453e-17, 0.609243035722705, 0.060036654943377246]
E for cur_iter:  -8.752222391752413
params in def chemistry in vqe.py:  [ 2.08166817e-17  4.09106452e-02  2.85370411e-01  1.85044895e-01
  1.82557107e-01  1.41225519e-01  3.50352541e-03 -3.24442754e-17
 -6.97347351e-17 -2.20034107e-17  6.06421519e-02  5.18428216e-02
  1.33320644e-05  1.01654691e-01 -1.21430643e-17 -1.73472348e-17
  0.00000000e+00 -2.60208521e-17]
[2.0816681711721685e-17, 0.04091064520413425, 0.285370411207413, 0.1850448947735595, 0.1825571073269386, 0.14122551871680003]
[0.02201329940715904, -2.0385339477718217e-16, -4.381562627340385e-16, -1.3825150674403046e-16, 0.38102587788225284, 0.3257380547218465, 8.376783129373596e-05, 0.6387152596029996, -7.629712339393882e-17]
E for cur_iter:  -8.24926349575221
params in def chemistry in vqe.py:  [ 5.47369617e-02 -2.05358795e-05  2.54027157e-01  1.89242585e-01
  1.72477033e-01  1.03925997e-01  2.48935988e-04 -3.24151882e-17
 -5.88058500e-17 -2.54644492e-17  6.06827986e-02  5.34358587e-02
 -1.62170321e-17  9.58312869e-02  7.11959247e-03  5.96309808e-02
 -4.02414829e-02  7.91566027e-03]
[0.054736961658149196, -2.0535879500177892e-05, 0.25402715694051287, 0.18924258543067438, 0.17247703316651694, 0.10392599749535193]
[0.0015641109428545983, -2.036706339909028e-16, -3.6948805283673314e-16, -1.5999785305881327e-16, 0.3812812683321375, 0.3357474019579614, -1.0189461789394582e-16, 0.6021257336998806, 0.044733718820258964]
E for cur_iter:  -8.725645066594273
params in def chemistry in vqe.py:  [ 2.33735148e-02  1.45716772e-16  2.32377205e-01  2.57759211e-01
  1.77329335e-01  1.07280622e-01 -1.73472348e-18 -2.47494422e-17
 -5.88304766e-17 -1.81860220e-17  7.12459907e-02  6.51206777e-02
  5.90591440e-06  9.38790969e-02  6.39310543e-03  2.62589548e-02
  1.38777878e-17  4.98011190e-02]
[0.023373514815598007, 1.457167719820518e-16, 0.23237720497085715, 0.25775921147322484, 0.1773293351970663, 0.10728062242693914]
[-1.0899589056276974e-17, -1.5550533157412674e-16, -3.6964278610666133e-16, -1.1426614610957789e-16, 0.4476517618542996, 0.40916528544360964, 3.710795458565322e-05, 0.5898597623895644, 0.04016906612775773]
E for cur_iter:  -7.4430369251179975
params in def chemistry in vqe.py:  [ 3.10618693e-02 -2.82092372e-02  2.47787776e-01  1.95945092e-01
  1.72513888e-01  9.36519444e-02 -9.77637414e-03 -3.20493757e-17
 -5.87669727e-17 -2.54792788e-17  7.80625997e-02  4.90163026e-02
 -1.20466797e-17  9.64093789e-02  1.28965144e-02  1.50647537e-02
 -3.72576472e-02 -2.37800877e-02]
[0.031061869269263517, -0.028209237150605068, 0.24778777602308355, 0.19594509159306822, 0.1725138878218085, 0.09365194444829783]
[-0.06142677035877905, -2.0137216645104461e-16, -3.692437795101948e-16, -1.600910303638751e-16, 0.4904817796931589, 0.30797851224474054, -7.569152087308846e-17, 0.605757992937831, 0.08103119002208084]
E for cur_iter:  -8.515746747061831
params in def chemistry in vqe.py:  [ 7.41435574e-02  8.32667268e-17  2.25566275e-01  1.31268929e-01
  1.77356775e-01  1.12934694e-01  2.60208521e-18 -2.79252103e-17
 -6.25476190e-17 -2.59994550e-17  5.55111512e-17  5.36755902e-02
  6.85993296e-06  1.08276018e-01  1.06148538e-03  2.39501348e-02
  1.38777878e-17 -2.94902991e-17]
[0.07414355743569806, 8.326672684688674e-17, 0.22556627484255273, 0.13126892867497564, 0.1773567745793316, 0.11293469362224612]
[1.634938358441546e-17, -1.754592711949789e-16, -3.9299828083473513e-16, -1.6335939360154845e-16, 3.487868498008632e-16, 0.33725367983396426, 4.310222999900656e-05, 0.6803182875865446, 0.0066695093354365055]
E for cur_iter:  -8.239708399783495
params in def chemistry in vqe.py:  [ 6.26230957e-02 -1.55592829e-02  2.64413660e-01  1.80812232e-01
  1.72430678e-01  8.97462277e-02 -1.43316189e-02 -3.30851455e-17
 -5.89167712e-17 -2.54411414e-17  7.63212590e-02  3.77023018e-02
  1.89057899e-02  1.11594748e-01 -9.01545476e-03  1.26950864e-02
 -1.94541778e-02  1.84177315e-02]
[0.06262309568407104, -0.015559282892666487, 0.26441366003994604, 0.1808122320996307, 0.1724306777050711, 0.08974622774974288]
[-0.09004821724880736, -2.0788010018812863e-16, -3.7018499132703066e-16, -1.5985140571321878e-16, 0.47954061324109704, 0.23689054848938998, 0.11878858157718, 0.7011704792848859, -0.05664577287711542]
E for cur_iter:  -8.694946674075503
params in def chemistry in vqe.py:  [ 6.17918098e-02  2.77555756e-17  2.86117420e-01  1.25026258e-01
  1.75767918e-01  8.58278013e-02  8.67361738e-18 -2.93077787e-17
 -5.42800379e-17 -2.56034361e-17  9.84812307e-02  5.56403260e-02
 -1.41087025e-17  8.59416865e-02  3.64655566e-02  1.43397508e-02
 -1.38777878e-17  3.78843112e-02]
[0.06179180975460365, 2.7755575615628914e-17, 0.2861174204722545, 0.12502625804183942, 0.17576791804149294, 0.08582780127833244]
[5.449794528138487e-17, -1.841462046263005e-16, -3.410515365590858e-16, -1.6087113361278958e-16, 0.6187758219092973, 0.34959847881528927, -8.864759250003738e-17, 0.5399875421445978, 0.22911984962489182]
E for cur_iter:  -8.20018090301266
params in def chemistry in vqe.py:  [ 6.87153203e-02 -1.38777878e-17  2.60836754e-01  1.88947818e-01
  1.73356326e-01  1.03518666e-01  2.60208521e-18 -3.17521019e-17
 -5.76775372e-17 -2.53590308e-17  6.03202343e-02  5.08657995e-02
 -1.88461267e-17  1.02033151e-01  6.14047886e-03  3.44513026e-03
  6.93889390e-18  5.05719178e-03]
[0.06871532031598784, -1.3877787807814457e-17, 0.2608367535612021, 0.18894781815489978, 0.17335632592152608, 0.10351866605602611]
[1.634938358441546e-17, -1.9950434038862532e-16, -3.623986543381591e-16, -1.593354898797401e-16, 0.37900321001606463, 0.31959924394503814, -1.184137061629908e-16, 0.641093195497645, 0.03858176656029218]
E for cur_iter:  -8.634056338415125
params in def chemistry in vqe.py:  [ 4.67670335e-02 -1.11538854e-02  2.50874612e-01  1.84393755e-01
  1.72450371e-01  9.93516381e-02 -4.13529113e-03 -3.21946083e-17
 -2.50000000e-02 -2.54617266e-17  5.82283537e-02  5.05617202e-02
 -1.63371936e-17  9.69640407e-02  9.55513040e-03  1.28040927e-02
 -3.93594396e-02  1.28040927e-02]
[0.04676703349573023, -0.011153885437517528, 0.2508746124427934, 0.18439375539681124, 0.172450371205284, 0.09935163813882653]
[-0.025982800481561878, -2.0228468990974958e-16, -0.15707963267949004, -1.5998074672701542e-16, 0.3658595365675775, 0.3176886576681224, -1.0264961459696668e-16, 0.6092430357227051, 0.06003665494337726]
E for cur_iter:  -8.745985610778755
params in def chemistry in vqe.py:  [ 6.68982509e-02 -3.46944695e-18  2.65191486e-01  1.77184313e-01
  1.73772858e-01  1.00189456e-01 -8.67361738e-19 -3.18185197e-17
  4.06765723e-04 -2.57777225e-17  6.72212784e-02  5.17281543e-02
 -1.13995488e-17  9.89725676e-02  1.17529500e-02  5.66726371e-03
  0.00000000e+00  1.12352340e-02]
[0.06689825093238824, -3.469446951953614e-18, 0.2651914861060919, 0.17718431270403814, 0.17377285838704837, 0.10018945577662332]
[-5.449794528138487e-18, -1.9992165521750914e-16, 0.002555784413200744, -1.619662073104667e-16, 0.42236374862437936, 0.32501757890787897, -7.162547752329075e-17, 0.6218629824685192, 0.0738459626342471]
E for cur_iter:  -8.686290567444917
params in def chemistry in vqe.py:  [ 4.67670335e-02 -1.11538854e-02  2.50874612e-01  1.84393755e-01
  1.72450371e-01  9.93516381e-02 -4.13529113e-03 -2.50000000e-02
 -5.88310466e-17 -2.54617266e-17  5.82283537e-02  5.05617202e-02
 -1.41631192e-17  9.69640407e-02  9.55513040e-03  1.28040927e-02
 -3.93594396e-02  1.28040927e-02]
[0.04676703349573022, -0.01115388543751753, 0.2508746124427934, 0.18439375539681124, 0.172450371205284, 0.09935163813882653]
[-0.025982800481561867, -0.15707963267948985, -3.696463674931965e-16, -1.5998074672701542e-16, 0.3658595365675775, 0.3176886576681224, -8.898950269864888e-17, 0.6092430357227051, 0.06003665494337726]
E for cur_iter:  -8.750916263347955
params in def chemistry in vqe.py:  [ 6.68981607e-02 -1.73472348e-18  2.65191422e-01  1.77184345e-01
  1.73772852e-01  1.00189452e-01 -4.33680869e-18  8.51859132e-05
  4.06763899e-04 -2.57591801e-17  6.72212381e-02  5.17281490e-02
 -2.08748470e-17  9.89725586e-02  1.17529401e-02  5.66729570e-03
  0.00000000e+00  1.12352410e-02]
[0.0668981606810233, -1.734723475976807e-18, 0.2651914219213304, 0.17718434502508607, 0.17377285245813354, 0.10018945202055712]
[-2.7248972640692436e-17, 0.0005352388782388745, 0.002555772955223477, -1.6184970218380644e-16, 0.4223634953072476, 0.3250175460511902, -1.311605320513558e-16, 0.6218629258913438, 0.07384590072498247]
E for cur_iter:  -8.686267087942468
params in def chemistry in vqe.py:  [ 5.11545629e-02 -5.42878603e-03  2.50850261e-01  1.89411556e-01
  1.72477962e-01  1.03337303e-01 -2.62969013e-02 -3.67941689e-17
 -6.06730593e-17 -2.54278272e-17  5.43536585e-02  5.21473873e-02
 -2.04561579e-03  9.71870047e-02  9.96544241e-03  1.16662110e-02
 -4.26717755e-02  1.02400921e-02]
[0.051154562890124565, -0.005428786032755966, 0.25085026131613697, 0.18941155568625673, 0.1724779622727905, 0.10333730277784378]
[-0.1652283041648593, -2.3118458125099594e-16, -3.8122007502395617e-16, -1.5976775030290557e-16, 0.34151410864426684, 0.32765169766206004, -0.01285298309981973, 0.6106439599199307, 0.06261472132297796]
E for cur_iter:  -8.736173312834573
params in def chemistry in vqe.py:  [ 6.45708081e-02 -8.67361738e-18  2.65077228e-01  1.74789005e-01
  1.73747681e-01  9.82289920e-02  2.59668085e-03  8.44354505e-05
  4.03180430e-04 -2.56975391e-17  6.90407146e-02  5.09408551e-02
 -2.09215289e-17  9.88456060e-02  1.15325145e-02  6.28776035e-03
  6.93889390e-18  1.25054890e-02]
[0.06457080811779656, -8.673617379884035e-18, 0.26507722774638515, 0.1747890054174928, 0.17374768145003872, 0.09822899200464937]
[0.01631542697280623, 0.0005305235819532756, 0.002533257351046372, -1.6146240031893358e-16, 0.4337956037166401, 0.320070832517812, -1.3145384328320965e-16, 0.6210652591713349, 0.07246092591087755]
E for cur_iter:  -8.6995523181568
params in def chemistry in vqe.py:  [ 5.02021434e-02 -1.00998948e-02  2.48021835e-01  1.84349803e-01
  1.96430798e-01  1.00055367e-01 -3.00833932e-03 -2.76624676e-17
 -5.55393328e-17 -2.54810299e-17  6.17286676e-02  4.98387621e-02
 -1.74936107e-03  9.76837557e-02  8.61309994e-03  1.17116160e-02
 -4.22818342e-02  1.24190239e-02]
[0.050202143438403235, -0.010099894797141407, 0.24802183546333964, 0.18434980279065802, 0.19643079832889362, 0.10005536726825795]
[-0.0189019534309346, -1.7380840994630226e-16, -3.489639195496553e-16, -1.6010203264618814e-16, 0.3878526574969533, 0.3131461776690002, -0.010991559772307096, 0.6137651385006421, 0.05411770296685332]
E for cur_iter:  -8.65057331529044
params in def chemistry in vqe.py:  [ 6.25788354e-02 -6.93889390e-18  2.65230021e-01  1.77958147e-01
  1.59953613e-01  9.88555780e-02  3.39701396e-03  7.85477405e-05
  3.75066534e-04 -2.56777543e-17  6.48255448e-02  5.14625997e-02
 -1.18433443e-17  9.88696276e-02  5.18250767e-03  6.10948609e-03
 -1.38777878e-17  1.08762522e-02]
[0.06257883539480115, -6.938893903907228e-18, 0.26523002136421964, 0.17795814670725665, 0.15995361256707205, 0.09885557796403922]
[0.02134406819635056, 0.0004935300087258126, 0.0023566125335344875, -1.613380882293125e-16, 0.4073109105908306, 0.32334905021525584, -7.441392696420891e-17, 0.6212161912934658, 0.03256265601960817]
E for cur_iter:  -8.715562246297836
params in def chemistry in vqe.py:  [ 9.44473704e-02  8.75201096e-03  2.90602721e-01  1.65794668e-01
  1.50683575e-01  9.83396280e-02  1.82745500e-02  2.26685289e-04
  1.08242535e-03 -2.60968405e-17  7.93546110e-02  5.27305556e-02
 -3.58644416e-17  1.02892609e-01 -2.94902991e-17 -1.38777878e-17
 -5.22843962e-17  7.01083394e-03]
[0.09444737042181833, 0.008752010962910572, 0.2906027206608916, 0.1657946680027347, 0.15068357530297127, 0.09833962797015773]
[0.11482238418936132, 0.0014243056756225287, 0.006801079057830032, -1.6397128503687106e-16, 0.49859972600726493, 0.33131585205599434, -2.2534293254180193e-16, 0.6464933277842513, -1.8529301395670857e-16]
E for cur_iter:  -8.577056922146813
params in def chemistry in vqe.py:  [ 6.29295716e-02 -1.65729615e-02  2.75147681e-01  1.77557519e-01
  1.59398731e-01  1.12529826e-01  1.39182090e-03  7.85477405e-05
  3.75066534e-04 -2.56434468e-17  6.18880215e-02  5.47346688e-02
 -2.44349286e-04  9.78475049e-02  8.60222848e-03  8.76099833e-03
  2.73229003e-03  1.45842667e-02]
[0.06292957162268935, -0.016572961504370647, 0.2751476812572221, 0.17755751913244322, 0.15939873147949957, 0.11252982567828164]
[0.008745068649443011, 0.0004935300087258403, 0.002356612533534499, -1.6112252833464374e-16, 0.38885390759864846, 0.343908066672326, -0.0015352918453932186, 0.6147940049952115, 0.05404939562475651]
E for cur_iter:  -8.575366920393838
params in def chemistry in vqe.py:  [ 6.24471266e-02  9.69832986e-03  2.50557017e-01  1.93502213e-01
  1.45697946e-01  7.67147636e-02  3.66977229e-03  2.45952173e-04
  1.17442498e-03 -2.59384689e-17  7.14967733e-02  5.33994073e-02
 -2.49900208e-17  9.81671047e-02  2.11558888e-02  7.08781405e-03
 -5.33899618e-17  4.16978816e-02]
[0.062447126593624544, 0.009698329858529853, 0.250557017266711, 0.19350221263119713, 0.145697945721746, 0.07671476359458015]
[0.023057859318800267, 0.001545363077740514, 0.007379129806648264, -1.6297620697758986e-16, 0.44922747566146, 0.3355183711539644, -1.570169316520056e-16, 0.6168021100187713, 0.1329263697992862]
E for cur_iter:  -8.615033893936266
params in def chemistry in vqe.py:  [ 6.25788354e-02 -6.94597477e-18  2.65230021e-01  1.77958147e-01
  1.59953613e-01  9.88555780e-02  3.39701396e-03  7.85477405e-05
  3.75066534e-04  2.50000000e-02  6.48255448e-02  5.14625997e-02
 -1.21704604e-17  9.88696276e-02  5.18250767e-03  6.10948609e-03
 -1.39680146e-17  1.08762522e-02]
[0.06257883539480115, -6.945974768061236e-18, 0.26523002136421964, 0.17795814670725665, 0.15995361256707205, 0.09885557796403922]
[0.02134406819635056, 0.0004935300087258126, 0.0023566125335344875, 0.15707963267948952, 0.4073109105908306, 0.32334905021525584, -7.646925816344525e-17, 0.6212161912934658, 0.032562656019608185]
E for cur_iter:  -8.72058537813443
params in def chemistry in vqe.py:  [6.62516735e-02 2.25818289e-17 2.62627552e-01 1.79484466e-01
 1.67812934e-01 9.31272819e-02 1.92626331e-03 1.24151672e-04
 5.92825929e-04 2.51753844e-02 6.62917522e-02 5.09132397e-02
 2.81594362e-03 5.08181707e-02 1.12757026e-17 3.90226529e-03
 1.07143139e-03 1.62035693e-02]
[0.06625167351491544, 2.25818289300306e-17, 0.26262755167006285, 0.1794844657144996, 0.16781293372387912, 0.09312728185725878]
[0.012103069322804472, 0.0007800679608867193, 0.0037248351693557067, 0.15818160542962634, 0.41652336367752263, 0.3198973195726317, 0.01769309558075009, 0.3192999833401957, 7.084732886580034e-17]
E for cur_iter:  -8.727378148777575
params in def chemistry in vqe.py:  [ 6.26575397e-02 -1.36981385e-03  2.76154010e-01  1.82922989e-01
  1.72472787e-01  7.82237814e-02  1.39871036e-03  1.24151672e-04
  5.92825929e-04  2.51753844e-02  5.60815587e-02  5.87721655e-02
  2.15736982e-03  5.19275237e-02 -7.52809036e-04  4.98435168e-03
  1.43806550e-03  1.48757084e-02]
[0.06265753966244107, -0.0013698138528041627, 0.27615401026566, 0.18292298923153535, 0.17247278661176188, 0.0782237813693954]
[0.008788356368273107, 0.0007800679608866912, 0.0037248351693556637, 0.15818160542962634, 0.3523708257380941, 0.36927640676112294, 0.01355515432889672, 0.3262702542133916, -0.004730038672993254]
E for cur_iter:  -8.717928166087452
params in def chemistry in vqe.py:  [6.92878111e-02 1.59290639e-03 2.41309234e-01 1.45516937e-01
 1.66196047e-01 7.93885186e-02 1.64798730e-17 2.66506143e-04
 1.27257048e-03 2.57228538e-02 4.26722100e-02 4.22846734e-02
 1.08420217e-17 5.16937079e-02 1.22558489e-18 9.15827411e-03
 3.05317739e-03 1.28070421e-02]
[0.06928781110628121, 0.0015929063941507854, 0.24130923368528864, 0.1455169372528039, 0.16619604697417112, 0.07938851863071653]
[1.0354609603463125e-16, 0.001674507484486752, 0.007995796113039522, 0.16162145684972284, 0.2681174029282634, 0.2656824389343627, 6.812243160173109e-17, 0.324801146215445, 7.700576976394907e-18]
E for cur_iter:  -8.54201622632057
params in def chemistry in vqe.py:  [6.35114693e-02 3.23801970e-03 2.71066097e-01 1.82774318e-01
 1.66238881e-01 9.33209125e-02 2.77393222e-03 1.24151672e-04
 5.92825929e-04 2.51753844e-02 6.15550524e-02 3.01891117e-02
 1.82180850e-03 4.89634773e-02 7.95977614e-03 4.35063841e-03
 3.18878524e-04 1.50805171e-02]
[0.06351146925083158, 0.003238019700877835, 0.2710660971492215, 0.18277431782456433, 0.1662388811251726, 0.09332091252439517]
[0.0174291301691806, 0.0007800679608866609, 0.003724835169355653, 0.15818160542962625, 0.38676180073484856, 0.18968378310655748, 0.011446760407193326, 0.3076466010788374, 0.05001274851769748]
E for cur_iter:  -8.74306388831464
params in def chemistry in vqe.py:  [ 3.19535672e-02  3.41661802e-02  2.79685239e-01  1.78727090e-01
  1.74783815e-01  1.05544099e-01  5.73702911e-03  2.53994814e-04
  1.21282871e-03  2.56747375e-02  6.60085528e-02  3.00518870e-02
  4.07507130e-03  4.93372476e-02  5.20417043e-18 -1.04083409e-17
  2.94902991e-17  2.59234015e-02]
[0.031953567216197486, 0.034166180203542694, 0.2796852390605176, 0.17872709040430867, 0.17478381499069973, 0.1055440989036793]
[0.03604681699358284, 0.0015958964861701095, 0.007620427522211913, 0.16131913327494807, 0.41474396914667844, 0.18882157454172818, 0.025604428122835952, 0.3099950689473094, 3.269876716883092e-17]
E for cur_iter:  -8.489765115170385
params in def chemistry in vqe.py:  [ 5.37441308e-02  3.87668271e-03  2.69296274e-01  1.82593336e-01
  1.55852999e-01  8.80655040e-02 -9.93176611e-05  1.24151672e-04
  5.92825929e-04  1.90694148e-02  6.79471255e-02  3.10654231e-02
  5.41119039e-03  4.58941513e-02  8.52444051e-03  4.72240741e-03
  4.12610931e-03 -1.23263339e-03]
[0.05374413079771857, 0.0038766827072120556, 0.26929627433365233, 0.18259333595407423, 0.15585299901613775, 0.08806550402708414]
[-0.000624031269252692, 0.0007800679608866432, 0.0037248351693556303, 0.11981666693425477, 0.42692438029754043, 0.195189810281744, 0.033999511974707235, 0.288361457350636, 0.05356063935574327]
E for cur_iter:  -8.771484839512532
params in def chemistry in vqe.py:  [5.70472858e-02 2.34187669e-17 2.68263312e-01 1.89182819e-01
 1.70957593e-01 7.62755517e-02 2.08979969e-17 3.13872673e-04
 1.49874630e-03 4.09190767e-02 9.67666767e-02 2.98924522e-02
 1.73472348e-18 4.54896102e-02 3.50607136e-02 4.92544091e-03
 3.55618313e-17 5.91974386e-17]
[0.057047285778385824, 2.3418766925686896e-17, 0.2682633123752628, 0.18918281910871226, 0.17095759256563323, 0.07627555172942448]
[1.3130598691233668e-16, 0.001972120166177365, 0.009416900733651111, 0.25710214137530274, 0.6080029614058053, 0.18781981618368726, 1.0899589056276974e-17, 0.28581965026897677, 0.220292960285548]
E for cur_iter:  -8.726286878724508
params in def chemistry in vqe.py:  [ 6.39033330e-02  1.20991396e-02  2.77924988e-01  1.73972665e-01
  1.51918689e-01  8.58141882e-02  3.49489916e-03  1.24151672e-04
  5.92825929e-04  1.31410912e-02  7.41892096e-02  3.26207036e-02
 -6.39193011e-04  4.49548151e-02  7.52024601e-03  1.95308713e-04
 -7.11509513e-03 -4.40451089e-03]
[0.06390333303987948, 0.012099139565285053, 0.27792498772502594, 0.1739726651744865, 0.1519186886524229, 0.08581418821001628]
[0.02195909904592289, 0.000780067960886639, 0.003724835169355658, 0.08256791091872301, 0.4661445514796122, 0.20496192586831002, -0.0040161681323332196, 0.2824594340114658, 0.047251099256817086]
E for cur_iter:  -8.759725393031763
params in def chemistry in vqe.py:  [5.90806559e-02 9.10729825e-18 2.62307738e-01 2.15947324e-01
 1.32784241e-01 8.28040008e-02 1.09593621e-02 3.36245821e-04
 1.60557839e-03 3.82329824e-02 6.62217120e-02 2.12338120e-02
 6.93889390e-18 4.43853978e-02 0.00000000e+00 0.00000000e+00
 2.68882139e-17 1.51788304e-18]
[0.059080655864960384, 9.107298248878237e-18, 0.26230773841942123, 0.21594732357350807, 0.1327842411565871, 0.08280400080363665]
[0.06885970267361245, 0.002112694800531547, 0.010088146533012798, 0.2402249135702302, 0.4160832877274933, 0.1334159757539727, 4.35983562251079e-17, 0.278881679527198, 0.0]
E for cur_iter:  -8.127590903019893
params in def chemistry in vqe.py:  [5.11874564e-02 1.30104261e-18 2.80899706e-01 1.73702858e-01
 1.49914062e-01 9.82227367e-02 1.08420217e-18 1.71507656e-04
 8.18951399e-04 1.30633717e-02 6.93048997e-02 3.61340850e-02
 5.03472125e-03 4.17952632e-02 1.96112434e-02 8.35019199e-03
 7.76421895e-03 3.39197558e-03]
[0.051187456356935584, 1.3010426069826053e-18, 0.28089970649816426, 0.173702857686758, 0.14991406218253958, 0.09822273666624835]
[6.812243160173109e-18, 0.0010776143827982041, 0.005145623398616904, 0.0820795853098849, 0.4354555275303565, 0.22703715216017112, 0.031634086570786875, 0.2626073835149279, 0.12322107644513167]
E for cur_iter:  -8.703679138647301
params in def chemistry in vqe.py:  [ 5.15998362e-02  8.87245170e-05  2.69295541e-01  1.81094354e-01
  1.55500004e-01  8.75534398e-02 -1.48175686e-03  1.24151672e-04
  5.92825929e-04  1.88460285e-02  6.75447296e-02  3.04817785e-02
  5.20813980e-03  4.63170575e-02  9.21030338e-03 -6.65991857e-03
  4.37206643e-03  1.44930169e-04]
[0.05159983616547097, 8.872451695011692e-05, 0.2692955405351473, 0.18109435410759828, 0.15550000433766928, 0.08755343983157382]
[-0.009310152951209457, 0.0007800679608866454, 0.0037248351693556316, 0.1184130891203674, 0.42439605257021273, 0.19152266251130481, 0.03272370749168981, 0.29101865512483904, 0.05787004286670266]
E for cur_iter:  -8.753061678548036
params in def chemistry in vqe.py:  [5.29626056e-02 9.97465999e-18 2.75839605e-01 1.77125955e-01
 1.58696312e-01 8.21144291e-02 5.21772296e-18 1.45148133e-04
 6.93084319e-04 1.39300910e-02 8.10726259e-02 2.07745558e-02
 4.16583931e-03 4.92971188e-02 5.20417043e-18 1.15944165e-02
 7.63868435e-03 5.33850109e-03]
[0.052962605643562345, 9.974659986866641e-18, 0.2758396053502867, 0.17712595485118116, 0.15869631195680484, 0.08211442910855815]
[3.278392020833309e-17, 0.0009119926177983852, 0.004354777208266369, 0.0875253433478222, 0.5093943319799666, 0.13053038403937142, 0.02617474036820744, 0.30974293272751013, 3.269876716883092e-17]
E for cur_iter:  -8.784257993247511
params in def chemistry in vqe.py:  [ 5.34885198e-02  4.29731290e-04  2.76203715e-01  1.77372066e-01
  1.58344015e-01  8.23938340e-02 -3.27780320e-03  1.45148133e-04
  1.27049844e-02  1.42081506e-02  8.10100815e-02  2.07316518e-02
  3.92072269e-03  4.94163055e-02 -3.72052289e-04  1.17099080e-02
  7.43009294e-03  5.44363383e-03]
[0.05348851975634114, 0.00042973128984816075, 0.2762037148157396, 0.177372066375441, 0.15834401473245682, 0.0823938340449616]
[-0.020595044889524888, 0.0009119926177983803, 0.079827771100564, 0.08927244298513813, 0.5090013538025164, 0.13026080971061002, 0.02463462718209525, 0.3104918048255044, -0.0023376734771237986]
E for cur_iter:  -8.786331865752992
params in def chemistry in vqe.py:  [ 6.42912500e-02  1.22234501e-02  2.83450311e-01  1.80349419e-01
  1.49254381e-01  8.50009590e-02  1.20916311e-17  1.75500424e-04
 -4.01154804e-18  2.35992251e-02  8.24814251e-02  1.96933450e-02
 -1.73472348e-18  5.08074386e-02  6.25881730e-18  1.60473441e-02
  3.56892917e-03  1.06582271e-02]
[0.06429125004745842, 0.012223450127782972, 0.28345031111453617, 0.18034941917932543, 0.14925438143807246, 0.08500095895225732]
[7.597395891959437e-17, 0.0011027016834228539, -2.5205299692640504e-17, 0.14827830432446565, 0.518246078237042, 0.12373693584545914, -1.0899589056276974e-17, 0.31923255151280294, 3.932530889301341e-17]
E for cur_iter:  -8.734345542860664
params in def chemistry in vqe.py:  [ 5.29865961e-02 -9.36395840e-05  2.75937717e-01  1.77103106e-01
  1.58796751e-01  8.22688272e-02 -1.63168257e-04  1.26391970e-02
  6.41033061e-04  1.40177018e-02  8.10442944e-02  2.07495676e-02
  4.12410711e-03  4.92971168e-02 -1.33647064e-04  1.16035061e-02
  7.58399823e-03  5.15353399e-03]
[0.052986596086027765, -9.363958402824665e-05, 0.27593771724119576, 0.1771031061063324, 0.1587967505067869, 0.08226882718415617]
[-0.0010252163964484444, 0.07941441669336848, 0.004027729510770249, 0.08807581814512175, 0.5092163197118048, 0.13037337847962205, 0.025912529174847487, 0.30974291966862644, -0.0008397292695072844]
E for cur_iter:  -8.784205880247592
params in def chemistry in vqe.py:  [ 5.40400865e-02  2.30382145e-17  2.85243265e-01  1.72093831e-01
  1.69010867e-01  9.53303678e-02  1.91735298e-17  1.62630326e-19
  9.75781955e-19  2.58894013e-02  8.06024100e-02  1.80439038e-02
 -2.60208521e-18  4.80184598e-02  2.05201720e-17  1.39781045e-02
  2.67259553e-03  4.85722573e-17]
[0.05404008646594919, 2.3038214511405845e-17, 0.2852432645865474, 0.17209383139172904, 0.16901086667473347, 0.09533036780018767]
[1.2047084085271635e-16, 1.0218364740259663e-18, 6.131018844155798e-18, 0.16266790608505122, 0.506439878435262, 0.11337319100126833, -1.634938358441546e-17, 0.30170888084410674, 1.289320429696703e-16]
E for cur_iter:  -8.784530676537255
params in def chemistry in vqe.py:  [ 5.73810266e-02  2.16152468e-03  2.86387108e-01  1.71291479e-01
  1.70505991e-01  9.53694698e-02  7.26745359e-03  9.59517276e-05
  1.98997865e-03  2.67185572e-02  8.08728465e-02  1.80659809e-02
  2.21915578e-03  4.83820004e-02  5.47796763e-05  1.16531316e-02
  1.06179040e-02 -2.25552473e-03]
[0.0573810265690795, 0.0021615246844624795, 0.28638710782221727, 0.17129147938201042, 0.1705059907415133, 0.09536946977007467]
[0.045662757645553054, 0.000602882484858021, 0.012503404626856429, 0.16787764619285228, 0.508139080814093, 0.11351190569516116, 0.01394336700412213, 0.30399307421545974, 0.0003441908573109282]
E for cur_iter:  -8.743406602883836
params in def chemistry in vqe.py:  [ 5.79393874e-02  3.77672998e-17  2.88109483e-01  1.69902399e-01
  1.69947513e-01  9.46792002e-02  2.67605545e-17 -2.23525270e-18
 -7.32950445e-19  2.72323602e-02  8.15129633e-02  1.66685662e-02
  2.41070913e-02  4.96059496e-02  3.05301314e-04  1.41888077e-02
  2.34187669e-17  7.11220071e-17]
[0.0579393873634039, 3.776729979136053e-17, 0.288109482766397, 0.16990239885184696, 0.16994751263236352, 0.0946792002206551]
[1.6814152258324785e-16, -1.4044506946410904e-17, -4.605263464787669e-18, 0.17110596530573022, 0.5121610532858043, 0.10473169043108618, 0.15146932171456526, 0.31168337360369447, 0.0019182647327293475]
E for cur_iter:  -8.746926061635193
params in def chemistry in vqe.py:  [ 5.67280342e-02  7.91188585e-04  2.88174019e-01  1.79782631e-01
  1.72191680e-01  9.89473755e-02 -3.69627593e-03 -1.00214907e-04
 -1.21039360e-03  2.07100059e-02  8.32472217e-02  1.90366487e-02
  2.90022371e-04  4.85903961e-02 -3.45071521e-04  1.22212465e-02
  4.23175770e-03 -1.22457483e-03]
[0.05672803419955094, 0.0007911885850870687, 0.288174018549471, 0.17978263108962136, 0.17219168028680573, 0.09894737550222749]
[-0.023224386592619085, -0.0006296688342552071, -0.007605127302487046, 0.13012480504713428, 0.5230577203873252, 0.11961079129360139, 0.0018222643024882813, 0.30530246300266817, -0.0021681483119754966]
E for cur_iter:  -8.73849501966421
params in def chemistry in vqe.py:  [ 6.15269277e-02  5.69511045e-03  2.77209252e-01  1.56814196e-01
  1.74607943e-01  8.84906882e-02 -2.68178751e-18 -2.29850861e-18
 -1.22419670e-18  2.55081340e-02  7.36983326e-02  1.31437157e-02
 -3.95377700e-19  4.93991959e-02  3.71923560e-03  1.75670065e-02
  1.04152679e-02 -1.44329600e-17]
[0.061526927721124273, 0.005695110445712731, 0.2772092521020524, 0.15681419620439413, 0.1746079434116789, 0.08849068823310073]
[-1.6850167884578738e-17, -1.4441955499566996e-17, -7.691854718773551e-18, 0.1602723325871326, 0.46306028073038374, 0.08258440112489865, -2.484231354081946e-18, 0.3103843018840584, 0.023368646448209254]
E for cur_iter:  -8.639680502653171
params in def chemistry in vqe.py:  [ 5.28270424e-02 -4.20188863e-04  2.85203308e-01  1.71811038e-01
  1.68170999e-01  9.66325886e-02  1.29372081e-03  6.69413003e-06
  3.27448178e-04  2.49743038e-02  8.01959029e-02  1.83280997e-02
 -6.07396638e-04  5.98000157e-02  2.36580977e-03  1.45723600e-02
  1.57202961e-03 -1.70862748e-03]
[0.052827042416676726, -0.0004201888629006725, 0.28520330776107555, 0.17181103754242202, 0.16817099882882092, 0.09663258861714417]
[0.008128687583492404, 4.2060459477358336e-05, 0.0020574175805879746, 0.15691817882282177, 0.5038857185938408, 0.11515884683069315, -0.0038163856320486554, 0.375734580069071, 0.014864821199084709]
E for cur_iter:  -8.782334223985005
params in def chemistry in vqe.py:  [ 5.03034223e-02 -5.29411394e-19  2.80559455e-01  1.80878277e-01
  1.60778829e-01  9.38292822e-02  1.68716336e-02 -1.97526200e-18
  5.04955436e-03  2.73844976e-02  7.88573320e-02  1.25944651e-02
 -3.80306363e-18  4.29058364e-02 -9.01347548e-19  2.19470692e-02
  1.04083409e-17  3.34853005e-18]
[0.050303422307186325, -5.2941139405481815e-19, 0.2805594551106634, 0.18087827664921685, 0.16077882933028184, 0.0938292822260142]
[0.10600760024270298, -1.2410937150208353e-17, 0.03172728578399697, 0.17206187290695701, 0.4954752299856905, 0.07913335783413453, -2.3895353526801947e-17, 0.26958532074108066, -5.663333670114446e-18]
E for cur_iter:  -8.777461708715014
params in def chemistry in vqe.py:  [ 6.04201313e-02 -8.52460964e-03  2.87421303e-01  1.73074812e-01
  1.66654778e-01  9.25944246e-02 -8.28247030e-04 -1.17868145e-04
 -3.30500658e-04  2.69062009e-02  7.79664600e-02  1.78651962e-02
 -1.11244544e-03  4.80570766e-02 -4.38489519e-05  1.54803451e-02
  3.16020439e-03 -3.40216686e-03]
[0.060420131295272766, -0.008524609642341785, 0.28742130281549017, 0.17307481195297802, 0.16665477782638988, 0.0925944245520279]
[-0.005204029568840731, -0.0007405873937904566, -0.00207659687756475, 0.16905664634804896, 0.4898777156117133, 0.11225033799479053, -0.006989700819227104, 0.3019515175314435, -0.00027551109014093816]
E for cur_iter:  -8.740050375982861
params in def chemistry in vqe.py:  [ 4.28425739e-02  3.69031217e-03  2.97907971e-01  1.74990914e-01
  1.74327199e-01  8.23109197e-02  9.77123708e-04  3.43033417e-05
  5.23337804e-04  2.81378650e-02  7.35289639e-02  2.53369147e-02
 -4.34738802e-18  4.87255090e-02  5.03069808e-18  1.56390170e-02
  1.86746847e-04  7.03530950e-04]
[0.04284257385063678, 0.003690312169480296, 0.29790797101695177, 0.1749909142070026, 0.17432719853391826, 0.08231091972442127]
[0.0061394493268247955, 0.000215534252607877, 0.003288228403174769, 0.1767954199126877, 0.4619961055074819, 0.15919653039832832, -2.7315444509029092e-17, 0.3061514024593378, 3.160880826320323e-17]
E for cur_iter:  -8.788022821521077
params in def chemistry in vqe.py:  [ 4.18319704e-02  4.76459203e-03  2.99682292e-01  1.73411245e-01
  1.71406923e-01  8.58533713e-02  6.78377863e-04 -7.75986635e-05
  7.04613784e-05  2.47665509e-02  6.67320853e-02  2.40897427e-02
  5.65079569e-04  4.93288816e-02 -8.13556167e-03  1.55286116e-02
  1.17332563e-03  4.34869922e-04]
[0.04183197041115623, 0.004764592030741295, 0.29968229172103233, 0.17341124544099795, 0.17140692341135028, 0.0858533713307432]
[0.004262373824208411, -0.000487566782642949, 0.00044272189769174096, 0.1556128288052203, 0.4192900580002432, 0.15136031753412582, 0.0035504996441477967, 0.3099425042471975, -0.051117241551680744]
E for cur_iter:  -8.790180940823173
params in def chemistry in vqe.py:  [ 3.68183342e-02  2.56474584e-04  2.89849797e-01  1.71553266e-01
  1.73709099e-01  8.48053098e-02  3.09259262e-03 -4.45200517e-18
  1.35849550e-03  3.42450592e-02  8.35391596e-02  4.37586378e-02
 -8.39578773e-18  4.99365214e-02 -2.28520531e-17  1.82417530e-02
  6.12574227e-18  2.50642415e-03]
[0.036818334228441885, 0.00025647458420893906, 0.2898497974312202, 0.17155326554716338, 0.1737090991153088, 0.08480530978157365]
[0.019431332486519553, -2.797277347646083e-17, 0.0085356789864083, 0.215168052586773, 0.5248920200818176, 0.2749436302402774, -5.275229009559451e-17, 0.3137604177287907, -1.4358368420982624e-16]
E for cur_iter:  -8.824870010317698
params in def chemistry in vqe.py:  [ 3.23505269e-02  5.02127427e-05  2.88810041e-01  1.68655690e-01
  1.71305320e-01  8.63305401e-02  2.03869318e-04 -3.83957083e-05
  6.39071756e-04  3.85832932e-02  8.52797042e-02  3.98422599e-02
 -1.65207486e-03  4.65930643e-02 -7.02316547e-04  1.14139534e-02
 -1.84253168e-03  5.36964040e-03]
[0.03235052693311305, 5.0212742733323005e-05, 0.2888100413576862, 0.16865569012745957, 0.17130531993208847, 0.08633054008014066]
[0.0012809487048064622, -0.00024124735008753797, 0.004015406264837719, 0.24242598096530915, 0.5358281844673745, 0.2503363021732235, -0.010380292475177104, 0.29275285673364076, -0.004412785010465703]
E for cur_iter:  -8.846959969357032
params in def chemistry in vqe.py:  [ 2.13527739e-02  2.30392962e-18  2.89496637e-01  1.76066110e-01
  1.67791239e-01  8.09254076e-02  8.79828811e-03  2.38670010e-05
  3.91727508e-03  4.09272032e-02  8.98512115e-02  4.11856673e-02
  3.03576608e-18  5.91111679e-02  2.27682456e-18 -1.04083409e-17
  1.45283091e-17  4.54120062e-03]
[0.021352773912311863, 2.303929616531697e-18, 0.2894966371290211, 0.17606611001318165, 0.16779123924205214, 0.08092540758863442]
[0.05528127460426722, 0.00014996079009761042, 0.024612965227361498, 0.2571532015851625, 0.5645518116616465, 0.2587771795913984, 1.9074280848484705e-17, 0.37140642146611047, 1.430571063636353e-17]
E for cur_iter:  -8.869585037421658
params in def chemistry in vqe.py:  [ 6.59592936e-03  4.37422247e-03  2.74506838e-01  1.68066583e-01
  1.72158249e-01  7.45405118e-02  6.55529140e-03  8.60117506e-06
  4.99624356e-03  4.24233230e-02  9.09272122e-02  3.86240325e-02
 -9.71445147e-18  6.31465492e-02 -4.75759763e-18  1.33579862e-03
 -1.07281366e-17  2.22704667e-03]
[0.0065959293594424016, 0.004374222467502676, 0.2745068378833202, 0.16806658319441947, 0.1721582493995645, 0.0745405118411244]
[0.04118811062271046, 5.404277675588381e-05, 0.03139232415529127, 0.2665535998950873, 0.5713125235328919, 0.24268195355623393, -6.103769871515106e-17, 0.39676147040370635, -2.9892867510838886e-17]
E for cur_iter:  -8.88680233493424
params in def chemistry in vqe.py:  [ 8.80566399e-03  2.51534904e-17  2.68746023e-01  1.66731534e-01
  1.82603710e-01  7.45687036e-02  1.34491061e-02  2.22900463e-04
  7.29215162e-03  4.12183548e-02  8.50442065e-02  4.04626837e-02
 -3.51931556e-18  6.66759479e-02  5.25371219e-18 -7.87130777e-17
 -4.63792855e-18  2.09454952e-02]
[0.008805663993267645, 2.5153490401663703e-17, 0.26874602308663603, 0.1667315338751641, 0.18260370973766285, 0.07456870361667886]
[0.08450322585339257, 0.0014005249161314433, 0.045817939922631, 0.2589825612080907, 0.5343485089203684, 0.2542345398120919, -2.211251182521875e-17, 0.4189373364201396, 3.301004722418021e-17]
E for cur_iter:  -8.869718205388251
params in def chemistry in vqe.py:  [ 7.88747889e-03  3.95547079e-03  2.74626310e-01  1.64188381e-01
  1.74175879e-01  7.35701818e-02  1.04918381e-02  6.38151195e-06
  6.24651499e-03  3.67153109e-02  9.25060999e-02  3.99624940e-02
 -1.16286501e-03  6.13029770e-02 -8.54272766e-04 -2.77026872e-03
 -6.93189350e-03 -9.38766288e-04]
[0.007887478885033126, 0.003955470793829861, 0.27462630969953095, 0.16418838126615715, 0.1741758786362973, 0.07357018175051389]
[0.06592216301350222, 4.009622209950496e-05, 0.03924801118246335, 0.23068910211944474, 0.5812329675123478, 0.25109175531205546, -0.007306496324886917, 0.38517796444547187, -0.005367554092734243]
E for cur_iter:  -8.861308176543918
params in def chemistry in vqe.py:  [ 9.96835752e-03  1.88817575e-02  2.73508464e-01  1.67781014e-01
  1.61750438e-01  6.94711088e-02  3.70327361e-03  1.37680256e-04
  3.08790622e-03  5.35259363e-02  9.48308207e-02  4.10332535e-02
 -1.42088692e-17  6.99302271e-02 -1.01368517e-18  3.80613369e-03
 -1.67492595e-17  9.96233466e-03]
[0.009968357516229459, 0.018881757534749043, 0.2735084641186488, 0.16778101380991325, 0.1617504378283609, 0.06947110879362726]
[0.023268354305516277, 0.0008650705628839675, 0.019401887014951276, 0.33631337633323466, 0.5958396192470771, 0.25781953535522684, -8.927695787853986e-17, 0.43938457554721344, -6.369171794604295e-18]
E for cur_iter:  -8.871220539500857
params in def chemistry in vqe.py:  [ 6.40159276e-03  5.39705635e-03  2.74255155e-01  1.68502405e-01
  1.71563277e-01  7.41119275e-02  7.30658199e-03  3.28799529e-05
  5.04939559e-03  4.08061796e-02  9.02643804e-02  3.96581568e-02
 -1.17073458e-02  6.30528274e-02  6.90253184e-04  1.09419188e-03
  3.47212024e-03  2.07823270e-03]
[0.0064015927629836955, 0.005397056350626507, 0.2742551548890806, 0.1685024048115214, 0.1715632766842335, 0.0741119275063201]
[0.045908608608781036, 0.0002065908372309584, 0.031726288153434964, 0.2563927883553308, 0.5671478286186677, 0.24917954800169567, -0.07355942341812627, 0.39617259846778075, 0.004336988663071494]
E for cur_iter:  -8.879851421504835
params in def chemistry in vqe.py:  [-8.32667268e-17  1.47451495e-17  2.81678034e-01  1.60816500e-01
  1.61218908e-01  8.14940356e-02  5.35344734e-03  2.10471567e-04
  6.03197477e-03  3.71538785e-02  9.10884240e-02  3.94280963e-02
  3.96304295e-03  6.26345216e-02  1.28602153e-02  5.88209051e-03
  4.21048941e-03  8.52005547e-03]
[-8.326672684688674e-17, 1.474514954580286e-17, 0.2816780335683512, 0.16081649952853222, 0.16121890772197117, 0.08149403557652818]
[0.03363670164116152, 0.0013224318564157749, 0.037900015217669385, 0.2334447036219659, 0.5723254473963976, 0.24773403519058051, 0.024900533241948027, 0.39354430560996095, 0.08080311609521978]
E for cur_iter:  -8.81160304303676
params in def chemistry in vqe.py:  [ 9.47692530e-03 -2.22601710e-03  2.74394709e-01  1.63307998e-01
  1.68885211e-01  6.91098535e-02  7.97465662e-03 -1.26514584e-05
  5.49673132e-03  4.68148239e-02  8.73411829e-02  3.84358046e-02
 -6.15111902e-04  6.45712092e-02 -2.04390601e-04  1.41929730e-03
  4.86852865e-04  1.32882622e-04]
[0.00947692530233148, -0.0022260171002206003, 0.2743947094508137, 0.16330799822446695, 0.16888521132263856, 0.06910985353069536]
[0.05010624530957034, -7.949145739833747e-05, 0.034536981474719036, 0.2941462138865784, 0.5487808370079488, 0.24149928258885472, -0.003864862063065474, 0.4057128730981934, -0.0012842240205267728]
E for cur_iter:  -8.86474193789959
params in def chemistry in vqe.py:  [ 2.77555756e-17 -2.16840434e-17  2.68337004e-01  1.86749245e-01
  1.75995076e-01  7.79595700e-02 -1.73472348e-17 -1.11012138e-17
  1.71088020e-03  4.91523978e-02  9.79528409e-02  3.89893059e-02
 -1.94519927e-17  6.35607906e-02 -1.20761291e-17  1.09432552e-03
 -2.22929339e-17  2.49392875e-03]
[2.7755575615628914e-17, -2.168404344971009e-17, 0.2683370043917227, 0.1867492452112285, 0.17599507575333306, 0.07795957003127965]
[-1.0899589056276974e-16, -6.975098348220997e-17, 0.010749777339921041, 0.3088336234496348, 0.6154558504878576, 0.24497703386004696, -1.2222047447699203e-16, 0.3993642253576904, -7.587655714574499e-17]
E for cur_iter:  -8.87759771336137
params in def chemistry in vqe.py:  [ 5.14473001e-03  5.24979209e-03  2.72786652e-01  1.69833167e-01
  1.69685830e-01  7.62561178e-02  1.50061354e-02  1.06249319e-04
  7.11896980e-03  4.52628390e-02  9.11854528e-02  3.51201438e-02
 -3.43279762e-04  5.85896548e-02 -6.32064214e-04  5.70703184e-03
 -1.20500149e-03  1.98210132e-03]
[0.0051447300084616725, 0.00524979208739856, 0.2727866519933187, 0.16983316683513278, 0.1696858303772061, 0.07625611780710694]
[0.09428632952233468, 0.0006675841615590692, 0.04472980647532419, 0.2843948051608961, 0.5729350971143382, 0.22066637176720622, -0.002156890356245472, 0.3681296581213735, -0.003971376585184061]
E for cur_iter:  -8.89825592285915
{'IIII': -5.813150775102711, 'IIIZ': 1.6350361341896458, 'IIZX': -0.01852846495476187, 'IIIX': 0.01852846495476187, 'IIXX': -0.039181655772995254, 'IIYY': -0.039181655772995254, 'IIZZ': 0.43974504331934, 'IIXZ': -0.010416847948880611, 'IIXI': 0.010416847948880611, 'IIZI': 0.26987265865536153, 'IZII': 1.6350361341896458, 'ZXII': -0.018528464954761882, 'IXII': 0.018528464954761882, 'XXII': -0.03918165577299527, 'YYII': -0.03918165577299527, 'ZZII': 0.4397450433193399, 'XZII': -0.010416847948880606, 'XIII': 0.010416847948880606, 'ZIII': 0.26987265865536153, 'IZIZ': 0.4145416937880469, 'IZZX': -0.029213980981034122, 'IZIX': 0.029213980981034122, 'IZXX': -0.034408915951545854, 'IZYY': -0.034408915951545854, 'ZXIZ': -0.029213980981034116, 'IXIZ': 0.029213980981034116, 'ZXZX': 0.003674456502142517, 'IXZX': -0.003674456502142517, 'ZXIX': -0.003674456502142517, 'IXIX': 0.003674456502142517, 'ZXXX': 0.002885891556268657, 'IXXX': -0.002885891556268657, 'ZXYY': 0.002885891556268657, 'IXYY': -0.002885891556268657, 'XXIZ': -0.034408915951545854, 'YYIZ': -0.034408915951545854, 'XXZX': 0.0028858915562686572, 'YYZX': 0.0028858915562686572, 'XXIX': -0.0028858915562686572, 'YYIX': -0.0028858915562686572, 'XXXX': 0.005378238376568471, 'YYXX': 0.005378238376568471, 'XXYY': 0.005378238376568471, 'YYYY': 0.005378238376568471, 'ZZIZ': 0.09486647602250435, 'ZZZX': 0.001813596900250395, 'ZZIX': -0.001813596900250395, 'ZZXX': -0.004272564381343604, 'ZZYY': -0.004272564381343604, 'XZIZ': 0.0028574469714709038, 'XIIZ': -0.0028574469714709038, 'XZZX': -0.0009148940971941987, 'XIZX': 0.0009148940971941987, 'XZIX': 0.0009148940971941987, 'XIIX': -0.0009148940971941987, 'XZXX': 5.845579096523825e-05, 'XIXX': -5.845579096523825e-05, 'XZYY': 5.845579096523825e-05, 'XIYY': -5.845579096523825e-05, 'ZIIZ': 0.09899076578196987, 'ZIZX': -0.0029183358549809005, 'ZIIX': 0.0029183358549809005, 'ZIXX': 0.0005001754547319403, 'ZIYY': 0.0005001754547319403, 'IZZZ': 0.09486647602250435, 'IZXZ': 0.0028574469714709038, 'IZXI': -0.0028574469714709038, 'ZXZZ': 0.0018135969002503946, 'IXZZ': -0.0018135969002503946, 'ZXXZ': -0.000914894097194199, 'IXXZ': 0.000914894097194199, 'ZXXI': 0.000914894097194199, 'IXXI': -0.000914894097194199, 'XXZZ': -0.004272564381343605, 'YYZZ': -0.004272564381343605, 'XXXZ': 5.845579096523824e-05, 'YYXZ': 5.845579096523824e-05, 'XXXI': -5.845579096523824e-05, 'YYXI': -5.845579096523824e-05, 'ZZZZ': 0.12357087224898188, 'ZZXZ': -0.011733623912080207, 'ZZXI': 0.011733623912080207, 'XZZZ': -0.011733623912080207, 'XIZZ': 0.011733623912080207, 'XZXZ': 0.0030346568302074346, 'XIXZ': -0.0030346568302074346, 'XZXI': -0.0030346568302074346, 'XIXI': 0.0030346568302074346, 'ZIZZ': 0.05665606755282229, 'ZIXZ': 0.001540670089709403, 'ZIXI': -0.001540670089709403, 'IZZI': 0.09899076578196987, 'ZXZI': -0.0029183358549809005, 'IXZI': 0.0029183358549809005, 'XXZI': 0.0005001754547319404, 'YYZI': 0.0005001754547319404, 'ZZZI': 0.05665606755282229, 'XZZI': 0.001540670089709403, 'XIZI': -0.001540670089709403, 'ZIZI': 0.08470391802239426}
The optimized loss func value: -8.89825592285915

   Return from subroutine COBYLA because the MAXFUN limit has been reached.

   NFVALS =  100   F =-8.898256E+00    MAXCV = 1.205001E-03
   X = 5.144730E-03   5.249792E-03   2.727867E-01   1.698332E-01   1.696858E-01
       7.625612E-02   1.500614E-02   1.062493E-04   7.118970E-03   4.526284E-02
       9.118545E-02   3.512014E-02  -3.432798E-04   5.858965E-02  -6.320642E-04
       5.707032E-03  -1.205001E-03   1.982101E-03
