lb in gen_LC_finance:  [0. 0. 0. 0. 0. 0. 0. 0. 0. 0. 0. 0. 0. 0. 0. 0. 0. 0. 0. 0. 0. 0. 0. 0.
 0. 0. 0. 0. 0.]
ub in gen_LC_finance:  [1. 1. 1. 1. 1. 1. 1. 1. 1. 1. 1. 1. 1. 1. 1. 1. 1. 1. 1. 1. 1. 1. 1. 1.
 1. 1. 1. 1. 1.]
<scipy.optimize._constraints.LinearConstraint object at 0x7f5cb4fbf6a0>
params in def chemistry in vqe.py:  [0. 0. 0. 0. 0. 0. 0. 0. 0. 0. 0. 0. 0. 0. 0. 0. 0. 0. 0. 0. 0. 0. 0. 0.
 0. 0. 0. 0. 0.]
[0.0, 0.0, 0.0, 0.0, 0.0, 0.0, 0.0, 0.0, 0.0, 0.0, 0.0]
[0.0, 0.0, 0.0, 0.0, 0.0, 0.0, 0.0, 0.0, 0.0, 0.0, 0.0, 0.0, 0.0, 0.0, 0.0]
E for cur_iter:  -0.020000647765700194
params in def chemistry in vqe.py:  [0.1 0.  0.  0.  0.  0.  0.  0.  0.  0.  0.  0.  0.  0.  0.  0.  0.  0.
 0.  0.  0.  0.  0.  0.  0.  0.  0.  0.  0. ]
[0.1, 0.0, 0.0, 0.0, 0.0, 0.0, 0.0, 0.0, 0.0, 0.0, 0.0]
[0.0, 0.0, 0.0, 0.0, 0.0, 0.0, 0.0, 0.0, 0.0, 0.0, 0.0, 0.0, 0.0, 0.0, 0.0]
E for cur_iter:  -1.5778388039727262
params in def chemistry in vqe.py:  [0.1 0.1 0.  0.  0.  0.  0.  0.  0.  0.  0.  0.  0.  0.  0.  0.  0.  0.
 0.  0.  0.  0.  0.  0.  0.  0.  0.  0.  0. ]
[0.1, 0.1, 0.0, 0.0, 0.0, 0.0, 0.0, 0.0, 0.0, 0.0, 0.0]
[0.0, 0.0, 0.0, 0.0, 0.0, 0.0, 0.0, 0.0, 0.0, 0.0, 0.0, 0.0, 0.0, 0.0, 0.0]
E for cur_iter:  -4.262424925529225
params in def chemistry in vqe.py:  [0.1 0.1 0.1 0.  0.  0.  0.  0.  0.  0.  0.  0.  0.  0.  0.  0.  0.  0.
 0.  0.  0.  0.  0.  0.  0.  0.  0.  0.  0. ]
[0.1, 0.1, 0.1, 0.0, 0.0, 0.0, 0.0, 0.0, 0.0, 0.0, 0.0]
[0.0, 0.0, 0.0, 0.0, 0.0, 0.0, 0.0, 0.0, 0.0, 0.0, 0.0, 0.0, 0.0, 0.0, 0.0]
E for cur_iter:  -4.340570512024487
params in def chemistry in vqe.py:  [0.1 0.1 0.1 0.1 0.  0.  0.  0.  0.  0.  0.  0.  0.  0.  0.  0.  0.  0.
 0.  0.  0.  0.  0.  0.  0.  0.  0.  0.  0. ]
[0.1, 0.1, 0.1, 0.1, 0.0, 0.0, 0.0, 0.0, 0.0, 0.0, 0.0]
[0.0, 0.0, 0.0, 0.0, 0.0, 0.0, 0.0, 0.0, 0.0, 0.0, 0.0, 0.0, 0.0, 0.0, 0.0]
E for cur_iter:  -4.437404609857639
params in def chemistry in vqe.py:  [0.1 0.1 0.1 0.1 0.1 0.  0.  0.  0.  0.  0.  0.  0.  0.  0.  0.  0.  0.
 0.  0.  0.  0.  0.  0.  0.  0.  0.  0.  0. ]
[0.1, 0.1, 0.1, 0.1, 0.1, 0.0, 0.0, 0.0, 0.0, 0.0, 0.0]
[0.0, 0.0, 0.0, 0.0, 0.0, 0.0, 0.0, 0.0, 0.0, 0.0, 0.0, 0.0, 0.0, 0.0, 0.0]
E for cur_iter:  -5.206753457815125
params in def chemistry in vqe.py:  [0.1 0.1 0.1 0.1 0.1 0.1 0.  0.  0.  0.  0.  0.  0.  0.  0.  0.  0.  0.
 0.  0.  0.  0.  0.  0.  0.  0.  0.  0.  0. ]
[0.1, 0.1, 0.1, 0.1, 0.1, 0.1, 0.0, 0.0, 0.0, 0.0, 0.0]
[0.0, 0.0, 0.0, 0.0, 0.0, 0.0, 0.0, 0.0, 0.0, 0.0, 0.0, 0.0, 0.0, 0.0, 0.0]
E for cur_iter:  -5.901899941817097
params in def chemistry in vqe.py:  [0.1 0.1 0.1 0.1 0.1 0.1 0.1 0.  0.  0.  0.  0.  0.  0.  0.  0.  0.  0.
 0.  0.  0.  0.  0.  0.  0.  0.  0.  0.  0. ]
[0.1, 0.1, 0.1, 0.1, 0.1, 0.1, 0.1, 0.0, 0.0, 0.0, 0.0]
[0.0, 0.0, 0.0, 0.0, 0.0, 0.0, 0.0, 0.0, 0.0, 0.0, 0.0, 0.0, 0.0, 0.0, 0.0]
E for cur_iter:  -5.899133458334784
params in def chemistry in vqe.py:  [0.1 0.1 0.1 0.1 0.1 0.1 0.  0.1 0.  0.  0.  0.  0.  0.  0.  0.  0.  0.
 0.  0.  0.  0.  0.  0.  0.  0.  0.  0.  0. ]
[0.1, 0.1, 0.1, 0.1, 0.1, 0.1, 0.0, 0.1, 0.0, 0.0, 0.0]
[0.0, 0.0, 0.0, 0.0, 0.0, 0.0, 0.0, 0.0, 0.0, 0.0, 0.0, 0.0, 0.0, 0.0, 0.0]
E for cur_iter:  -3.334924649196605
params in def chemistry in vqe.py:  [0.1 0.1 0.1 0.1 0.1 0.1 0.  0.  0.1 0.  0.  0.  0.  0.  0.  0.  0.  0.
 0.  0.  0.  0.  0.  0.  0.  0.  0.  0.  0. ]
[0.1, 0.1, 0.1, 0.1, 0.1, 0.1, 0.0, 0.0, 0.1, 0.0, 0.0]
[0.0, 0.0, 0.0, 0.0, 0.0, 0.0, 0.0, 0.0, 0.0, 0.0, 0.0, 0.0, 0.0, 0.0, 0.0]
E for cur_iter:  -6.231308261550258
params in def chemistry in vqe.py:  [0.1 0.1 0.1 0.1 0.1 0.1 0.  0.  0.1 0.1 0.  0.  0.  0.  0.  0.  0.  0.
 0.  0.  0.  0.  0.  0.  0.  0.  0.  0.  0. ]
[0.1, 0.1, 0.1, 0.1, 0.1, 0.1, 0.0, 0.0, 0.1, 0.1, 0.0]
[0.0, 0.0, 0.0, 0.0, 0.0, 0.0, 0.0, 0.0, 0.0, 0.0, 0.0, 0.0, 0.0, 0.0, 0.0]
E for cur_iter:  -7.4454816565382105
params in def chemistry in vqe.py:  [0.1 0.1 0.1 0.1 0.1 0.1 0.  0.  0.1 0.1 0.1 0.  0.  0.  0.  0.  0.  0.
 0.  0.  0.  0.  0.  0.  0.  0.  0.  0.  0. ]
[0.1, 0.1, 0.1, 0.1, 0.1, 0.1, 0.0, 0.0, 0.1, 0.1, 0.1]
[0.0, 0.0, 0.0, 0.0, 0.0, 0.0, 0.0, 0.0, 0.0, 0.0, 0.0, 0.0, 0.0, 0.0, 0.0]
E for cur_iter:  -7.532980842931778
params in def chemistry in vqe.py:  [0.1 0.1 0.1 0.1 0.1 0.1 0.  0.  0.1 0.1 0.1 0.1 0.  0.  0.  0.  0.  0.
 0.  0.  0.  0.  0.  0.  0.  0.  0.  0.  0. ]
[0.1, 0.1, 0.1, 0.1, 0.1, 0.1, 0.0, 0.0, 0.1, 0.1, 0.1]
[0.6283185307179586, 0.0, 0.0, 0.0, 0.0, 0.0, 0.0, 0.0, 0.0, 0.0, 0.0, 0.0, 0.0, 0.0, 0.0]
E for cur_iter:  -7.56311143765118
params in def chemistry in vqe.py:  [0.1 0.1 0.1 0.1 0.1 0.1 0.  0.  0.1 0.1 0.1 0.1 0.1 0.  0.  0.  0.  0.
 0.  0.  0.  0.  0.  0.  0.  0.  0.  0.  0. ]
[0.1, 0.1, 0.1, 0.1, 0.1, 0.1, 0.0, 0.0, 0.1, 0.1, 0.1]
[0.6283185307179586, 0.6283185307179586, 0.0, 0.0, 0.0, 0.0, 0.0, 0.0, 0.0, 0.0, 0.0, 0.0, 0.0, 0.0, 0.0]
E for cur_iter:  -8.22678534620787
params in def chemistry in vqe.py:  [0.1 0.1 0.1 0.1 0.1 0.1 0.  0.  0.1 0.1 0.1 0.1 0.1 0.1 0.  0.  0.  0.
 0.  0.  0.  0.  0.  0.  0.  0.  0.  0.  0. ]
[0.1, 0.1, 0.1, 0.1, 0.1, 0.1, 0.0, 0.0, 0.1, 0.1, 0.1]
[0.6283185307179586, 0.6283185307179586, 0.6283185307179586, 0.0, 0.0, 0.0, 0.0, 0.0, 0.0, 0.0, 0.0, 0.0, 0.0, 0.0, 0.0]
E for cur_iter:  -8.230525940615728
params in def chemistry in vqe.py:  [0.1 0.1 0.1 0.1 0.1 0.1 0.  0.  0.1 0.1 0.1 0.1 0.1 0.1 0.1 0.  0.  0.
 0.  0.  0.  0.  0.  0.  0.  0.  0.  0.  0. ]
[0.1, 0.1, 0.1, 0.1, 0.1, 0.1, 0.0, 0.0, 0.1, 0.1, 0.1]
[0.6283185307179586, 0.6283185307179586, 0.6283185307179586, 0.6283185307179586, 0.0, 0.0, 0.0, 0.0, 0.0, 0.0, 0.0, 0.0, 0.0, 0.0, 0.0]
E for cur_iter:  -8.081633144020925
params in def chemistry in vqe.py:  [0.1 0.1 0.1 0.1 0.1 0.1 0.  0.  0.1 0.1 0.1 0.1 0.1 0.1 0.  0.1 0.  0.
 0.  0.  0.  0.  0.  0.  0.  0.  0.  0.  0. ]
[0.1, 0.1, 0.1, 0.1, 0.1, 0.1, 0.0, 0.0, 0.1, 0.1, 0.1]
[0.6283185307179586, 0.6283185307179586, 0.6283185307179586, 0.0, 0.6283185307179586, 0.0, 0.0, 0.0, 0.0, 0.0, 0.0, 0.0, 0.0, 0.0, 0.0]
E for cur_iter:  -8.242765321938489
params in def chemistry in vqe.py:  [0.1 0.1 0.1 0.1 0.1 0.1 0.  0.  0.1 0.1 0.1 0.1 0.1 0.1 0.  0.1 0.1 0.
 0.  0.  0.  0.  0.  0.  0.  0.  0.  0.  0. ]
[0.1, 0.1, 0.1, 0.1, 0.1, 0.1, 0.0, 0.0, 0.1, 0.1, 0.1]
[0.6283185307179586, 0.6283185307179586, 0.6283185307179586, 0.0, 0.6283185307179586, 0.6283185307179586, 0.0, 0.0, 0.0, 0.0, 0.0, 0.0, 0.0, 0.0, 0.0]
E for cur_iter:  -8.241249932394012
params in def chemistry in vqe.py:  [0.1 0.1 0.1 0.1 0.1 0.1 0.  0.  0.1 0.1 0.1 0.1 0.1 0.1 0.  0.1 0.  0.1
 0.  0.  0.  0.  0.  0.  0.  0.  0.  0.  0. ]
[0.1, 0.1, 0.1, 0.1, 0.1, 0.1, 0.0, 0.0, 0.1, 0.1, 0.1]
[0.6283185307179586, 0.6283185307179586, 0.6283185307179586, 0.0, 0.6283185307179586, 0.0, 0.6283185307179586, 0.0, 0.0, 0.0, 0.0, 0.0, 0.0, 0.0, 0.0]
E for cur_iter:  -8.072117712715778
params in def chemistry in vqe.py:  [0.1 0.1 0.1 0.1 0.1 0.1 0.  0.  0.1 0.1 0.1 0.1 0.1 0.1 0.  0.1 0.  0.
 0.1 0.  0.  0.  0.  0.  0.  0.  0.  0.  0. ]
[0.1, 0.1, 0.1, 0.1, 0.1, 0.1, 0.0, 0.0, 0.1, 0.1, 0.1]
[0.6283185307179586, 0.6283185307179586, 0.6283185307179586, 0.0, 0.6283185307179586, 0.0, 0.0, 0.6283185307179586, 0.0, 0.0, 0.0, 0.0, 0.0, 0.0, 0.0]
E for cur_iter:  -8.249170405706886
params in def chemistry in vqe.py:  [0.1 0.1 0.1 0.1 0.1 0.1 0.  0.  0.1 0.1 0.1 0.1 0.1 0.1 0.  0.1 0.  0.
 0.1 0.1 0.  0.  0.  0.  0.  0.  0.  0.  0. ]
[0.1, 0.1, 0.1, 0.1, 0.1, 0.1, 0.0, 0.0, 0.1, 0.1, 0.1]
[0.6283185307179586, 0.6283185307179586, 0.6283185307179586, 0.0, 0.6283185307179586, 0.0, 0.0, 0.6283185307179586, 0.6283185307179586, 0.0, 0.0, 0.0, 0.0, 0.0, 0.0]
E for cur_iter:  -8.249170405706886
params in def chemistry in vqe.py:  [0.1 0.1 0.1 0.1 0.1 0.1 0.  0.  0.1 0.1 0.1 0.1 0.1 0.1 0.  0.1 0.  0.
 0.1 0.  0.1 0.  0.  0.  0.  0.  0.  0.  0. ]
[0.1, 0.1, 0.1, 0.1, 0.1, 0.1, 0.0, 0.0, 0.1, 0.1, 0.1]
[0.6283185307179586, 0.6283185307179586, 0.6283185307179586, 0.0, 0.6283185307179586, 0.0, 0.0, 0.6283185307179586, 0.0, 0.6283185307179586, 0.0, 0.0, 0.0, 0.0, 0.0]
E for cur_iter:  -8.249170405706886
params in def chemistry in vqe.py:  [0.1 0.1 0.1 0.1 0.1 0.1 0.  0.  0.1 0.1 0.1 0.1 0.1 0.1 0.  0.1 0.  0.
 0.1 0.  0.  0.1 0.  0.  0.  0.  0.  0.  0. ]
[0.1, 0.1, 0.1, 0.1, 0.1, 0.1, 0.0, 0.0, 0.1, 0.1, 0.1]
[0.6283185307179586, 0.6283185307179586, 0.6283185307179586, 0.0, 0.6283185307179586, 0.0, 0.0, 0.6283185307179586, 0.0, 0.0, 0.6283185307179586, 0.0, 0.0, 0.0, 0.0]
E for cur_iter:  -8.223335958291125
params in def chemistry in vqe.py:  [0.1 0.1 0.1 0.1 0.1 0.1 0.  0.  0.1 0.1 0.1 0.1 0.1 0.1 0.  0.1 0.  0.
 0.1 0.  0.  0.  0.1 0.  0.  0.  0.  0.  0. ]
[0.1, 0.1, 0.1, 0.1, 0.1, 0.1, 0.0, 0.0, 0.1, 0.1, 0.1]
[0.6283185307179586, 0.6283185307179586, 0.6283185307179586, 0.0, 0.6283185307179586, 0.0, 0.0, 0.6283185307179586, 0.0, 0.0, 0.0, 0.6283185307179586, 0.0, 0.0, 0.0]
E for cur_iter:  -7.976522718508084
params in def chemistry in vqe.py:  [0.1 0.1 0.1 0.1 0.1 0.1 0.  0.  0.1 0.1 0.1 0.1 0.1 0.1 0.  0.1 0.  0.
 0.1 0.  0.  0.  0.  0.1 0.  0.  0.  0.  0. ]
[0.1, 0.1, 0.1, 0.1, 0.1, 0.1, 0.0, 0.0, 0.1, 0.1, 0.1]
[0.6283185307179586, 0.6283185307179586, 0.6283185307179586, 0.0, 0.6283185307179586, 0.0, 0.0, 0.6283185307179586, 0.0, 0.0, 0.0, 0.0, 0.6283185307179586, 0.0, 0.0]
E for cur_iter:  -8.287843408467966
params in def chemistry in vqe.py:  [0.1 0.1 0.1 0.1 0.1 0.1 0.  0.  0.1 0.1 0.1 0.1 0.1 0.1 0.  0.1 0.  0.
 0.1 0.  0.  0.  0.  0.1 0.1 0.  0.  0.  0. ]
[0.1, 0.1, 0.1, 0.1, 0.1, 0.1, 0.0, 0.0, 0.1, 0.1, 0.1]
[0.6283185307179586, 0.6283185307179586, 0.6283185307179586, 0.0, 0.6283185307179586, 0.0, 0.0, 0.6283185307179586, 0.0, 0.0, 0.0, 0.0, 0.6283185307179586, 0.6283185307179586, 0.0]
E for cur_iter:  -8.233488309243851
params in def chemistry in vqe.py:  [0.1 0.1 0.1 0.1 0.1 0.1 0.  0.  0.1 0.1 0.1 0.1 0.1 0.1 0.  0.1 0.  0.
 0.1 0.  0.  0.  0.  0.1 0.  0.1 0.  0.  0. ]
[0.1, 0.1, 0.1, 0.1, 0.1, 0.1, 0.0, 0.0, 0.1, 0.1, 0.1]
[0.6283185307179586, 0.6283185307179586, 0.6283185307179586, 0.0, 0.6283185307179586, 0.0, 0.0, 0.6283185307179586, 0.0, 0.0, 0.0, 0.0, 0.6283185307179586, 0.0, 0.6283185307179586]
E for cur_iter:  -7.979155602220697
params in def chemistry in vqe.py:  [0.1 0.1 0.1 0.1 0.1 0.1 0.  0.  0.1 0.1 0.1 0.1 0.1 0.1 0.  0.1 0.  0.
 0.1 0.  0.  0.  0.  0.1 0.  0.  0.1 0.  0. ]
[0.1, 0.1, 0.1, 0.1, 0.1, 0.1, 0.0, 0.0, 0.1, 0.1, 0.1]
[0.6283185307179586, 0.6283185307179586, 0.6283185307179586, 0.0, 0.6283185307179586, 0.0, 0.0, 0.6283185307179586, 0.0, 0.0, 0.0, 0.0, 0.6283185307179586, 0.0, 0.0]
E for cur_iter:  -8.287843408467966
params in def chemistry in vqe.py:  [0.1 0.1 0.1 0.1 0.1 0.1 0.  0.  0.1 0.1 0.1 0.1 0.1 0.1 0.  0.1 0.  0.
 0.1 0.  0.  0.  0.  0.1 0.  0.  0.  0.1 0. ]
[0.1, 0.1, 0.1, 0.1, 0.1, 0.1, 0.0, 0.0, 0.1, 0.1, 0.1]
[0.6283185307179586, 0.6283185307179586, 0.6283185307179586, 0.0, 0.6283185307179586, 0.0, 0.0, 0.6283185307179586, 0.0, 0.0, 0.0, 0.0, 0.6283185307179586, 0.0, 0.0]
E for cur_iter:  -8.287843408467966
params in def chemistry in vqe.py:  [0.1 0.1 0.1 0.1 0.1 0.1 0.  0.  0.1 0.1 0.1 0.1 0.1 0.1 0.  0.1 0.  0.
 0.1 0.  0.  0.  0.  0.1 0.  0.  0.  0.  0.1]
[0.1, 0.1, 0.1, 0.1, 0.1, 0.1, 0.0, 0.0, 0.1, 0.1, 0.1]
[0.6283185307179586, 0.6283185307179586, 0.6283185307179586, 0.0, 0.6283185307179586, 0.0, 0.0, 0.6283185307179586, 0.0, 0.0, 0.0, 0.0, 0.6283185307179586, 0.0, 0.0]
E for cur_iter:  -8.287843408467966
params in def chemistry in vqe.py:  [ 1.43614640e-01  1.75160090e-01  1.02187834e-01  1.02711055e-01
  1.21539383e-01  1.19461947e-01 -9.17330533e-21 -2.17159937e-17
  1.09222412e-01  1.33993092e-01  1.02449706e-01  1.00843563e-01
  1.18580812e-01  1.00104725e-01  2.10720892e-18  1.00342665e-01
  2.05796918e-20 -2.58299915e-18  1.00179322e-01  0.00000000e+00
  0.00000000e+00  3.14868306e-20 -4.91686291e-19  1.01082724e-01
 -3.73442127e-19 -1.38777878e-18  0.00000000e+00  0.00000000e+00
  0.00000000e+00]
[0.14361463961820797, 0.1751600901218196, 0.10218783419777235, 0.10271105458735853, 0.12153938302939477, 0.11946194684011917, -9.173305334229023e-21, -2.171599365396792e-17, 0.1092224119014915, 0.13399309154511307, 0.10244970600202369]
[0.6336187949850195, 0.7450652174416172, 0.6289765376063777, 1.3239984145627301e-17, 0.6304715567727078, 1.2930601735304323e-19, -1.6229462300587773e-17, 0.6294452471648566, 0.0, 0.0, 1.9783759154217134e-19, -3.0893560791755464e-18, 0.6351214875312372, -2.3464060875815266e-18, -8.719671245021576e-18]
E for cur_iter:  -4.132251592254759
params in def chemistry in vqe.py:  [0.05675388 0.12509528 0.1        0.1        0.1        0.1
 0.         0.         0.1        0.1        0.1        0.1
 0.1        0.1        0.         0.1        0.         0.
 0.1        0.         0.         0.         0.         0.1
 0.         0.         0.         0.         0.        ]
[0.05675388226595771, 0.12509528443619147, 0.1, 0.1, 0.1, 0.1, 0.0, 0.0, 0.1, 0.1, 0.1]
[0.6283185307179586, 0.6283185307179586, 0.6283185307179586, 0.0, 0.6283185307179586, 0.0, 0.0, 0.6283185307179586, 0.0, 0.0, 0.0, 0.0, 0.6283185307179586, 0.0, 0.0]
E for cur_iter:  -7.983703700458309
params in def chemistry in vqe.py:  [ 6.08868269e-02  1.26737259e-02  1.01284660e-01  1.01591886e-01
  1.12647567e-01  1.11427731e-01 -5.05149553e-21 -1.08678429e-17
  1.05415247e-01  1.19960177e-01  1.01438427e-01  1.00495326e-01
  1.10910343e-01  1.00061493e-01  1.64358777e-18  1.00201207e-01
  9.29544202e-21 -2.25911066e-18  1.00105295e-01  0.00000000e+00
  0.00000000e+00  5.81629233e-21 -1.55078841e-18  1.00635758e-01
 -4.22641318e-19 -2.77555756e-18  0.00000000e+00  0.00000000e+00
  0.00000000e+00]
[0.06088682687441582, 0.012673725913671913, 0.10128465978535371, 0.10159188607976984, 0.11264756680710444, 0.1114277308927933, -5.0514955273137344e-21, -1.0867842887127812e-17, 0.10541524659678361, 0.1199601769331141, 0.10143842654527649]
[0.6314307575780074, 0.6968702398282198, 0.6287049013985607, 1.0326966543750222e-17, 0.6295827517417325, 5.840498474632785e-20, -1.419441089995859e-17, 0.628980119841257, 0.0, 0.0, 3.6544842496705776e-20, -9.743890951920448e-18, 0.6323131136019887, -2.6555337187490125e-18, -1.743934249004315e-17]
E for cur_iter:  -7.493322610759069
params in def chemistry in vqe.py:  [0.1        0.1        0.14961445 0.1        0.1        0.1
 0.         0.         0.10438212 0.09561788 0.1        0.1
 0.1        0.1        0.         0.1        0.         0.
 0.1        0.         0.         0.         0.         0.1
 0.         0.         0.         0.         0.        ]
[0.1, 0.1, 0.1496144532669536, 0.1, 0.1, 0.1, 0.0, 0.0, 0.10438212431483164, 0.09561787568516837, 0.1]
[0.6283185307179586, 0.6283185307179586, 0.6283185307179586, 0.0, 0.6283185307179586, 0.0, 0.0, 0.6283185307179586, 0.0, 0.0, 0.0, 0.0, 0.6283185307179586, 0.0, 0.0]
E for cur_iter:  -8.309318440946075
params in def chemistry in vqe.py:  [ 9.99205289e-02  9.45063330e-02  1.37460156e-01  1.00428002e-01
  1.03400486e-01  1.03072515e-01  1.34632208e-21 -4.26542778e-25
  1.77681959e-01  2.91405991e-02  1.00386742e-01  1.00133176e-01
  1.02933407e-01  1.00016533e-01 -5.97943069e-20  1.00054097e-01
  2.30644281e-21 -2.76996385e-20  1.00028310e-01  0.00000000e+00
  0.00000000e+00 -6.14359956e-20 -6.78237804e-20  1.00170933e-01
 -2.97274359e-20 -5.20417043e-19  0.00000000e+00  0.00000000e+00
  0.00000000e+00]
[0.09992052887321728, 0.0945063330224776, 0.13746015594344177, 0.1004280021491521, 0.10340048565269702, 0.10307251470077214, 1.346322081934504e-21, -4.265427782099851e-25, 0.17768195936890147, 0.029140599069458192, 0.10038674228049332]
[0.629155299002874, 0.646749672996358, 0.628422412197776, -3.7569871046004843e-19, 0.6286584352639275, 1.4491807599838144e-20, -1.7404196150073726e-19, 0.6284964087522137, 0.0, 0.0, -3.860137446423453e-19, -4.2614938060796813e-19, 0.6293925334880427, -1.8678298843652723e-19, -3.2698767168830927e-18]
E for cur_iter:  -8.16545335941676
params in def chemistry in vqe.py:  [0.1        0.1        0.14961445 0.14960859 0.09375601 0.1
 0.         0.         0.10438212 0.09561788 0.1        0.1
 0.1        0.1        0.         0.1        0.         0.
 0.1        0.         0.         0.         0.         0.1
 0.         0.         0.         0.         0.        ]
[0.1, 0.1, 0.1496144532669536, 0.14960859439715557, 0.09375601393831584, 0.1, 0.0, 0.0, 0.10438212431483164, 0.09561787568516837, 0.1]
[0.6283185307179586, 0.6283185307179586, 0.6283185307179586, 0.0, 0.6283185307179586, 0.0, 0.0, 0.6283185307179586, 0.0, 0.0, 0.0, 0.0, 0.6283185307179586, 0.0, 0.0]
E for cur_iter:  -8.399560769780857
params in def chemistry in vqe.py:  [ 9.97744153e-02  8.44058162e-02  1.49700896e-01  1.24735580e-01
  0.00000000e+00  1.08721562e-01  2.64441300e-21  3.17077795e-18
  1.16650180e-01  1.02716161e-01  1.01097797e-01  1.00378029e-01
  1.08326696e-01  1.00046931e-01  6.00360350e-19  1.00153560e-01
  3.91945693e-21 -4.11785679e-19  1.00080361e-01  0.00000000e+00
  0.00000000e+00  1.81140332e-20  2.72346384e-19  1.00485206e-01
 -2.11399295e-19 -1.25421682e-18  0.00000000e+00  0.00000000e+00
  0.00000000e+00]
[0.09977441527472221, 0.08440581622454725, 0.1497008955405104, 0.1247355803504, 0.0, 0.1087215623176033, 2.6444129989491786e-21, 3.170777949671548e-18, 0.1166501801294833, 0.1027161612490267, 0.10109779683050073]
[0.6306937599529725, 0.6806367038174318, 0.6286134060523692, 3.772175327971647e-18, 0.6292833751429373, 2.4626674221694993e-20, -2.587325726100631e-18, 0.6288234507954111, 0.0, 0.0, 1.1381382751768393e-19, 1.7112027952799908e-18, 0.6313671677468434, -1.3282609424433832e-18, -7.880476724565102e-18]
E for cur_iter:  -7.1729593980341875
params in def chemistry in vqe.py:  [ 0.1         0.1         0.14961445  0.14960859  0.09375601  0.1
 -0.05        0.          0.10438212  0.09561788  0.1         0.1
  0.1         0.1         0.          0.1         0.          0.
  0.1         0.          0.          0.          0.          0.1
  0.          0.          0.          0.          0.        ]
[0.1, 0.1, 0.1496144532669536, 0.14960859439715557, 0.09375601393831584, 0.1, -0.05000000000000001, 0.0, 0.10438212431483164, 0.09561787568516837, 0.1]
[0.6283185307179586, 0.6283185307179586, 0.6283185307179586, 0.0, 0.6283185307179586, 0.0, 0.0, 0.6283185307179586, 0.0, 0.0, 0.0, 0.0, 0.6283185307179586, 0.0, 0.0]
E for cur_iter:  -8.407042227069068
params in def chemistry in vqe.py:  [ 9.99166926e-02  9.42411409e-02  1.49646376e-01  1.50433047e-01
  9.36099273e-02  1.38080446e-02  0.00000000e+00  2.40292486e-18
  1.08912660e-01  9.82392393e-02  1.00405411e-01  1.00139605e-01
  1.03075010e-01  1.00017331e-01  2.27042937e-19  1.00056709e-01
 -4.64370813e-22 -3.03982337e-19  1.00029677e-01  0.00000000e+00
  0.00000000e+00  4.62216787e-22 -2.99083775e-20  1.00179184e-01
 -4.82592863e-20 -6.00925839e-19  0.00000000e+00  0.00000000e+00
  0.00000000e+00]
[0.0999166926165109, 0.0942411409000259, 0.14964637599409744, 0.1504330471915447, 0.09360992727229647, 0.013808044565176258, 0.0, 2.40292485722896e-18, 0.10891265992249897, 0.09823923932960532, 0.10040541123269328]
[0.6291956917602772, 0.6476393872364123, 0.6284274267991758, 1.426552843383704e-18, 0.6286748432494035, -2.917727869335262e-21, -1.9099773561154972e-18, 0.62850499533994, 0.0, 0.0, 2.9041937232593185e-21, -1.8791987808558762e-19, 0.6294443781075442, -3.0322203856075056e-19, -3.7757284054186865e-18]
E for cur_iter:  -8.256480391386049
params in def chemistry in vqe.py:  [ 0.1         0.1         0.14961445  0.14960859  0.09375601  0.1
 -0.05       -0.05        0.10438212  0.09561788  0.1         0.1
  0.1         0.1         0.          0.1         0.          0.
  0.1         0.          0.          0.          0.          0.1
  0.          0.          0.          0.          0.        ]
[0.1, 0.1, 0.1496144532669536, 0.14960859439715557, 0.09375601393831584, 0.1, -0.05000000000000001, -0.05, 0.10438212431483163, 0.09561787568516836, 0.1]
[0.6283185307179586, 0.6283185307179586, 0.6283185307179586, 0.0, 0.6283185307179586, 0.0, 0.0, 0.6283185307179586, 0.0, 0.0, 0.0, 0.0, 0.6283185307179586, 0.0, 0.0]
E for cur_iter:  -8.518417322581294
params in def chemistry in vqe.py:  [ 9.98805727e-02  9.17442521e-02  1.49660217e-01  1.50790508e-01
  9.35465880e-02  9.77494292e-02 -6.93889390e-18  6.93889390e-18
  5.62445865e-02  4.47433995e-02  1.00581187e-01  1.00200133e-01
  1.04408253e-01  1.00024846e-01  3.90348001e-19  1.00081296e-01
 -6.36276303e-21  2.15575653e-19  1.00042544e-01  0.00000000e+00
  0.00000000e+00  4.23442559e-21 -6.31070687e-19  1.00256874e-01
  1.73820637e-20 -7.35980840e-19  0.00000000e+00  0.00000000e+00
  0.00000000e+00]
[0.09988057274183647, 0.09174425214602937, 0.14966021684295633, 0.1507905080834982, 0.09354658796373547, 0.09774942923633219, -6.938893903907228e-18, 6.938893903907228e-18, 0.056244586464960666, 0.04474339948263457, 0.10058118680387547]
[0.6295760055522953, 0.6560163988147516, 0.6284746412553425, 2.4526288232037746e-18, 0.6288293309243452, -3.997841920329056e-20, 1.3545017734832008e-18, 0.628585841460597, 0.0, 0.0, 2.660568064008623e-20, -3.965134069867706e-18, 0.6299325157120542, 1.0921472693646471e-19, -4.624304000304078e-18]
E for cur_iter:  -8.524601674534134
params in def chemistry in vqe.py:  [ 9.98805727e-02  9.17442521e-02  1.49660217e-01  1.50790508e-01
  9.35465880e-02  9.77494292e-02 -6.95905720e-18  5.73497278e-18
  5.62445865e-02  4.47433995e-02  1.49653905e-01  1.06977607e-01
  9.76307792e-02  1.00024846e-01  3.90348001e-19  1.00081296e-01
 -6.36276303e-21  2.15575653e-19  1.00042544e-01  0.00000000e+00
  0.00000000e+00  4.23442559e-21 -6.31070687e-19  1.00256874e-01
  1.73820637e-20 -7.35980840e-19  0.00000000e+00  0.00000000e+00
  0.00000000e+00]
[0.09988057274183647, 0.09174425214602937, 0.14966021684295633, 0.1507905080834982, 0.09354658796373545, 0.09774942923633219, -6.959057201668474e-18, 5.734972783163998e-18, 0.056244586464960666, 0.04474339948263457, 0.14965390538495282]
[0.6721601267664261, 0.6134322776006208, 0.6284746412553425, 2.4526288232037746e-18, 0.6288293309243452, -3.997841920329056e-20, 1.3545017734832008e-18, 0.628585841460597, 0.0, 0.0, 2.660568064008623e-20, -3.965134069867706e-18, 0.6299325157120542, 1.0921472693646471e-19, -4.624304000304078e-18]
E for cur_iter:  -8.52267917466223
params in def chemistry in vqe.py:  [ 9.98007316e-02  8.62250044e-02  1.49690811e-01  1.51580658e-01
  9.34065796e-02  9.62448463e-02 -7.60408183e-17 -7.30319235e-17
  5.41472191e-02  4.08162958e-02  8.14504914e-02  1.70936081e-01
  3.67531678e-02  1.00041456e-01 -6.69092995e-18  1.00135646e-01
 -6.93753865e-18 -6.77770804e-18  1.00070986e-01  0.00000000e+00
  0.00000000e+00 -6.91719695e-18 -7.34629376e-18  1.00428602e-01
 -6.86771609e-18 -7.29136148e-18  0.00000000e+00  0.00000000e+00
  0.00000000e+00]
[0.09980073156423497, 0.08622500435638773, 0.14969081134755688, 0.15158065751832575, 0.09340657958802662, 0.09624484625578104, -7.604081832221823e-17, -7.303192350208393e-17, 0.05414721905756738, 0.04081629584534245, 0.08145049142291974]
[1.0740230707099536, 0.23092696367411164, 0.6285790064507961, -4.20403527279399e-17, 0.6291708182081038, -4.3589840921157675e-17, -4.258559555174953e-17, 0.6287645477694076, 0.0, 0.0, -4.346203023717223e-17, -4.6158125043544795e-17, 0.6310115194884224, -4.315113281646309e-17, -4.5812975347158184e-17]
E for cur_iter:  -7.146390036219954
params in def chemistry in vqe.py:  [ 9.98805727e-02  9.17442521e-02  1.49660217e-01  1.50790508e-01
  9.35465880e-02  9.77494292e-02 -6.95921609e-18 -3.63784581e-18
  5.62445865e-02  4.47433995e-02  1.00581187e-01  9.99305700e-02
  1.04138689e-01  1.50023392e-01  3.90348001e-19  1.00081296e-01
 -6.36276303e-21  2.15575653e-19  1.00042544e-01  0.00000000e+00
  0.00000000e+00  4.23442559e-21 -6.31070687e-19  1.00256874e-01
  1.73820637e-20 -7.35980840e-19  0.00000000e+00  0.00000000e+00
  0.00000000e+00]
[0.09988057274183647, 0.09174425214602937, 0.14966021684295633, 0.1507905080834982, 0.09354658796373545, 0.09774942923633217, -6.959216091879655e-18, -3.637845812154461e-18, 0.05624458646496065, 0.04474339948263457, 0.10058118680387547]
[0.6278822889091779, 0.654322682171634, 0.9426247752020898, 2.4526288232037746e-18, 0.6288293309243452, -3.997841920329056e-20, 1.3545017734832008e-18, 0.628585841460597, 0.0, 0.0, 2.660568064008623e-20, -3.965134069867706e-18, 0.6299325157120542, 1.0921472693646471e-19, -4.624304000304078e-18]
E for cur_iter:  -8.54460220782237
params in def chemistry in vqe.py:  [ 9.97967576e-02  8.59502895e-02  1.49692334e-01  1.51619986e-01
  9.33996108e-02  9.61699572e-02 -7.65648679e-17 -7.32536475e-17
  5.40428248e-02  4.06208284e-02  1.01489071e-01  2.61585534e-02
  3.70724925e-02  1.49450547e-01 -7.06006856e-18  1.00138351e-01
 -6.95786084e-18 -7.00142644e-18  1.00072401e-01  0.00000000e+00
  0.00000000e+00 -6.91584115e-18 -6.37718399e-18  1.00437150e-01
 -7.04334812e-18 -5.85737945e-18  0.00000000e+00  0.00000000e+00
  0.00000000e+00]
[0.09979675755277194, 0.08595028954578256, 0.14969233415716013, 0.15161998638352833, 0.09339961081694007, 0.0961699572049003, -7.656486792325684e-17, -7.325364750575679e-17, 0.054042824779207035, 0.04062082835175205, 0.10148907069735476]
[0.16435903849144962, 0.2329333400425411, 0.9390254783597939, -4.435971905387557e-17, 0.6291878153820045, -4.371752899403577e-17, -4.3991259709005675e-17, 0.6287734426898116, 0.0, 0.0, -4.345351150312996e-17, -4.0069028726576186e-17, 0.6310652257776423, -4.425466141235967e-17, -3.6803000509872386e-17]
E for cur_iter:  -7.464397861232914
params in def chemistry in vqe.py:  [ 9.98805727e-02  9.17442521e-02  1.49660217e-01  1.50790508e-01
  9.35465880e-02  9.77494292e-02 -6.95921609e-18 -3.63784581e-18
  5.62445865e-02  4.47433995e-02  1.00581187e-01  9.99305700e-02
  1.04138689e-01  1.50023392e-01 -5.00000000e-02  1.00081296e-01
 -6.36276303e-21  2.15575653e-19  1.00042544e-01  0.00000000e+00
  0.00000000e+00  4.23442559e-21 -6.31070687e-19  1.00256874e-01
  1.73820637e-20 -7.35980840e-19  0.00000000e+00  0.00000000e+00
  0.00000000e+00]
[0.09988057274183647, 0.09174425214602937, 0.14966021684295633, 0.1507905080834982, 0.09354658796373545, 0.09774942923633217, -6.959216091879655e-18, -3.637845812154462e-18, 0.05624458646496065, 0.04474339948263457, 0.10058118680387547]
[0.6278822889091779, 0.654322682171634, 0.9426247752020898, -0.31415926535897937, 0.6288293309243452, -3.997841920329056e-20, 1.3545017734832008e-18, 0.628585841460597, 0.0, 0.0, 2.660568064008623e-20, -3.965134069867706e-18, 0.6299325157120542, 1.0921472693646471e-19, -4.624304000304078e-18]
E for cur_iter:  -8.468326625961813
params in def chemistry in vqe.py:  [ 1.44571027e-01  1.22339875e-01  1.52200448e-01  1.63651782e-01
  1.40374590e-01  1.03971354e-01 -1.18644276e-17 -1.24020965e-17
  4.65840290e-02  4.50736284e-02  1.10457323e-01  9.36093679e-02
  1.70412709e-01  1.51878745e-01  5.84284850e-03  1.00550076e-01
 -6.98090014e-18 -9.66560454e-18  1.00287864e-01  0.00000000e+00
  0.00000000e+00 -7.13257590e-18 -4.63267230e-18  1.01738085e-01
 -8.04637596e-18 -7.97341190e-18  0.00000000e+00  0.00000000e+00
  0.00000000e+00]
[0.14457102678507772, 0.12233987496074346, 0.15220044836077606, 0.16365178218042034, 0.14037459002594646, 0.10397135422822533, -1.1864427634986562e-17, -1.2402096460892073e-17, 0.04658402900721183, 0.04507362837196143, 0.1104573226387661]
[0.5881650049015734, 1.0707346293437778, 0.9542823011954628, 0.036711699853496024, 0.6317747590846648, -4.386228916118943e-17, -6.073078441415267e-17, 0.6301272358826794, 0.0, 0.0, -4.4815296092422405e-17, -2.91079384976592e-17, 0.6392392403227802, -5.0556871229548163e-17, -5.0098424490421207e-17]
E for cur_iter:  -6.05874708795555
params in def chemistry in vqe.py:  [ 7.84066812e-02  5.02762765e-02  1.50303382e-01  1.53086583e-01
  1.06467281e-01  1.01712501e-01 -1.13752810e-17 -1.09528041e-17
  5.67932794e-02  5.07695554e-02  1.01954195e-01  9.94687190e-02
  1.13722636e-01  1.50219867e-01  5.61713242e-04  1.00126363e-01
 -6.96057134e-18 -7.12549466e-18  1.00066128e-01  0.00000000e+00
  0.00000000e+00 -7.00258266e-18 -6.78289396e-18  1.00399273e-01
 -6.91602516e-18 -7.25217353e-18  0.00000000e+00  0.00000000e+00
  0.00000000e+00]
[0.07840668116409207, 0.050276276545970805, 0.15030338245753805, 0.15308658257743354, 0.10646728115072615, 0.10171250093675233, -1.137528096000935e-17, -1.0952804148035604e-17, 0.056793279392612715, 0.05076955542063434, 0.10195419491381225]
[0.6249803936407895, 0.7145403986442312, 0.9438592609307089, 0.0035293483859116705, 0.6291124952061663, -4.3734559601936204e-17, -4.477080338107449e-17, 0.628734026315489, 0.0, 0.0, -4.399852446791924e-17, -4.2618179641997564e-17, 0.6308272352051333, -4.34546676605405e-17, -4.556675017749642e-17]
E for cur_iter:  -8.595423340766803
params in def chemistry in vqe.py:  [ 7.83902603e-02  5.02479788e-02  1.50304597e-01  1.53056830e-01
  1.06230893e-01  1.01733481e-01 -1.13855752e-17 -1.62624282e-17
  5.68096964e-02  5.07997241e-02  1.01956836e-01  9.94696283e-02
  1.13742666e-01  1.50219980e-01  5.61713242e-04  1.25125166e-01
 -6.96057134e-18 -7.12549466e-18  1.00066128e-01  0.00000000e+00
  0.00000000e+00 -7.00258266e-18 -6.78289396e-18  1.00399273e-01
 -6.91602516e-18 -7.25217353e-18  0.00000000e+00  0.00000000e+00
  0.00000000e+00]
[0.07839026026632792, 0.0502479787962556, 0.15030459704848154, 0.15305682953601973, 0.10623089264040618, 0.10173348061639918, -1.1385575213803352e-17, -1.6262428152761203e-17, 0.05680969641183145, 0.05079972405009379, 0.10195683565924094]
[0.6249861072442271, 0.7146662497786227, 0.9438599702520241, 0.0035293483859116705, 0.786184604788168, -4.3734559601936204e-17, -4.477080338107449e-17, 0.628734026315489, 0.0, 0.0, -4.399852446791924e-17, -4.2618179641997564e-17, 0.6308272352051333, -4.34546676605405e-17, -4.556675017749642e-17]
E for cur_iter:  -8.596907490093804
params in def chemistry in vqe.py:  [ 7.67692692e-02  3.90492105e-02  1.50666096e-01  1.48467590e-01
  5.97457067e-02  1.04196387e-01 -2.05558999e-17 -1.52969148e-17
  5.71014641e-02  5.17856034e-02  1.03913383e-01  9.83829162e-02
  1.27019190e-01  1.50563134e-01  1.61972486e-03  1.24693302e-01
 -1.62624282e-17 -1.62373164e-17  1.00110550e-01  0.00000000e+00
  0.00000000e+00 -1.63925426e-17 -1.72992963e-17  1.00667488e-01
 -1.62053550e-17 -1.55724509e-17  0.00000000e+00  0.00000000e+00
  0.00000000e+00]
[0.07676926919730573, 0.03904921053656598, 0.15066609643177378, 0.14846759048496272, 0.05974570666268551, 0.10419638670314352, -2.05558999255664e-17, -1.5296914828219277e-17, 0.05710146413252396, 0.05178560344634517, 0.1039133832485853]
[0.6181580935582182, 0.7980851099347486, 0.946016070921551, 0.01017703146729918, 0.7834711221667392, -1.0217984962849288e-16, -1.0202206807906862e-16, 0.6290131390142285, 0.0, 0.0, -1.0299738258688033e-16, -1.0869468430546967e-16, 0.632512478764673, -1.018212481608316e-16, -9.784459491265457e-17]
E for cur_iter:  -7.84290653893278
params in def chemistry in vqe.py:  [ 7.83902603e-02  5.02479788e-02  1.50304597e-01  1.53056830e-01
  1.06230893e-01  1.01733481e-01 -1.13855752e-17 -1.62624282e-17
  5.68096964e-02  5.07997241e-02  1.01956836e-01  9.94696283e-02
  1.13742666e-01  1.50219980e-01  5.61713242e-04  1.25125166e-01
 -2.50000000e-02 -7.12549466e-18  1.00066128e-01  0.00000000e+00
  0.00000000e+00 -7.00258266e-18 -6.78289396e-18  1.00399273e-01
 -6.91602516e-18 -7.25217353e-18  0.00000000e+00  0.00000000e+00
  0.00000000e+00]
[0.07839026026632791, 0.050247978796255616, 0.15030459704848154, 0.15305682953601973, 0.10623089264040618, 0.10173348061639918, -1.1385575213803352e-17, -1.6262428152761203e-17, 0.05680969641183145, 0.05079972405009379, 0.10195683565924094]
[0.6249861072442271, 0.7146662497786227, 0.9438599702520241, 0.0035293483859116705, 0.786184604788168, -0.15707963267948974, -4.477080338107449e-17, 0.628734026315489, 0.0, 0.0, -4.399852446791924e-17, -4.2618179641997564e-17, 0.6308272352051333, -4.34546676605405e-17, -4.556675017749642e-17]
E for cur_iter:  -8.61343502133376
params in def chemistry in vqe.py:  [ 4.05198163e-02  7.06075529e-02  1.50344894e-01  1.53819009e-01
  1.08176333e-01  1.00879047e-01 -1.51621580e-17 -1.38762560e-17
  5.54704590e-02  4.85230848e-02  1.02524436e-01  9.89432228e-02
  1.17406678e-01  1.50350655e-01  9.95542473e-04  1.25160888e-01
 -2.77555756e-17 -6.91260754e-18  1.00084343e-01  0.00000000e+00
  0.00000000e+00 -6.97586112e-18 -6.81644211e-18  1.00509252e-01
 -6.91168597e-18 -7.55263645e-18  0.00000000e+00  0.00000000e+00
  0.00000000e+00]
[0.04051981631696986, 0.07060755291880122, 0.15034489413786775, 0.15381900923413627, 0.10817633254959469, 0.10087904702154847, -1.5162158043189564e-17, -1.387625600245395e-17, 0.05547045899554281, 0.048523084826141503, 0.10252443641383212]
[0.6216786036366777, 0.737687911064249, 0.9446810293403416, 0.006255177838926324, 0.7864090530398221, -1.743934249004316e-16, -4.3433194136517354e-17, 0.6288484742525552, 0.0, 0.0, -4.383062808481027e-17, -4.2828968917843394e-17, 0.6315182558921691, -4.342740373119227e-17, -4.745461438020577e-17]
E for cur_iter:  -8.547551295591225
params in def chemistry in vqe.py:  [ 7.83902603e-02  5.02479788e-02  1.50304597e-01  1.53056830e-01
  1.06230893e-01  1.01733481e-01 -1.13855752e-17 -1.62624282e-17
  5.68096964e-02  5.07997241e-02  1.01956836e-01  9.94696283e-02
  1.13742666e-01  1.50219980e-01  5.61713242e-04  1.25125166e-01
 -2.50000000e-02 -2.50000000e-02  1.00066128e-01  0.00000000e+00
  0.00000000e+00 -7.00258266e-18 -6.78289396e-18  1.00399273e-01
 -6.91602516e-18 -7.25217353e-18  0.00000000e+00  0.00000000e+00
  0.00000000e+00]
[0.07839026026632791, 0.050247978796255616, 0.15030459704848154, 0.15305682953601973, 0.10623089264040618, 0.10173348061639918, -1.1385575213803352e-17, -1.6262428152761203e-17, 0.05680969641183145, 0.05079972405009379, 0.10195683565924094]
[0.6249861072442272, 0.7146662497786227, 0.9438599702520241, 0.0035293483859116705, 0.786184604788168, -0.15707963267948974, -0.15707963267948974, 0.628734026315489, 0.0, 0.0, -4.399852446791924e-17, -4.2618179641997564e-17, 0.6308272352051333, -4.34546676605405e-17, -4.556675017749642e-17]
E for cur_iter:  -8.600929564383497
params in def chemistry in vqe.py:  [ 7.48228071e-02  4.64175099e-02  1.50715397e-01  1.55087904e-01
  1.11340978e-01  1.02260292e-01 -1.33822287e-17 -1.26726615e-17
  5.46331529e-02  4.95352917e-02  9.38728082e-02  1.33269756e-01
  8.92263113e-02  1.50575234e-01  1.72562005e-03  1.25236280e-01
 -3.46944695e-18  3.81647339e-04  1.00114997e-01  0.00000000e+00
  0.00000000e+00 -7.09035778e-18 -7.59078080e-18  1.00694333e-01
 -6.72308787e-18 -7.85309937e-18  0.00000000e+00  0.00000000e+00
  0.00000000e+00]
[0.07482280705473358, 0.04641750986387817, 0.15071539689533722, 0.15508790374576234, 0.11134097848212846, 0.10226029173253115, -1.3382228670768142e-17, -1.2672661513106238e-17, 0.05463315287308153, 0.04953529169456113, 0.09387280822729252]
[0.837358572757189, 0.5606254480452433, 0.9460920995199096, 0.010842390519223763, 0.7868827574377975, -2.179917811255395e-17, 0.0023979609553366338, 0.6290410750873444, 0.0, 0.0, -4.455003185320281e-17, -4.7694282382909373e-17, 0.632681152879144, -4.224240692760351e-17, -4.934247858291511e-17]
E for cur_iter:  -8.523184461662789
params in def chemistry in vqe.py:  [ 7.84154121e-02  5.02670542e-02  1.50305669e-01  1.53060188e-01
  1.06257575e-01  1.01742356e-01 -1.13958670e-17 -2.16345667e-17
  5.68134819e-02  5.08156475e-02  1.01962420e-01  9.94542788e-02
  1.13767748e-01  1.50220032e-01  5.61713242e-04  1.25125411e-01
 -2.50000000e-02 -7.17832623e-18  1.25066069e-01  0.00000000e+00
  0.00000000e+00 -7.00258266e-18 -6.78289396e-18  1.00399273e-01
 -6.91602516e-18 -7.25217353e-18  0.00000000e+00  0.00000000e+00
  0.00000000e+00]
[0.07841541205645929, 0.050267054190284766, 0.15030566911857843, 0.153060187853783, 0.10625757454234012, 0.10174235648118864, -1.1395867046302901e-17, -2.1634566652462995e-17, 0.056813481903904575, 0.050815647530023884, 0.10196241963507766]
[0.6248896633269231, 0.7148238421128417, 0.9438602999290804, 0.0035293483859116705, 0.7861861446937152, -0.15707963267948974, -4.510275390021472e-17, 0.785813286597554, 0.0, 0.0, -4.399852446791924e-17, -4.2618179641997564e-17, 0.6308272352051333, -4.34546676605405e-17, -4.556675017749642e-17]
E for cur_iter:  -8.63219764603542
params in def chemistry in vqe.py:  [ 8.90872082e-02  5.83610855e-02  1.51587240e-01  1.60597046e-01
  1.39343848e-01  1.04810576e-01 -1.30012935e-17 -2.27331555e-17
  5.19058212e-02  5.13325868e-02  1.03720248e-01  1.07069386e-01
  1.34636410e-01  1.51115213e-01  3.38990065e-03  1.25556257e-01
  6.93889390e-18  9.27368236e-04  1.26386826e-01  0.00000000e+00
  0.00000000e+00 -6.95904684e-18 -6.07986022e-18  1.01116242e-01
 -6.55958439e-18 -6.05032185e-18  0.00000000e+00  0.00000000e+00
  0.00000000e+00]
[0.08908720823423055, 0.05836108554113756, 0.15158723955467412, 0.16059704582215095, 0.1393438477036767, 0.10481057619293582, -1.3001293536733782e-17, -2.2733155484679546e-17, 0.051905821219211806, 0.05133258676862268, 0.10372024849169846]
[0.6727367947158904, 0.8459455147540157, 0.9494848834319741, 0.02129937395663752, 0.7888932290870782, 4.35983562251079e-17, 0.005826826472095498, 0.7941118487731584, 0.0, 0.0, -4.372498083576329e-17, -3.820088840343851e-17, 0.6353320861102203, -4.1215084270824815e-17, -3.8015293366659055e-17]
E for cur_iter:  -8.383122445274847
params in def chemistry in vqe.py:  [ 7.84154121e-02  5.02670542e-02  1.50305669e-01  1.53060188e-01
  1.06257575e-01  1.01742356e-01 -1.13958670e-17 -2.16345667e-17
  5.68134819e-02  5.08156475e-02  1.01962420e-01  9.94542788e-02
  1.13767748e-01  1.50220032e-01  5.61713242e-04  1.25125411e-01
 -2.50000000e-02 -7.17832623e-18  1.25066069e-01  2.50000000e-02
  0.00000000e+00 -7.00258266e-18 -6.78289396e-18  1.00399273e-01
 -6.91602516e-18 -7.25217353e-18  0.00000000e+00  0.00000000e+00
  0.00000000e+00]
[0.07841541205645929, 0.050267054190284766, 0.15030566911857843, 0.153060187853783, 0.10625757454234012, 0.10174235648118864, -1.1395867046302901e-17, -2.1634566652462995e-17, 0.056813481903904575, 0.050815647530023884, 0.10196241963507766]
[0.6248896633269231, 0.7148238421128417, 0.9438602999290804, 0.0035293483859116705, 0.7861861446937152, -0.15707963267948974, -4.510275390021472e-17, 0.785813286597554, 0.15707963267948968, 0.0, -4.399852446791924e-17, -4.2618179641997564e-17, 0.6308272352051333, -4.34546676605405e-17, -4.556675017749642e-17]
E for cur_iter:  -8.632017089219152
params in def chemistry in vqe.py:  [ 7.72387099e-02  4.73614254e-02  1.51072933e-01  1.57332716e-01
  1.20750068e-01  1.02843035e-01 -1.39349387e-17 -2.08023037e-17
  5.29230463e-02  4.90161402e-02  1.01676955e-01  7.19319604e-02
  8.45603038e-02  1.50452595e-01  2.61500188e-03  1.25371581e-01
  1.04083409e-17  6.73277398e-04  1.26077363e-01  4.08474464e-21
  0.00000000e+00 -6.84767688e-18 -6.33042201e-18  1.00919799e-01
 -6.61792832e-18 -6.65124769e-18  0.00000000e+00  0.00000000e+00
  0.00000000e+00]
[0.07723870994996578, 0.047361425417676684, 0.1510729333818354, 0.15733271647922167, 0.12075006756406063, 0.10284303539475893, -1.393493872744898e-17, -2.0802303674493443e-17, 0.052923046312272626, 0.049016140175833174, 0.10167695519409688]
[0.45196183670687984, 0.5313080586316931, 0.9453215342930911, 0.016430541375202758, 0.7877328775997932, 6.539753433766185e-17, 0.0042303266549854205, 0.7921674341532284, 2.5665207491207847e-20, 0.0, -4.30252227356712e-17, -3.977521453287641e-17, 0.6340977961102484, -4.1581669976312415e-17, -4.1791021772077735e-17]
E for cur_iter:  -8.387078010325109
params in def chemistry in vqe.py:  [ 7.84154121e-02  5.02670542e-02  1.50305669e-01  1.53060188e-01
  1.06257575e-01  1.01742356e-01 -1.13958670e-17 -2.16345667e-17
  5.68134819e-02  5.08156475e-02  1.01962420e-01  9.94542788e-02
  1.13767748e-01  1.50220032e-01  5.61713242e-04  1.25125411e-01
 -2.50000000e-02 -7.17832623e-18  1.25066069e-01  0.00000000e+00
  2.50000000e-02 -7.00258266e-18 -6.78289396e-18  1.00399273e-01
 -6.91602516e-18 -7.25217353e-18  0.00000000e+00  0.00000000e+00
  0.00000000e+00]
[0.07841541205645929, 0.050267054190284766, 0.15030566911857843, 0.153060187853783, 0.10625757454234012, 0.10174235648118864, -1.1395867046302901e-17, -2.1634566652462995e-17, 0.056813481903904575, 0.050815647530023884, 0.10196241963507766]
[0.6248896633269231, 0.7148238421128417, 0.9438602999290804, 0.0035293483859116705, 0.7861861446937152, -0.15707963267948974, -4.510275390021472e-17, 0.785813286597554, 0.0, 0.15707963267948968, -4.399852446791924e-17, -4.2618179641997564e-17, 0.6308272352051333, -4.34546676605405e-17, -4.556675017749642e-17]
E for cur_iter:  -8.631968543504492
params in def chemistry in vqe.py:  [ 7.68337789e-02  3.85167491e-02  1.52699743e-01  1.55676151e-01
  6.92064211e-02  1.09348319e-01 -1.47467761e-17 -1.91334382e-17
  4.94189266e-02  5.09161769e-02  1.03039690e-01  1.03343010e-01
  1.26591638e-01  1.51910899e-01  6.66632644e-03  1.24989102e-01
 -1.38777878e-17  2.00171472e-03  1.28106640e-01  1.10336529e-20
 -5.83749124e-21 -7.53852370e-18 -3.30100058e-18  1.01946843e-01
 -7.69865928e-18 -1.44632836e-17  0.00000000e+00  0.00000000e+00
  0.00000000e+00]
[0.07683377894024901, 0.03851674910390113, 0.1526997427430439, 0.15567615112022776, 0.0692064210767117, 0.10934831860657718, -1.474677610224996e-17, -1.9133438210898047e-17, 0.04941892663916659, 0.0509161769152279, 0.10303968971502095]
[0.6493232807832937, 0.7953987222673132, 0.9544843308346795, 0.041885764318934045, 0.7853296889899289, -8.71967124502158e-17, 0.01257714452034473, 0.8049177564478281, 6.932648602894605e-20, -3.6678039207578177e-20, -4.736594137751444e-17, -2.0740798346745907e-17, 0.640550909171952, -4.83721028623363e-17, -9.087549104252065e-17]
E for cur_iter:  -8.0821870340142
params in def chemistry in vqe.py:  [ 7.84154121e-02  5.02670542e-02  1.50305669e-01  1.53060188e-01
  1.06257575e-01  1.01742356e-01 -1.13958670e-17 -2.16345667e-17
  5.68134819e-02  5.08156475e-02  1.01962420e-01  9.94542788e-02
  1.13767748e-01  1.50220032e-01  5.61713242e-04  1.25125411e-01
 -2.50000000e-02 -7.17832623e-18  1.25066069e-01  0.00000000e+00
  0.00000000e+00 -2.50000000e-02 -6.78289396e-18  1.00399273e-01
 -6.91602516e-18 -7.25217353e-18  0.00000000e+00  0.00000000e+00
  0.00000000e+00]
[0.07841541205645929, 0.050267054190284766, 0.15030566911857843, 0.153060187853783, 0.10625757454234012, 0.10174235648118864, -1.1395867046302901e-17, -2.1634566652462995e-17, 0.056813481903904575, 0.050815647530023884, 0.10196241963507766]
[0.6248896633269231, 0.7148238421128417, 0.9438602999290804, 0.0035293483859116705, 0.7861861446937152, -0.15707963267948974, -4.510275390021472e-17, 0.785813286597554, 0.0, 0.0, -0.15707963267948974, -4.2618179641997564e-17, 0.6308272352051333, -4.34546676605405e-17, -4.556675017749642e-17]
E for cur_iter:  -8.608552781234273
params in def chemistry in vqe.py:  [ 7.47729338e-02  4.67677143e-02  1.50593875e-01  1.54719747e-01
  1.11343410e-01  1.01948872e-01 -2.27391147e-17 -2.01368691e-17
  5.50910561e-02  4.96099578e-02  9.38905210e-02  1.33651285e-01
  8.96786340e-02  1.50498704e-01  1.41662234e-03  1.25223702e-01
 -1.17961196e-16  2.80326382e-04  1.25535251e-01  1.31087562e-22
  2.50893335e-21  5.30030964e-04 -6.86788625e-18  1.00615999e-01
 -7.04136168e-18 -7.25217353e-18  0.00000000e+00  0.00000000e+00
  0.00000000e+00]
[0.07477293377246179, 0.04676771434402327, 0.1505938751431296, 0.15471974740668606, 0.11134340962851311, 0.10194887188741081, -2.273911466807016e-17, -2.013686912376821e-17, 0.0550910560874451, 0.049609957824727706, 0.09389052101093455]
[0.8397557873459023, 0.5634674753256608, 0.9456112456817857, 0.008900900683347876, 0.7868037258634984, -7.411720558268343e-16, 0.0017613426046223534, 0.7887612467921018, 8.236474432608801e-22, 1.576409318452666e-20, 0.0033302827653903942, -4.315220199436162e-17, 0.6321889688803336, -4.4242180281422973e-17, -4.556675017749642e-17]
E for cur_iter:  -8.525839828782455
params in def chemistry in vqe.py:  [ 7.84154121e-02  5.02670542e-02  1.50305669e-01  1.53060188e-01
  1.06257575e-01  1.01742356e-01 -1.13958670e-17 -2.16345667e-17
  5.68134819e-02  5.08156475e-02  1.01962420e-01  9.94542788e-02
  1.13767748e-01  1.50220032e-01  5.61713242e-04  1.25125411e-01
 -2.50000000e-02 -7.17832623e-18  1.25066069e-01  0.00000000e+00
  0.00000000e+00 -7.00258266e-18 -2.50000000e-02  1.00399273e-01
 -6.91602516e-18 -7.25217353e-18  0.00000000e+00  0.00000000e+00
  0.00000000e+00]
[0.07841541205645929, 0.050267054190284766, 0.15030566911857843, 0.153060187853783, 0.10625757454234012, 0.10174235648118864, -1.1395867046302901e-17, -2.1634566652462992e-17, 0.05681348190390457, 0.05081564753002389, 0.10196241963507766]
[0.6248896633269231, 0.7148238421128417, 0.9438602999290804, 0.0035293483859116705, 0.7861861446937152, -0.15707963267948974, -4.510275390021472e-17, 0.785813286597554, 0.0, 0.0, -4.399852446791924e-17, -0.15707963267948974, 0.6308272352051333, -4.34546676605405e-17, -4.556675017749642e-17]
E for cur_iter:  -8.622758611970209
params in def chemistry in vqe.py:  [ 7.81633284e-02  4.70777500e-02  1.45142636e-01  1.53992136e-01
  1.07798932e-01  1.03426081e-01 -2.78775808e-17 -1.71573835e-17
  8.76790334e-02  2.12372755e-02  1.02179834e-01  9.96678303e-02
  1.15670571e-01  1.50393719e-01  1.18056444e-03  1.25174111e-01
 -4.16333634e-17  2.02922530e-04  1.25383405e-01  1.53797052e-21
  1.03858315e-21  3.83678565e-04  1.53164549e-04  1.00556157e-01
 -6.87749814e-18 -7.10194207e-18  0.00000000e+00  0.00000000e+00
  0.00000000e+00]
[0.07816332840267154, 0.04707775001641891, 0.1451426362276042, 0.1539921360331087, 0.10779893248871622, 0.10342608094027363, -2.7877580814103395e-17, -1.715738351672554e-17, 0.08767903335420292, 0.021237275501398086, 0.10217983369060754]
[0.6262314468370624, 0.7267796340243043, 0.9449516044147321, 0.007417705140833702, 0.7864921339526258, -2.615901373506474e-16, 0.001274999857617251, 0.7878071657081043, 9.663353803754374e-21, 6.52561036658587e-21, 0.0024107235245176104, 0.0009623612425400874, 0.631812966338552, -4.321259528875689e-17, -4.462281807614175e-17]
E for cur_iter:  -8.523830110588271
params in def chemistry in vqe.py:  [ 7.84099907e-02  4.98922899e-02  1.50294896e-01  1.53059847e-01
  1.06254864e-01  9.61333168e-02 -1.14040866e-17 -2.68754832e-17
  5.71071767e-02  5.09873707e-02  1.01988802e-01  9.94633637e-02
  1.13967858e-01  1.50221160e-01  5.61713242e-04  1.25129102e-01
 -2.50000000e-02 -7.24301440e-18  1.25068000e-01  0.00000000e+00
  0.00000000e+00 -6.85406394e-18 -7.50957987e-18  1.24755822e-01
 -6.91602516e-18 -7.25217353e-18  0.00000000e+00  0.00000000e+00
  0.00000000e+00]
[0.07840999073358988, 0.04989228987489296, 0.15029489615821007, 0.1530598466494323, 0.10625486366693564, 0.09613331680682718, -1.1404086561849537e-17, -2.687548319579665e-17, 0.057107176678895526, 0.05098737074502647, 0.10198880223281705]
[0.6249467455808567, 0.7160811688576397, 0.9438673864656004, 0.0035293483859116705, 0.7862093321375464, -0.15707963267948974, -4.550920168898732e-17, 0.7858254209952165, 0.0, 0.0, -4.3065353827685427e-17, -4.718408188091645e-17, 0.7838639469103021, -4.34546676605405e-17, -4.556675017749642e-17]
E for cur_iter:  -8.610517991765521
params in def chemistry in vqe.py:  [ 7.81152622e-02  4.64992803e-02  1.50487907e-01  1.53946528e-01
  1.06306435e-01  5.99166381e-02 -7.95628067e-18 -1.67162604e-17
  5.77125539e-02  5.14067941e-02  1.02219187e-01  9.97081143e-02
  1.16017976e-01  1.50427089e-01  1.29985332e-03  1.25183141e-01
 -2.28983499e-16  2.42037588e-04  1.25444387e-01  1.24520285e-21
  2.43960559e-22  4.57635901e-04  1.82688330e-04  9.02447353e-02
 -6.96041722e-18 -6.65124769e-18  0.00000000e+00  0.00000000e+00
  0.00000000e+00]
[0.0781152621716237, 0.04649928025399172, 0.15048790686790323, 0.153946528101531, 0.1063064351252671, 0.05991663807228333, -7.95628066525909e-18, -1.6716260367188715e-17, 0.0577125538765976, 0.05140679405486957, 0.10221918695659886]
[0.6264845586954988, 0.7289624432073253, 0.9451612763848479, 0.00816721926465752, 0.786548870300106, -1.4387457554285607e-15, 0.0015207670187574567, 0.7881903277945185, 7.823840244188671e-21, 1.532849398309517e-21, 0.002875411166147502, 0.0011478646284092328, 0.5670243948808286, -4.373359120050051e-17, -4.1791021772077735e-17]
E for cur_iter:  -8.46004803708855
params in def chemistry in vqe.py:  [ 7.84154121e-02  5.02670542e-02  1.50305669e-01  1.53060188e-01
  1.06257575e-01  1.01742356e-01 -1.13958670e-17 -2.16345667e-17
  5.68134819e-02  5.08156475e-02  1.01962420e-01  9.94542788e-02
  1.13767748e-01  1.50220032e-01  5.61713242e-04  1.25125411e-01
 -2.50000000e-02 -7.17832623e-18  1.25066069e-01  0.00000000e+00
  0.00000000e+00 -7.00258266e-18 -6.78289396e-18  1.00399273e-01
 -2.50000000e-02 -7.25217353e-18  0.00000000e+00  0.00000000e+00
  0.00000000e+00]
[0.07841541205645929, 0.050267054190284766, 0.15030566911857843, 0.153060187853783, 0.10625757454234012, 0.10174235648118864, -1.1395867046302901e-17, -2.1634566652462995e-17, 0.056813481903904575, 0.050815647530023884, 0.10196241963507766]
[0.6248896633269231, 0.7148238421128417, 0.9438602999290804, 0.0035293483859116705, 0.7861861446937152, -0.15707963267948974, -4.510275390021472e-17, 0.785813286597554, 0.0, 0.0, -4.399852446791924e-17, -4.261817964199756e-17, 0.6308272352051333, -0.15707963267948974, -4.556675017749642e-17]
E for cur_iter:  -8.653832810969536
params in def chemistry in vqe.py:  [ 7.82976397e-02  4.98572078e-02  1.75370026e-01  1.28524026e-01
  1.09428453e-01  1.02240208e-01 -8.58084304e-18 -8.06680908e-18
  5.84027613e-02  4.82834044e-02  1.01987413e-01  9.95382004e-02
  1.14095126e-01  1.50310377e-01  8.97792049e-04  1.25138839e-01
 -3.92047506e-16  1.10200905e-04  1.25231591e-01 -3.59309618e-22
  5.13924568e-22  2.08363877e-04  8.31788952e-05  1.00318514e-01
  9.36750677e-17 -7.25217353e-18  0.00000000e+00  0.00000000e+00
  0.00000000e+00]
[0.07829763965857126, 0.049857207819369864, 0.17537002606627825, 0.12852402587996162, 0.10942845268169925, 0.10224020810031001, -8.580843038870088e-18, -8.066809082251864e-18, 0.05840276128449345, 0.048283404413422645, 0.10198741285140737]
[0.625416958438051, 0.7168808220064883, 0.944427952158312, 0.0056409938132316, 0.7862705128201053, -2.463307126718596e-15, 0.0006924127051261109, 0.7868532901774815, -2.2576089104634017e-21, 3.229083297391996e-21, 0.0013091888496692627, 0.0005226284122894694, 0.6303198151687485, 5.885778090389566e-16, -4.556675017749642e-17]
E for cur_iter:  -8.659459052226792
params in def chemistry in vqe.py:  [ 7.82976397e-02  4.98572078e-02  1.75370026e-01  1.28524026e-01
  1.09428453e-01  1.02240208e-01 -8.58084304e-18 -8.06680908e-18
  5.84027613e-02  4.82834044e-02  1.01987413e-01  9.95382004e-02
  1.14095126e-01  1.50310377e-01  8.97792049e-04  1.25138839e-01
 -3.92047506e-16  1.10200905e-04  1.25231591e-01 -3.59309618e-22
  5.13924568e-22  2.08363877e-04  8.31788952e-05  1.00318514e-01
  9.36750677e-17 -2.50000000e-02 -8.03229361e-18 -8.03229361e-18
 -8.03229361e-18]
[0.07829763965857126, 0.049857207819369864, 0.17537002606627825, 0.12852402587996162, 0.10942845268169925, 0.10224020810031001, -8.580843038870088e-18, -8.06680908225187e-18, 0.05840276128449345, 0.048283404413422645, 0.10198741285140737]
[0.625416958438051, 0.7168808220064883, 0.944427952158312, 0.0056409938132316, 0.7862705128201053, -2.463307126718596e-15, 0.0006924127051261109, 0.7868532901774815, -2.2576089104634017e-21, 3.229083297391996e-21, 0.0013091888496692627, 0.0005226284122894694, 0.6303198151687485, 5.885778090389566e-16, -0.1570796326794897]
E for cur_iter:  -8.641662101405906
params in def chemistry in vqe.py:  [ 7.80193972e-02  4.88889279e-02  1.41146771e-01  9.27893689e-02
  1.14121422e-01  1.03416404e-01 -1.82505421e-17 -6.94909721e-18
  5.39046492e-02  5.05537236e-02  1.02046460e-01  9.97364689e-02
  1.14868572e-01  1.50523820e-01  1.69179288e-03  1.25170562e-01
 -5.44956368e-16  3.70555344e-04  1.25622643e-01  1.45770439e-21
  1.52893278e-21  7.00632615e-04  2.79692660e-04  1.00127719e-01
 -4.06146134e-17  3.70519460e-04  2.36907520e-18  4.42910366e-18
 -2.77555756e-18]
[0.07801939723665478, 0.048888927909118966, 0.14114677099301615, 0.09278936887378794, 0.11412142183043371, 0.10341640424425771, -1.8250542119083726e-17, -6.949097206279046e-18, 0.053904649173064485, 0.05055372360908736, 0.10204646041406017]
[0.6266627161148577, 0.7217405266376697, 0.9457690552851913, 0.010629848149754602, 0.7864698361950239, -3.42406184423613e-15, 0.0023282678927162245, 0.7893103439529849, 9.159026780615583e-21, 9.606567997852518e-21, 0.00440220455462587, 0.0017573608097402435, 0.629121013222074, -2.5518914192359967e-16, 0.0023280424249529576]
E for cur_iter:  -8.615990579706736
params in def chemistry in vqe.py:  [ 7.82976397e-02  4.98572078e-02  1.75370026e-01  1.28524026e-01
  1.09428453e-01  1.02240208e-01 -9.95834174e-18 -8.06680908e-18
  5.84027613e-02  4.82834044e-02  1.01987413e-01  9.95382004e-02
  1.14095126e-01  1.50310377e-01  8.97792049e-04  1.25138839e-01
 -3.92047506e-16  1.10200905e-04  1.25231591e-01 -3.59309618e-22
  5.13924568e-22  2.08363877e-04  8.31788952e-05  1.00318514e-01
  9.36750677e-17  7.80120080e-19 -2.50000000e-02 -8.47681861e-20
 -8.47681861e-20]
[0.07829763965857126, 0.049857207819369864, 0.17537002606627825, 0.12852402587996162, 0.10942845268169925, 0.10224020810031001, -9.958341741916229e-18, -8.066809082251864e-18, 0.05840276128449345, 0.048283404413422645, 0.10198741285140737]
[0.625416958438051, 0.7168808220064883, 0.944427952158312, 0.0056409938132316, 0.7862705128201053, -2.463307126718596e-15, 0.0006924127051261109, 0.7868532901774815, -2.2576089104634017e-21, 3.229083297391996e-21, 0.0013091888496692627, 0.0005226284122894694, 0.6303198151687485, 5.885778090389566e-16, 4.901639023297055e-18]
E for cur_iter:  -8.66031925494796
params in def chemistry in vqe.py:  [ 7.81804740e-02  5.22890178e-02  1.75734560e-01  1.27603300e-01
  1.09678868e-01  1.03733453e-01  3.55715089e-02 -5.27460720e-18
  7.50202542e-02  6.62416800e-02  1.01810962e-01  9.95800272e-02
  1.12944472e-01  1.50424438e-01  1.35557084e-03  1.25127685e-01
 -8.20495947e-16  2.60307474e-04  1.25441642e-01  1.02068395e-21
  3.30974460e-21  4.92179938e-04  1.96478315e-04  1.00115477e-01
 -7.93830764e-17  2.13621880e-04 -4.51028104e-17  4.99633196e-17
  5.02471221e-17]
[0.078180474021063, 0.05228901775713873, 0.17573456034632207, 0.12760329975692944, 0.10967886846993963, 0.10373345272769068, 0.03557150888299132, -5.274607201344481e-18, 0.0750202542165931, 0.066241680012728, 0.10181096216511455]
[0.6256797637321664, 0.709651049350368, 0.9451446209794783, 0.00851730277670528, 0.7862004303668445, -5.1553280785374326e-15, 0.0016355600936084369, 0.7881730824708773, 6.413146366836217e-21, 2.0795738610391063e-20, 0.003092457751950335, 0.0012345096625154203, 0.6290440960258985, -4.987785790533994e-16, 0.0013422258583932385]
E for cur_iter:  -8.661106653920406
params in def chemistry in vqe.py:  [ 7.81804740e-02  5.22890178e-02  1.75734560e-01  1.27603300e-01
  1.09678868e-01  1.03733453e-01  3.55715089e-02 -4.42651876e-17
  7.50202542e-02  6.62416800e-02  1.01810962e-01  9.95800272e-02
  1.12944472e-01  1.50424438e-01  1.35557084e-03  1.25127685e-01
 -8.20495947e-16  2.60307474e-04  1.25441642e-01  1.02068395e-21
  3.30974460e-21  4.92179938e-04  1.96478315e-04  1.00115477e-01
 -7.93830764e-17  2.13621880e-04 -4.50180422e-17 -2.50000000e-02
  5.00847439e-17]
[0.078180474021063, 0.05228901775713873, 0.17573456034632207, 0.12760329975692944, 0.10967886846993963, 0.10373345272769068, 0.035571508882991355, -4.4265187559518316e-17, 0.0750202542165931, 0.066241680012728, 0.10181096216511455]
[0.6256797637321664, 0.709651049350368, 0.9451446209794783, 0.00851730277670528, 0.7862004303668445, -5.1553280785374326e-15, 0.0016355600936084369, 0.7881730824708773, 6.413146366836217e-21, 2.0795738610391063e-20, 0.003092457751950335, 0.0012345096625154203, 0.6290440960258985, -4.987785790533994e-16, 0.001342225858393289]
E for cur_iter:  -8.661108684833577
params in def chemistry in vqe.py:  [ 7.80960330e-02  5.40416178e-02  1.75997279e-01  1.26939734e-01
  1.09859343e-01  1.04809631e-01  2.32293314e-02  3.74967465e-02
  8.69964445e-02  7.91841694e-02  1.01683795e-01  9.96101716e-02
  1.12115199e-01  1.50506642e-01  1.68549100e-03  1.25119646e-01
 -6.73351057e-16  3.68488945e-04  1.25593026e-01  2.13225874e-21
  4.33337551e-21  6.96725543e-04  2.78132956e-04  9.99691490e-02
 -3.25954757e-16  3.67578695e-04 -3.71302635e-16  1.73472348e-17
  8.44073592e-17]
[0.078096033005933, 0.05404161778659674, 0.17599727939357188, 0.12693973448182846, 0.10985934257321164, 0.10480963081927971, 0.023229331421023527, 0.03749674646950577, 0.08699644452241795, 0.07918416941353777, 0.10168379454679385]
[0.6258691669248481, 0.7044405682295793, 0.9456611226096344, 0.01059025226828409, 0.786149922098192, -4.230789465756737e-15, 0.00231528432499877, 0.7891242538500047, 1.339737679423135e-20, 2.722740135292532e-20, 0.0043776556953129585, 0.001747560900911648, 0.6281246880686342, -2.0480341402937887e-15, 0.002309565058066721]
E for cur_iter:  -8.348645619235942
params in def chemistry in vqe.py:  [ 7.81804740e-02  5.22890178e-02  1.75734560e-01  1.27603300e-01
  1.09678868e-01  1.03733453e-01  3.55715089e-02 -1.07891860e-17
  7.50202542e-02  6.62416800e-02  1.01810962e-01  9.95800272e-02
  1.12944472e-01  1.50424438e-01  1.35557084e-03  1.25127685e-01
 -8.20495947e-16  2.60307474e-04  1.25441642e-01  1.02068395e-21
  3.30974460e-21  4.92179938e-04  1.96478315e-04  1.00115477e-01
 -7.93830764e-17  2.13621880e-04 -4.49332740e-17 -2.50000000e-02
 -2.50000000e-02]
[0.078180474021063, 0.05228901775713873, 0.17573456034632207, 0.12760329975692944, 0.10967886846993963, 0.10373345272769068, 0.03557150888299139, -1.0789185989555376e-17, 0.0750202542165931, 0.066241680012728, 0.10181096216511455]
[0.6256797637321664, 0.709651049350368, 0.9451446209794783, 0.00851730277670528, 0.7862004303668445, -5.1553280785374326e-15, 0.0016355600936084369, 0.7881730824708773, 6.413146366836217e-21, 2.0795738610391063e-20, 0.003092457751950335, 0.0012345096625154203, 0.6290440960258985, -4.987785790533994e-16, 0.0013422258583933393]
E for cur_iter:  -8.661106090659679
params in def chemistry in vqe.py:  [ 7.80116359e-02  5.57933059e-02  1.76259862e-01  1.26276514e-01
  1.10039723e-01  1.05885249e-01  1.08935761e-02 -1.45201221e-16
  9.89664031e-02  9.21199243e-02  1.01556693e-01  9.96403004e-02
  1.11286356e-01  1.50588803e-01  2.01523949e-03  1.25111612e-01
 -3.28930492e-16  4.76614125e-04  1.25744331e-01  3.37479448e-21
  2.52360304e-21  9.01164716e-04  3.59745108e-04  9.98228968e-02
 -2.02201403e-16  5.21455401e-04 -2.01076915e-16 -1.11022302e-16
  4.48713767e-08]
[0.07801163592877011, 0.05579330586962281, 0.17625986173781263, 0.1262765144857271, 0.11003972276873987, 0.1058852489332616, 0.010893576077342565, -1.45201220612487e-16, 0.09896640314740632, 0.09211992433024914, 0.1015566930987652]
[0.6260584715636309, 0.6992327983261745, 0.9461773554837647, 0.012662123123060079, 0.7860994401109693, -2.0667312351217304e-15, 0.0029946548692516683, 0.7900749302974133, 2.1204459077861853e-20, 1.5856265548672867e-20, 0.005662184899853797, 0.0022603451786560452, 0.6272057585153366, -1.2704688875546145e-15, 0.0032764009132709307]
E for cur_iter:  -8.509625870458962
params in def chemistry in vqe.py:  [ 7.81804740e-02  5.22890178e-02  1.75734560e-01  1.27603300e-01
  1.09678868e-01  1.03733453e-01  3.55715089e-02 -4.26003817e-17
  7.50202542e-02  6.62416800e-02  7.72823928e-02  9.61923664e-02
  1.16332133e-01  1.50424438e-01  7.25654469e-04  1.25127685e-01
 -8.20495947e-16  2.60307474e-04  1.25441642e-01  1.02068395e-21
  3.30974460e-21  4.92179938e-04  1.96478315e-04  1.00115477e-01
 -7.93830764e-17  2.13621880e-04 -4.50314613e-17 -2.50000000e-02
  5.00513009e-17]
[0.078180474021063, 0.05228901775713873, 0.17573456034632207, 0.12760329975692944, 0.10967886846993963, 0.10373345272769068, 0.035571508882991355, -4.260038174315619e-17, 0.0750202542165931, 0.066241680012728, 0.0772823928277172]
[0.60439446305849, 0.7309363500240443, 0.9451446209794783, 0.004559421497825847, 0.7862004303668445, -5.1553280785374326e-15, 0.0016355600936084369, 0.7881730824708773, 6.413146366836217e-21, 2.0795738610391063e-20, 0.003092457751950335, 0.0012345096625154203, 0.6290440960258985, -4.987785790533994e-16, 0.0013422258583932897]
E for cur_iter:  -8.63596650409831
params in def chemistry in vqe.py:  [ 7.43271274e-02  4.03876459e-02  1.84934722e-01  1.15471484e-01
  1.13937296e-01  1.20552520e-01  5.02627622e-02 -2.91019283e-17
  6.45395637e-02  6.47331052e-02  1.27020407e-01  1.05687221e-01
  1.19488149e-01  1.53393232e-01 -4.77048956e-18  1.25553997e-01
  5.67994247e-18  3.88742296e-03  1.30881384e-01  1.41053979e-21
  1.14539949e-20  7.35019845e-03  2.93420048e-03  9.74080070e-02
 -1.05624294e-16  5.37549611e-03  4.91052648e-18 -6.59194921e-17
  7.52420992e-07]
[0.07432712739956568, 0.040387645852465015, 0.18493472179480844, 0.11547148434832008, 0.11393729565047134, 0.12055251985300122, 0.05026276216202627, -2.910192834432223e-17, 0.06453956373689103, 0.06473310520014973, 0.12702040728002884]
[0.6640523954991376, 0.7507661820045529, 0.9637981041244137, -2.9973869904761676e-17, 0.788879030895282, 3.568813107765808e-17, 0.024425398827044274, 0.8223519872040542, 8.862682859154336e-21, 7.196757271186994e-20, 0.04618265892054402, 0.01843612532527195, 0.6120325584265504, -6.636570111597259e-16, 0.03377523816398006]
E for cur_iter:  -8.679518194174152
params in def chemistry in vqe.py:  [ 7.41691452e-02  4.04573130e-02  1.84078358e-01  1.16098129e-01
  1.13222168e-01  1.21837013e-01  5.02627622e-02 -8.65925776e-18
  6.39326711e-02  6.56033344e-02  1.27414104e-01  1.05428616e-01
  1.20249295e-01  1.31028550e-01 -9.84616080e-03  1.25545727e-01
  6.13695182e-18  3.88742296e-03  1.32711264e-01 -1.83093567e-03
 -1.83093567e-03  9.18113412e-03  4.76513615e-03  9.58205842e-02
  1.83093567e-03  5.37549611e-03  4.72474776e-18 -6.56471839e-17
  7.52420992e-07]
[0.07416914521017129, 0.04045731301537946, 0.18407835752433702, 0.11609812870472579, 0.11322216795691044, 0.12183701317220363, 0.05026276216202626, -8.659257761949266e-18, 0.06393267108573919, 0.06560333441193358, 0.12741410436646958]
[0.6624275337270921, 0.7555486008600769, 0.823276658554284, -0.061865252848555145, 0.7888270664952088, 3.855960553352759e-17, 0.02442539882704427, 0.8338494612257665, -0.011504108097276408, -0.011504108097276408, 0.05768676701782043, 0.029940233422548358, 0.6020584865450874, 0.011504108097275744, 0.033775238163980044]
E for cur_iter:  -8.632205894960084
params in def chemistry in vqe.py:  [ 7.49290296e-02  3.57138515e-02  1.97949753e-01  1.04197568e-01
  1.23695866e-01  1.10955223e-01  5.50246341e-02 -3.19755156e-17
  6.82526882e-02  5.40487071e-02  1.28935149e-01  1.11836685e-01
  1.14285992e-01  1.62783242e-01 -1.18299411e-17  1.25789072e-01
  7.53429097e-17  5.06307892e-03  1.11206075e-01  2.14338864e-02
  2.14293226e-02  1.47451495e-17 -2.16840434e-18  1.15128351e-01
 -7.14103753e-17  7.04861300e-03  3.06693798e-17 -1.90521806e-16
  9.96303003e-07]
[0.07492902962231107, 0.03571385145217257, 0.1979497529828504, 0.1041975676095433, 0.12369586554832154, 0.11095522340799173, 0.05502463408764626, -3.197551555766235e-17, 0.06825268823504614, 0.05404870713081438, 0.12893514852143934]
[0.7026906144561506, 0.7180800640179186, 1.0227972742202343, -7.432971240497651e-17, 0.7903560490393706, 4.733934632432102e-16, 0.031812263051148496, 0.6987283762422222, 0.13467308016002555, 0.13464440463027202, 9.264650697835429e-17, -1.3624486320346218e-17, 0.7233727613614862, -4.486846209443298e-16, 0.044287741612658534]
E for cur_iter:  -8.78907517517677
params in def chemistry in vqe.py:  [ 7.25611475e-02  3.07056462e-02  1.98515834e-01  1.04276443e-01
  1.23857177e-01  1.11116006e-01  5.50246341e-02 -3.68906083e-17
  6.82658432e-02  5.42935774e-02  1.28520958e-01  1.12007420e-01
  1.15550689e-01  1.52650861e-01  2.20116152e-02  1.25782070e-01
  7.41166874e-17  5.06307892e-03  1.10369687e-01  2.22750036e-02
  2.22704397e-02 -8.41117183e-04 -8.41117183e-04  1.15940044e-01
 -8.41117183e-04  7.04861300e-03  3.02819919e-17 -1.91541973e-16
  9.96303003e-07]
[0.07256114753026695, 0.030705646205894364, 0.1985158336382252, 0.10427644300605173, 0.12385717700336524, 0.11111600606132122, 0.05502463408764627, -3.6890608339041434e-17, 0.06826584315936667, 0.05429357744085603, 0.12852095792483145]
[0.7037633737158544, 0.726026392470988, 0.959133647319625, 0.13830305694684505, 0.7903120550550482, 4.656888810346364e-16, 0.03181226305114849, 0.6934731967401487, 0.13995797528635628, 0.13992929975660276, -0.005284895126330665, -0.005284895126330768, 0.7284727809221017, -0.005284895126331208, 0.04428774161265855]
E for cur_iter:  -8.743731901249115
params in def chemistry in vqe.py:  [ 9.13459896e-02  5.95909511e-02  2.06573635e-01  9.58645137e-02
  9.07865998e-02  1.16416100e-01  6.22691584e-02 -2.70153523e-17
  5.93700397e-02  4.46248058e-02  1.31946171e-01  1.16367561e-01
  1.14207618e-01  1.67536656e-01  6.80328601e-04  1.25729820e-01
  1.92111589e-16  6.85167556e-03  1.07512510e-01  2.77938731e-02
  2.77823660e-02  2.71414292e-17  2.00833317e-18  1.20298187e-01
 -1.51901543e-16  9.59402710e-03  1.29201673e-16 -2.21618107e-16
  1.36733548e-06]
[0.09134598957203237, 0.05959095114039946, 0.20657363509435106, 0.09586451372286132, 0.09078659976279366, 0.11641609957936633, 0.06226915839040687, -2.7015352301432612e-17, 0.05937003972625042, 0.04462480583637286, 0.13194617079274867]
[0.7311589488054632, 0.7175876269167387, 1.0526638574496545, 0.004274630667290913, 0.7899837570745898, 1.2070727144826571e-15, 0.04305034719717428, 0.6755210236645482, 0.17463405494410056, 0.17456175359335904, 1.7053462935806112e-16, 1.261872946562559e-17, 0.7558557998465072, -9.544255432357373e-16, 0.060281050106962455]
E for cur_iter:  -8.772156727413323
params in def chemistry in vqe.py:  [ 7.26587469e-02  2.96973892e-02  1.97886468e-01  1.03322452e-01
  1.16157435e-01  9.71162211e-02  5.50246341e-02 -2.44007877e-17
  6.94135764e-02  5.58655113e-02  1.29484865e-01  1.22362960e-01
  1.28470621e-01  1.63744816e-01 -1.73118400e-03  1.25705297e-01
  7.40577384e-17  5.06307892e-03  1.11436318e-01  2.12143724e-02
  2.12098086e-02  2.19513995e-04  2.19513995e-04  1.11474195e-01
  2.19513995e-04  7.04861300e-03  2.89487871e-17 -1.90730205e-16
  9.96303003e-07]
[0.07265874693541309, 0.02969738921596194, 0.197886467510118, 0.1033224521364659, 0.11615743546841713, 0.09711622113835192, 0.05502463408764625, -2.440078765717616e-17, 0.06941357639568466, 0.05586551132458696, 0.12948486527852518]
[0.7688291521203341, 0.8072047213960434, 1.028839022896194, -0.010877349889683089, 0.7898296763365608, 4.653184938461077e-16, 0.03181226305114849, 0.7001750387827026, 0.13329383304907097, 0.13326515751931745, 0.0013792471109546603, 0.001379247110954562, 0.70041302660124, 0.0013792471109541225, 0.044287741612658575]
E for cur_iter:  -8.612358829220906
params in def chemistry in vqe.py:  [ 7.48833767e-02  2.93485371e-02  2.05562284e-01  1.02177605e-01
  1.26787512e-01  1.04189182e-01  6.27881391e-02 -2.92322826e-17
  5.68779993e-02  4.87043158e-02  1.32910975e-01  8.02683516e-02
  8.23135050e-02  1.70535335e-01 -1.45007074e-17  1.26081694e-01
  1.89167018e-16  6.97980641e-03  1.11544146e-01  2.39647772e-02
  2.39527727e-02  1.06551395e-03 -6.32086025e-19  1.13136002e-01
 -1.24840009e-16  9.77637458e-03  9.18400664e-17 -1.78171970e-16
  1.39391538e-06]
[0.07488337667432397, 0.029348537135839826, 0.2055622837300583, 0.10217760503620217, 0.126787512080607, 0.10418918190965884, 0.06278813907075623, -2.92322826177116e-17, 0.056877999267722475, 0.04870431579714454, 0.13291097497057364]
[0.5043409276988001, 0.5171910048889109, 1.0715051129086761, -9.111063171659889e-17, 0.7921946482514898, 1.1885714294605196e-15, 0.043855417110971726, 0.7008525417345673, 0.1505751358471689, 0.1504997092452292, 0.006694821587548261, -3.971513624660875e-18, 0.7108544631850285, -7.843929090454837e-16, 0.061426773107745955]
E for cur_iter:  -8.523989044666616
params in def chemistry in vqe.py:  [ 9.20190878e-02  2.39532049e-02  1.95651989e-01  1.04673605e-01
  1.22004693e-01  1.13294282e-01  5.50246341e-02 -3.40041099e-17
  7.84688100e-02  4.60952451e-02  1.28900584e-01  1.11355865e-01
  1.13526811e-01  1.63117595e-01 -1.51074945e-04  1.25773226e-01
  5.58050303e-17  5.06307892e-03  1.12558448e-01  2.00782975e-02
  2.00737337e-02  1.35558887e-03  1.35558887e-03  1.14036480e-01
  1.35558887e-03  7.04861300e-03  3.03984886e-17 -1.88924443e-16
  9.96303003e-07]
[0.09201908779347778, 0.023953204850714394, 0.19565198861077573, 0.10467360515493343, 0.12200469324499148, 0.11329428241992176, 0.05502463408764626, -3.400410990701294e-17, 0.07846880998416009, 0.04609524505374067, 0.12890058358877096]
[0.6996695330093131, 0.7133099883147651, 1.024898078381347, -0.0009492318728586256, 0.7902564849575712, 3.506333465733848e-16, 0.03181226305114849, 0.7072255893441984, 0.12615566409869608, 0.12612698856894256, 0.00851741606132956, 0.008517416061329408, 0.716512335791082, 0.008517416061329018, 0.04428774161265855]
E for cur_iter:  -8.731726184269165
params in def chemistry in vqe.py:  [ 4.87343542e-02  4.78205426e-02  1.94340607e-01  1.04232034e-01
  1.23128086e-01  1.22809311e-01  5.71335628e-02 -3.33628436e-17
  9.29196986e-02  2.45689205e-02  1.30715018e-01  1.09438348e-01
  1.16915082e-01  1.65109214e-01 -7.40996227e-19  1.25849425e-01
  4.72927659e-16  5.58375118e-03  1.12789068e-01  2.06487650e-02
  2.06421799e-02  1.76207207e-03  1.17060371e-03  1.16199897e-01
 -1.92972590e-16  7.78959981e-03  9.15798579e-17 -4.51923075e-16
  1.10431300e-06]
[0.04873435423059562, 0.047820542617511196, 0.1943406071220395, 0.10423203385834036, 0.12312808577559778, 0.12280931109930122, 0.05713356284088924, -3.3362843647884206e-17, 0.09291969861471368, 0.024568920489986174, 0.13071501788482237]
[0.687621417541606, 0.7345991254191817, 1.0374117852813642, -4.65581660803987e-18, 0.7907352573959069, 2.971492121087961e-15, 0.035083743385321275, 0.7086746143695154, 0.12974001686049233, 0.12969864156683156, 0.011071425330829455, 0.007355120035625922, 0.7301054840202871, -1.2124825438332988e-15, 0.04894349908320355]
E for cur_iter:  -8.680238145617555
params in def chemistry in vqe.py:  [ 7.23792871e-02  3.16659717e-02  1.98383698e-01  1.03311297e-01
  1.19409397e-01  1.13961702e-01  5.50246341e-02 -1.66384556e-17
  6.77984904e-02  5.49387943e-02  1.28825717e-01  1.11626418e-01
  1.13069985e-01  1.63168880e-01 -1.14761880e-03  1.25738899e-01
  7.40832615e-17 -1.87216320e-02  1.10586756e-01  2.20630828e-02
  2.20585189e-02 -6.29196376e-04 -6.29196376e-04  1.16412807e-01
 -6.29196376e-04  7.04861300e-03  2.95634599e-17 -1.89910082e-16
  9.96303003e-07]
[0.07237928709462979, 0.031665971653080556, 0.19838369824110577, 0.10331129690701085, 0.11940939680511309, 0.11396170193855713, 0.05502463408764627, -1.663845556804245e-17, 0.06779849038407462, 0.05493879431717116, 0.1288257168506885]
[0.7013694716470239, 0.7104396700462192, 1.0252203073804897, -0.0072107015715087265, 0.7900408037032486, 4.654788601818114e-16, -0.1176314831230205, 0.6948370783624817, 0.13862643758510232, 0.1385977620553488, -0.003953357425076695, -0.003953357425076794, 0.7314432376869764, -0.0039533574250772375, 0.04428774161265855]
E for cur_iter:  -8.73264458655127
params in def chemistry in vqe.py:  [ 9.36715537e-02  6.24341165e-02  2.00816361e-01  1.07932721e-01
  1.57388345e-01  1.12398521e-01  5.83582228e-02 -3.19708368e-17
  6.20808439e-02  5.00448911e-02  1.31611678e-01  1.15684645e-01
  1.26089258e-01  1.63794765e-01  4.23199306e-03  1.26250003e-01
  3.56244960e-16 -2.60208521e-17  1.12035770e-01  2.17442050e-02
  2.17364462e-02  1.23394961e-03  2.99014162e-04  1.14748466e-01
 -1.42435844e-16  8.21989263e-03  1.21023519e-16 -2.82935501e-16
  1.16703467e-06]
[0.09367155373229279, 0.06243411648773526, 0.20081636127830468, 0.10793272122830393, 0.1573883446998641, 0.1123985205025119, 0.05835822281163864, -3.1970836823241796e-17, 0.06208084390636834, 0.05004489106637847, 0.1316116784617093]
[0.7268680599233291, 0.7922421720347645, 1.0291528623555026, 0.026590396636477873, 0.7932521627994362, 2.238353098521857e-15, -1.634938358441546e-16, 0.7039415019304053, 0.13662286964727902, 0.1365741195703444, 0.0077531340562023016, 0.0018787613881106572, 0.7209858780410715, -8.949508017519182e-16, 0.05164710858111859]
E for cur_iter:  -8.17042224653685
params in def chemistry in vqe.py:  [ 7.40280956e-02  3.67536223e-02  1.97829478e-01  1.04437573e-01
  1.24899353e-01  1.08115866e-01  5.50246341e-02 -1.96159105e-17
  6.81729565e-02  5.31452446e-02  1.25876940e-01  1.23306427e-01
  1.03890322e-01  1.63018067e-01  1.49365926e-03  1.25813089e-01
  7.63279498e-17  4.18697556e-03  1.11333127e-01  2.13253856e-02
  2.13208217e-02  1.89782674e-02  1.08500840e-04  1.14470744e-01
  1.08500840e-04  7.04861300e-03  2.89413984e-17 -1.89845560e-16
  9.96303003e-07]
[0.07402809560440216, 0.03675362231384619, 0.19782947846358329, 0.10443757305632656, 0.12489935336611341, 0.10811586562416658, 0.055024634087646254, -1.9615910533603255e-17, 0.06817295648140088, 0.053145244581691495, 0.12587693997253496]
[0.7747571301335895, 0.6527621432892586, 1.024272726297961, 0.009384937890464351, 0.7905069491366956, 4.795826527802256e-16, 0.026307543318813076, 0.6995266699911038, 0.133991349278966, 0.13396267374921247, 0.1192439711561938, 0.0006817308810595132, 0.7192408945925902, 0.0006817308810590821, 0.04428774161265851]
E for cur_iter:  -8.790355729816019
params in def chemistry in vqe.py:  [ 6.89428240e-02  3.15515413e-02  1.97127367e-01  1.06336564e-01
  1.23643072e-01  1.19645032e-01  5.66594416e-02 -2.16338724e-17
  6.33376420e-02  5.28494630e-02  1.18708842e-01  1.55306547e-01
  7.76404290e-02  1.64479354e-01 -1.06251813e-17  1.25856654e-01
  4.90417610e-16  1.05502965e-02  1.16523449e-01  1.67894261e-02
  1.67832954e-02  4.85722573e-17  4.94327996e-03  1.11947571e-01
  3.94035244e-03  7.62301402e-03  1.52808664e-16 -2.92752683e-16
  1.08003061e-06]
[0.06894282403901227, 0.03155154134484184, 0.19712736683226734, 0.10633656438565245, 0.12364307184105917, 0.11964503181013962, 0.056659441641205184, -2.1633872408587882e-17, 0.0633376420130789, 0.05284946299295133, 0.11870884236642745]
[0.9758198151018811, 0.487829202627791, 1.0334542582503419, -6.675998296969646e-17, 0.7907806768287796, 3.0813847215757007e-15, 0.0662894676857196, 0.7321384235185466, 0.10549107545100288, 0.10545255526910927, 3.051884935757553e-16, 0.031059544024290626, 0.7033873333869258, 0.024757964537408826, 0.04789680970880977]
E for cur_iter:  -8.55127045608104
params in def chemistry in vqe.py:  [ 7.33421582e-02  3.69025736e-02  1.97845144e-01  1.04506515e-01
  1.24759485e-01  1.08747589e-01  5.50246341e-02  9.31120978e-17
  6.77171896e-02  5.35673116e-02  1.26045098e-01  1.22683324e-01
  1.04651892e-01  1.63935828e-01  2.39239373e-03  1.25810216e-01
  7.83208728e-17  3.91198435e-03  1.11462686e-01  2.11949324e-02
  2.11903685e-02  1.97048329e-02 -9.36399878e-03  1.14480715e-01
  2.31447456e-02  7.04861300e-03  2.90293178e-17 -1.89963687e-16
  9.96303003e-07]
[0.07334215815426606, 0.03690257360389403, 0.19784514429564834, 0.1045065149822612, 0.12475948504182385, 0.10874758900409368, 0.055024634087646296, 9.311209778206672e-17, 0.06771718962841813, 0.053567311624742035, 0.12604509806087388]
[0.7708420568558124, 0.6575472315523241, 1.030039187954685, 0.015031853155403849, 0.7904888981466561, 4.92104557121305e-16, 0.024579722592949497, 0.700340713709759, 0.13317168784144973, 0.13314301231169623, 0.12380911627730289, -0.058835739543951986, 0.7193035490864788, 0.1454227257403864, 0.04428774161265851]
E for cur_iter:  -8.786914759041405
params in def chemistry in vqe.py:  [ 7.82903142e-02  1.87327948e-02  1.95995992e-01  1.05937501e-01
  1.17632598e-01  1.38064655e-01  5.81271895e-02 -1.96096143e-17
  6.94354955e-02  4.79105717e-02  1.24951382e-01  1.38385267e-01
  9.57778266e-02  1.48710011e-01  3.25260652e-18  1.25806029e-01
  2.17258520e-16  2.65570295e-02  1.19227278e-01  1.45966877e-02
  1.45891503e-02  1.67059770e-02  4.20128342e-19  1.12915319e-01
 -2.16569384e-17  8.13871748e-03  4.82613323e-17 -4.58303403e-17
  1.15520217e-06]
[0.07829031424650348, 0.018732794777911024, 0.19599599217880692, 0.10593750139132306, 0.117632597620498, 0.13806465493786002, 0.05812718954475824, -1.960961426188529e-17, 0.06943549548350689, 0.04791057171975845, 0.12495138185739879]
[0.8695002785090341, 0.6017898326737651, 0.9343725549669322, 2.0436729480519325e-17, 0.7904625943140813, 1.3650755437160428e-15, 0.1668627372821277, 0.7491270787924837, 0.0917136935692816, 0.0916663347522175, 0.10496674917803046, 2.6397442245670796e-18, 0.7094678713510487, -1.3607455712445784e-16, 0.051137070080971014]
E for cur_iter:  -8.519754611405952
params in def chemistry in vqe.py:  [ 7.31363535e-02  3.60643631e-02  2.00875726e-01  1.02106418e-01
  1.25349344e-01  1.13654338e-01  4.97933653e-02  2.16946981e-03
  6.75414791e-02  5.43322755e-02  1.26171677e-01  1.22560620e-01
  1.05414923e-01  1.64202718e-01  2.22691993e-03  1.25806158e-01
  7.63222558e-17  4.24222882e-03  1.05865647e-01  2.67892954e-02
  2.67847316e-02  2.06086372e-02  1.21361578e-02  9.90282791e-02
  4.75371202e-03  7.04861300e-03  3.02652739e-17 -6.50953877e-03
  9.96303003e-07]
[0.07313635348875307, 0.03606436310017879, 0.20087572576422114, 0.1021064175213502, 0.12534934442728224, 0.11365433791927464, 0.049793365289921704, 0.0021694698055546463, 0.0675414790986548, 0.05433227552415523, 0.12617167700741644]
[0.7700710882693559, 0.6623414927912145, 1.0317161029729363, 0.013992150604757695, 0.790463405898781, 4.795468763267702e-16, 0.026654709768008877, 0.665173479877252, 0.16832210733818517, 0.16829343180843168, 0.12948788668314218, 0.07625372835774173, 0.6222130283430768, 0.029868453512921358, 0.04428774161265856]
E for cur_iter:  -8.81137996764519
params in def chemistry in vqe.py:  [ 7.05173625e-02  3.34475606e-02  1.99734128e-01  1.04216855e-01
  1.23564048e-01  1.13507101e-01  4.70907690e-02  2.10006006e-03
  6.43754596e-02  5.78701305e-02  1.27326174e-01  1.19243922e-01
  1.09131217e-01  1.67781802e-01  3.77560848e-03  1.25795012e-01
  6.18949140e-16  5.59348660e-03  1.10191179e-01  2.26239853e-02
  2.26189991e-02  2.56721328e-02  4.67042335e-02  1.29198434e-01
  1.80825956e-02  7.20344342e-03 -7.03693502e-17  1.12757026e-16
  1.01887187e-06]
[0.0705173624667172, 0.03344756055097948, 0.1997341283754795, 0.1042168553739322, 0.12356404756077402, 0.1135071008958256, 0.04709076901901417, 0.002100060060910075, 0.06437545959151915, 0.05787013045620242, 0.1273261743369022]
[0.749231657596139, 0.6856916616711056, 1.0542041545539362, 0.023722847743875525, 0.7903933714212588, 3.888972141409888e-15, 0.03514491283910369, 0.6923515978686438, 0.14215069173836084, 0.1421193625719198, 0.161302767314653, 0.2934513537298186, 0.8117776993377972, 0.11361629893702227, 0.04526056984176836]
E for cur_iter:  -8.753522101652429
params in def chemistry in vqe.py:  [ 7.31137392e-02  3.60231290e-02  1.99962031e-01  1.02975359e-01
  1.25006009e-01  1.13708345e-01  4.99868711e-02  2.08922064e-03
  6.74659378e-02  5.44435552e-02  1.26176025e-01  1.22562324e-01
  1.05444943e-01  1.64206875e-01  2.20989943e-03  1.50668348e-01
  2.16119264e-03  4.24561854e-03  1.05519378e-01  2.71355543e-02
  2.71309905e-02  2.06174083e-02  1.21717578e-02  9.89543477e-02
  4.76715165e-03  7.04861300e-03  3.01665016e-17 -6.26874950e-03
  9.96303003e-07]
[0.07311373916378323, 0.0360231290174453, 0.19996203063341889, 0.10297535890556142, 0.12500600872405476, 0.11370834488844593, 0.049986871072226484, 0.002089220640745328, 0.06746593778719814, 0.05444355522727384, 0.12617602493210342]
[0.770081792230869, 0.66253011490118, 1.0317422214088243, 0.013885207607239216, 0.9466771490898899, 0.013579173868780318, 0.02667600799913767, 0.6629978075264316, 0.17049771611949457, 0.17046904058974105, 0.12954299680667, 0.07647740974901053, 0.6217485035150806, 0.02995289723309502, 0.04428774161265855]
E for cur_iter:  -8.80827307114258
params in def chemistry in vqe.py:  [ 7.29556860e-02  3.60553540e-02  1.84523257e-01  1.17850065e-01
  1.22639727e-01  1.15082205e-01  5.72523718e-02  2.64545330e-17
  6.52768053e-02  5.53400142e-02  1.26312587e-01  1.22001517e-01
  1.05104916e-01  1.64425374e-01  1.81526975e-03  1.20611164e-01
  4.01975208e-02  4.80554457e-03  9.82921992e-02  3.44331405e-02
  3.44283949e-02  2.10197547e-02  1.35770155e-02  9.64865755e-02
  5.29667946e-03  7.11524084e-03 -1.88775891e-16  2.53611534e-03
  1.00601502e-06]
[0.07295568599586585, 0.036055353950355334, 0.18452325650954574, 0.11785006519135548, 0.12263972727406484, 0.11508220490719312, 0.05725237182208037, 2.6454533008646308e-17, 0.06527680528682592, 0.05534001419682613, 0.1263125873525928]
[0.7665581399668252, 0.660393664687163, 1.033115096943274, 0.011405676249117484, 0.7578222923572678, 0.2525684723118301, 0.030194127019160084, 0.6175881016361652, 0.21634980255143782, 0.21631998508780279, 0.13207101363415402, 0.08530690440124387, 0.6062430337703077, 0.03328001858190142, 0.044706376733654754]
E for cur_iter:  -8.747842040315094
params in def chemistry in vqe.py:  [ 7.31518888e-02  3.61070437e-02  2.04296403e-01  9.87439604e-02
  1.25746450e-01  1.13530514e-01  4.90895010e-02  2.46137075e-03
  6.78818978e-02  5.40225150e-02  1.26163693e-01  1.22561963e-01
  1.05370342e-01  1.64188073e-01  2.29083618e-03  1.25790454e-01
  3.87885768e-03  4.22958232e-03  9.96147256e-02  3.74550627e-02
  5.99334327e-03  2.05765252e-02  1.20080453e-02  9.92959560e-02
  4.70539024e-03  7.04861300e-03  3.03805517e-17 -7.38539354e-03
  9.96303003e-07]
[0.07315188882721528, 0.03610704374902462, 0.20429640347138478, 0.09874396036788924, 0.1257464504079043, 0.11353051355632462, 0.04908950101908159, 0.002461370746194659, 0.06788189784666511, 0.05402251495870414, 0.12616369308668465]
[0.7700795232573436, 0.6620613837293503, 1.031624084839086, 0.014393748205259134, 0.7903647321614689, 0.024371581600589456, 0.026575249462788046, 0.6258977800721326, 0.2353370996868, 0.03765728638112668, 0.12928612109179283, 0.07544877376708407, 0.6238948916634742, 0.029564838813953116, 0.04428774161265862]
E for cur_iter:  -8.808241400346253
params in def chemistry in vqe.py:  [ 7.29546405e-02  3.62520023e-02  1.94654287e-01  1.07753684e-01
  1.23419599e-01  1.15050974e-01  5.67697414e-02  4.03323208e-17
  6.60385135e-02  5.42442038e-02  1.26330514e-01  1.21785448e-01
  1.04768090e-01  1.64442190e-01  1.96164678e-03  1.25966856e-01
  8.63672619e-16  4.96912580e-03  6.45530746e-02  3.07823674e-03
  2.22864869e-02  2.10264384e-02  1.35199079e-02  9.67903454e-02
  5.27486004e-03  7.14188431e-03 -1.09479412e-16  1.84119090e-03
  1.00989870e-06]
[0.0729546405453028, 0.036252002277826656, 0.1946542865249613, 0.10775368362430111, 0.12341959892824647, 0.11505097422603701, 0.05676974144770373, 4.0332320816460765e-17, 0.06603851353474545, 0.05424420384812722, 0.1263305136885728]
[0.7652005390358981, 0.6582773250367443, 1.0332207529168653, 0.012325390237304902, 0.791473097281832, 5.426615107514837e-15, 0.031221938219758022, 0.4055989300502233, 0.019341131868039426, 0.1400301269611725, 0.13211300853660551, 0.08494808653145866, 0.6081516759798923, 0.03314292312841848, 0.04487378253881632]
E for cur_iter:  -8.797142955929116
params in def chemistry in vqe.py:  [ 7.27756409e-02  3.61523263e-02  1.90225469e-01  1.12482489e-01
  1.24250771e-01  1.15032950e-01  5.39663714e-02  4.38874216e-04
  6.57437128e-02  5.56299523e-02  1.26265741e-01  1.22135052e-01
  1.05472216e-01  1.64483454e-01  1.16093205e-03  1.25906501e-01
 -1.36363255e-02  5.34075904e-03  1.03837987e-01  3.91854774e-02
  2.72950213e-02  2.01721634e-02  1.27575050e-02  9.79667546e-02
  4.99842648e-03  7.04861300e-03  2.99266679e-17 -1.31685111e-03
  9.96303003e-07]
[0.07277564086812739, 0.03615232625338215, 0.1902254691341464, 0.112482488629458, 0.12425077060606105, 0.11503294954947671, 0.05396637137885778, 0.00043887421614793734, 0.06574371284247182, 0.05562995231105313, 0.12626574093769238]
[0.767397165108437, 0.6627014768647381, 1.0334800220852984, 0.007294351204253822, 0.7910938798296008, -0.08567956013970811, 0.03355697872021465, 0.6524333170880122, 0.2462096157782021, 0.17149967675633862, 0.1267454409324939, 0.08015776820531127, 0.615543272783237, 0.03140603981404052, 0.04428774161265832]
E for cur_iter:  -8.808240285116762
params in def chemistry in vqe.py:  [ 8.03522834e-02  3.27365534e-02  2.00657634e-01  9.95445572e-02
  1.07415733e-01  9.86320639e-02  5.90331819e-02 -8.67361738e-19
  7.85338322e-02  3.71917536e-02  1.25845556e-01  1.25784747e-01
  9.93826059e-02  1.59895632e-01  2.55059828e-02  1.25862729e-01
  1.34274752e-16  8.84708973e-17  1.12112723e-01  2.45764179e-02
  2.29209029e-02  4.02449596e-02  1.91588649e-02  8.51200586e-02
  7.09639239e-03  8.12517944e-03  4.12335917e-17  1.17519616e-03
  1.15322879e-06]
[0.08035228341377579, 0.032736553417452074, 0.20065763403296724, 0.0995445572455865, 0.10741573281851914, 0.09863206386772402, 0.05903318191102752, -8.673617379884035e-19, 0.07853383216429002, 0.037191753560699446, 0.12584555643912884]
[0.7903288750439206, 0.6244393290719569, 1.004653887851168, 0.16025881620411905, 0.790818849814752, 8.436731469385766e-16, 5.558790418701257e-16, 0.7044250151448119, 0.15441818814211727, 0.1440162801294627, 0.2528665388916627, 0.12037869840610166, 0.5348251012929515, 0.04458794842230631, 0.05105200807513986]
E for cur_iter:  -8.484093983727664
{'IIII': -5.813150775102715, 'IIIZ': 1.6350361341896456, 'IIZX': -0.018528464954760432, 'IIIX': 0.018528464954760432, 'IIXX': -0.03918165577299671, 'IIYY': -0.03918165577299671, 'IIZZ': 0.43974504331934133, 'IIXZ': -0.010416847948873039, 'IIXI': 0.010416847948873039, 'IIZI': 0.26987265865536025, 'IZII': 1.6350361341896462, 'ZXII': -0.018528464954760446, 'IXII': 0.018528464954760446, 'XXII': -0.03918165577299672, 'YYII': -0.03918165577299672, 'ZZII': 0.4397450433193413, 'XZII': -0.010416847948873039, 'XIII': 0.010416847948873039, 'ZIII': 0.26987265865536025, 'IZIZ': 0.41454169378804745, 'IZZX': -0.029213980981032856, 'IZIX': 0.029213980981032856, 'IZXX': -0.034408915951547256, 'IZYY': -0.034408915951547256, 'ZXIZ': -0.029213980981032853, 'IXIZ': 0.029213980981032853, 'ZXZX': 0.0036744565021423147, 'IXZX': -0.0036744565021423147, 'ZXIX': -0.0036744565021423147, 'IXIX': 0.0036744565021423147, 'ZXXX': 0.0028858915562686004, 'IXXX': -0.0028858915562686004, 'ZXYY': 0.0028858915562686004, 'IXYY': -0.0028858915562686004, 'XXIZ': -0.034408915951547256, 'YYIZ': -0.034408915951547256, 'XXZX': 0.0028858915562686004, 'YYZX': 0.0028858915562686004, 'XXIX': -0.0028858915562686004, 'YYIX': -0.0028858915562686004, 'XXXX': 0.0053782383765687575, 'YYXX': 0.0053782383765687575, 'XXYY': 0.0053782383765687575, 'YYYY': 0.0053782383765687575, 'ZZIZ': 0.09486647602250425, 'ZZZX': 0.0018135969002506568, 'ZZIX': -0.0018135969002506568, 'ZZXX': -0.004272564381343568, 'ZZYY': -0.004272564381343568, 'XZIZ': 0.0028574469714707455, 'XIIZ': -0.0028574469714707455, 'XZZX': -0.0009148940971939957, 'XIZX': 0.0009148940971939957, 'XZIX': 0.0009148940971939957, 'XIIX': -0.0009148940971939957, 'XZXX': 5.8455790964987214e-05, 'XIXX': -5.8455790964987214e-05, 'XZYY': 5.8455790964987214e-05, 'XIYY': -5.8455790964987214e-05, 'ZIIZ': 0.09899076578197036, 'ZIZX': -0.002918335854981047, 'ZIIX': 0.002918335854981047, 'ZIXX': 0.0005001754547318388, 'ZIYY': 0.0005001754547318388, 'IZZZ': 0.09486647602250425, 'IZXZ': 0.002857446971470745, 'IZXI': -0.002857446971470745, 'ZXZZ': 0.0018135969002506568, 'IXZZ': -0.0018135969002506568, 'ZXXZ': -0.0009148940971939957, 'IXXZ': 0.0009148940971939957, 'ZXXI': 0.0009148940971939957, 'IXXI': -0.0009148940971939957, 'XXZZ': -0.004272564381343567, 'YYZZ': -0.004272564381343567, 'XXXZ': 5.8455790964987214e-05, 'YYXZ': 5.8455790964987214e-05, 'XXXI': -5.8455790964987214e-05, 'YYXI': -5.8455790964987214e-05, 'ZZZZ': 0.12357087224898312, 'ZZXZ': -0.011733623912077211, 'ZZXI': 0.011733623912077211, 'XZZZ': -0.011733623912077211, 'XIZZ': 0.011733623912077211, 'XZXZ': 0.003034656830206176, 'XIXZ': -0.003034656830206176, 'XZXI': -0.003034656830206176, 'XIXI': 0.003034656830206176, 'ZIZZ': 0.056656067552821064, 'ZIXZ': 0.0015406700897084716, 'ZIXI': -0.0015406700897084716, 'IZZI': 0.09899076578197036, 'ZXZI': -0.002918335854981047, 'IXZI': 0.002918335854981047, 'XXZI': 0.0005001754547318388, 'YYZI': 0.0005001754547318388, 'ZZZI': 0.056656067552821064, 'XZZI': 0.0015406700897084718, 'XIZI': -0.0015406700897084718, 'ZIZI': 0.08470391802239485}
The optimized loss func value: -8.81137996764519

   Return from subroutine COBYLA because the MAXFUN limit has been reached.

   NFVALS =  100   F =-8.811380E+00    MAXCV = 6.509539E-03
   X = 7.313635E-02   3.606436E-02   2.008757E-01   1.021064E-01   1.253493E-01
       1.136543E-01   4.979337E-02   2.169470E-03   6.754148E-02   5.433228E-02
       1.261717E-01   1.225606E-01   1.054149E-01   1.642027E-01   2.226920E-03
       1.258062E-01   7.632226E-17   4.242229E-03   1.058656E-01   2.678930E-02
       2.678473E-02   2.060864E-02   1.213616E-02   9.902828E-02   4.753712E-03
       7.048613E-03   3.026527E-17  -6.509539E-03   9.963030E-07
