lb in gen_LC_finance:  [0. 0. 0. 0. 0. 0. 0. 0. 0. 0. 0. 0. 0. 0. 0. 0.]
ub in gen_LC_finance:  [1. 1. 1. 1. 1. 1. 1. 1. 1. 1. 1. 1. 1. 1. 1. 1.]
<scipy.optimize._constraints.LinearConstraint object at 0x7f78efe3c520>
params in def chemistry in vqe.py:  [0. 0. 0. 0. 0. 0. 0. 0. 0. 0. 0. 0. 0. 0. 0. 0.]
[0.0, 0.0, 0.0, 0.0, 0.0]
[0.0, 0.0, 0.0, 0.0, 0.0, 0.0, 0.0, 0.0]
E for cur_iter:  -0.16980629938731762
params in def chemistry in vqe.py:  [0.1 0.  0.  0.  0.  0.  0.  0.  0.  0.  0.  0.  0.  0.  0.  0. ]
[0.1, 0.0, 0.0, 0.0, 0.0]
[0.0, 0.0, 0.0, 0.0, 0.0, 0.0, 0.0, 0.0]
E for cur_iter:  -1.8521543668826383
params in def chemistry in vqe.py:  [0.1 0.1 0.  0.  0.  0.  0.  0.  0.  0.  0.  0.  0.  0.  0.  0. ]
[0.1, 0.1, 0.0, 0.0, 0.0]
[0.0, 0.0, 0.0, 0.0, 0.0, 0.0, 0.0, 0.0]
E for cur_iter:  -4.835175255802286
params in def chemistry in vqe.py:  [0.1 0.1 0.1 0.  0.  0.  0.  0.  0.  0.  0.  0.  0.  0.  0.  0. ]
[0.1, 0.1, 0.1, 0.0, 0.0]
[0.0, 0.0, 0.0, 0.0, 0.0, 0.0, 0.0, 0.0]
E for cur_iter:  -6.614176311835702
params in def chemistry in vqe.py:  [0.1 0.1 0.1 0.1 0.  0.  0.  0.  0.  0.  0.  0.  0.  0.  0.  0. ]
[0.1, 0.1, 0.1, 0.1, 0.0]
[0.0, 0.0, 0.0, 0.0, 0.0, 0.0, 0.0, 0.0]
E for cur_iter:  -6.614804679772995
params in def chemistry in vqe.py:  [0.1 0.1 0.1 0.1 0.1 0.  0.  0.  0.  0.  0.  0.  0.  0.  0.  0. ]
[0.1, 0.1, 0.1, 0.1, 0.1]
[0.0, 0.0, 0.0, 0.0, 0.0, 0.0, 0.0, 0.0]
E for cur_iter:  -6.614804679772995
params in def chemistry in vqe.py:  [0.1 0.1 0.1 0.1 0.  0.1 0.  0.  0.  0.  0.  0.  0.  0.  0.  0. ]
[0.1, 0.1, 0.1, 0.1, 0.0]
[0.6283185307179586, 0.0, 0.0, 0.0, 0.0, 0.0, 0.0, 0.0]
E for cur_iter:  -6.633421050711024
params in def chemistry in vqe.py:  [0.1 0.1 0.1 0.1 0.  0.1 0.1 0.  0.  0.  0.  0.  0.  0.  0.  0. ]
[0.1, 0.1, 0.1, 0.1, 0.0]
[0.6283185307179586, 0.6283185307179586, 0.0, 0.0, 0.0, 0.0, 0.0, 0.0]
E for cur_iter:  -6.510548969124435
params in def chemistry in vqe.py:  [0.1 0.1 0.1 0.1 0.  0.1 0.  0.1 0.  0.  0.  0.  0.  0.  0.  0. ]
[0.1, 0.1, 0.1, 0.1, 0.0]
[0.6283185307179586, 0.0, 0.6283185307179586, 0.0, 0.0, 0.0, 0.0, 0.0]
E for cur_iter:  -6.711580105872427
params in def chemistry in vqe.py:  [0.1 0.1 0.1 0.1 0.  0.1 0.  0.1 0.1 0.  0.  0.  0.  0.  0.  0. ]
[0.1, 0.1, 0.1, 0.1, 0.0]
[0.6283185307179586, 0.0, 0.6283185307179586, 0.6283185307179586, 0.0, 0.0, 0.0, 0.0]
E for cur_iter:  -6.7113318752895905
params in def chemistry in vqe.py:  [0.1 0.1 0.1 0.1 0.  0.1 0.  0.1 0.  0.1 0.  0.  0.  0.  0.  0. ]
[0.1, 0.1, 0.1, 0.1, 0.0]
[0.6283185307179586, 0.0, 0.6283185307179586, 0.0, 0.6283185307179586, 0.0, 0.0, 0.0]
E for cur_iter:  -6.6478348043676725
params in def chemistry in vqe.py:  [0.1 0.1 0.1 0.1 0.  0.1 0.  0.1 0.  0.  0.1 0.  0.  0.  0.  0. ]
[0.1, 0.1, 0.1, 0.1, 0.0]
[0.6283185307179586, 0.0, 0.6283185307179586, 0.0, 0.0, 0.6283185307179586, 0.0, 0.0]
E for cur_iter:  -6.717028701966871
params in def chemistry in vqe.py:  [0.1 0.1 0.1 0.1 0.  0.1 0.  0.1 0.  0.  0.1 0.1 0.  0.  0.  0. ]
[0.1, 0.1, 0.1, 0.1, 0.0]
[0.6283185307179586, 0.0, 0.6283185307179586, 0.0, 0.0, 0.6283185307179586, 0.6283185307179586, 0.0]
E for cur_iter:  -6.646380061668897
params in def chemistry in vqe.py:  [0.1 0.1 0.1 0.1 0.  0.1 0.  0.1 0.  0.  0.1 0.  0.1 0.  0.  0. ]
[0.1, 0.1, 0.1, 0.1, 0.0]
[0.6283185307179586, 0.0, 0.6283185307179586, 0.0, 0.0, 0.6283185307179586, 0.0, 0.6283185307179586]
E for cur_iter:  -6.717028701966871
params in def chemistry in vqe.py:  [0.1 0.1 0.1 0.1 0.  0.1 0.  0.1 0.  0.  0.1 0.  0.  0.1 0.  0. ]
[0.1, 0.1, 0.1, 0.1, 0.0]
[0.6283185307179586, 0.0, 0.6283185307179586, 0.0, 0.0, 0.6283185307179586, 0.0, 0.0]
E for cur_iter:  -6.717028701966871
params in def chemistry in vqe.py:  [0.1 0.1 0.1 0.1 0.  0.1 0.  0.1 0.  0.  0.1 0.  0.  0.  0.1 0. ]
[0.1, 0.1, 0.1, 0.1, 0.0]
[0.6283185307179586, 0.0, 0.6283185307179586, 0.0, 0.0, 0.6283185307179586, 0.0, 0.0]
E for cur_iter:  -6.717028701966871
params in def chemistry in vqe.py:  [0.1 0.1 0.1 0.1 0.  0.1 0.  0.1 0.  0.  0.1 0.  0.  0.  0.  0.1]
[0.1, 0.1, 0.1, 0.1, 0.0]
[0.6283185307179586, 0.0, 0.6283185307179586, 0.0, 0.0, 0.6283185307179586, 0.0, 0.0]
E for cur_iter:  -6.717028701966871
params in def chemistry in vqe.py:  [ 1.43583505e-01  1.77279196e-01  1.46087431e-01  1.00016279e-01
  0.00000000e+00  1.00482282e-01  9.01347699e-19  1.02024816e-01
  2.49191213e-21  2.04522901e-19  1.00141153e-01 -3.46944695e-19
  0.00000000e+00  0.00000000e+00  0.00000000e+00  0.00000000e+00]
[0.14358350492161162, 0.17727919572972753, 0.14608743147701828, 0.10001627872235047, 0.0]
[0.6313487997755264, 5.663334616076882e-18, 0.6410408259071089, 1.565714570399074e-20, 1.2850552879848298e-18, 0.6292054228091799, -2.1799178112553945e-18, 0.0]
E for cur_iter:  -8.193856217296023
params in def chemistry in vqe.py:  [ 6.99049159e-02  2.35333576e-01  1.80709651e-01  1.00028508e-01
  0.00000000e+00  1.00844587e-01 -1.04083326e-18  1.03545917e-01
 -3.45589442e-19 -1.00853204e-18  1.00247192e-01 -3.46944695e-19
  0.00000000e+00  0.00000000e+00  0.00000000e+00  0.00000000e+00]
[0.06990491591805698, 0.23533357580339023, 0.18070965079906115, 0.10002850777216812, 0.0]
[0.6336252260495362, -6.53974823998645e-18, 0.6505981841759934, -2.171402507305178e-18, -6.336793682602296e-18, 0.6298716819499731, -2.1799178112553937e-18, 0.0]
E for cur_iter:  -7.766384934760816
params in def chemistry in vqe.py:  [ 1.43583505e-01  1.51668941e-01  1.89030590e-01  1.00016279e-01
  0.00000000e+00  1.00482282e-01  9.01347699e-19  1.02024816e-01
  2.49191213e-21  2.04522901e-19  1.00141153e-01 -3.46944695e-19
  0.00000000e+00  0.00000000e+00  0.00000000e+00  0.00000000e+00]
[0.14358350492161162, 0.1516689411732435, 0.18903058997231398, 0.10001627872235047, 0.0]
[0.6313487997755264, 5.663334616076882e-18, 0.6410408259071089, 1.565714570399074e-20, 1.2850552879848298e-18, 0.6292054228091799, -2.1799178112553945e-18, 0.0]
E for cur_iter:  -8.651559706148229
params in def chemistry in vqe.py:  [ 2.17537004e-01  1.68996466e-01  2.53943074e-01  1.00048456e-01
  0.00000000e+00  1.01435580e-01 -3.46944693e-19  1.06027145e-01
 -3.46944695e-19 -2.27262446e-19  1.00420162e-01 -3.46944695e-19
  0.00000000e+00  0.00000000e+00  0.00000000e+00  0.00000000e+00]
[0.2175370042000322, 0.168996466398286, 0.25394307350084483, 0.10004845586795441, 0.0]
[0.6373385455667044, -2.179917796482423e-18, 0.6661882014753051, -2.179917811255394e-18, -1.4279320612124927e-18, 0.6309584876590997, -2.179917811255395e-18, 0.0]
E for cur_iter:  -7.371436536498662
params in def chemistry in vqe.py:  [ 1.43574201e-01  1.51652444e-01  1.89020752e-01  1.50016264e-01
  0.00000000e+00  1.00482282e-01  9.01347699e-19  1.02024816e-01
  2.49191213e-21  2.04522901e-19  1.00154333e-01 -1.31799007e-05
 -1.31799007e-05 -1.31799007e-05 -1.31799007e-05 -1.31799007e-05]
[0.14357420108325136, 0.15165244426353022, 0.18902075161687026, 0.15001626374473448, 0.0]
[0.6313487997755264, 5.663334616076882e-18, 0.6410408259071089, 1.565714570399074e-20, 1.2850552879848298e-18, 0.6292882345677544, -8.281175857460606e-05, -8.281175857460388e-05]
E for cur_iter:  -8.652904986901245
params in def chemistry in vqe.py:  [1.17751486e-01 1.03975004e-01 1.85181901e-01 1.49924075e-01
 0.00000000e+00 1.00911867e-01 1.24820575e-18 1.03828385e-01
 4.24994757e-21 3.77995241e-19 1.84070157e-01 1.69406589e-20
 1.18584613e-20 1.69406589e-20 1.52465931e-20 1.18584613e-20]
[0.11775148633188998, 0.10397500379094293, 0.1851819013906665, 0.14992407481744333, 0.0]
[0.6340479571772888, 7.842708051143994e-18, 0.6523729804368997, 2.6703208150728324e-20, 2.3750141462783946e-18, 1.1565469075341723, 1.0644129937770483e-19, 7.450890956439338e-20]
E for cur_iter:  -8.43661867637572
params in def chemistry in vqe.py:  [ 1.43574201e-01  1.51652444e-01  1.89020752e-01  1.50016264e-01
  5.00000000e-02  1.00482282e-01  9.01347699e-19  1.02024816e-01
  2.49191213e-21  2.04522901e-19  1.00154333e-01 -1.31799007e-05
 -1.31799007e-05 -1.31799007e-05 -1.31799007e-05 -1.31799007e-05]
[0.14357420108325136, 0.15165244426353022, 0.18902075161687026, 0.15001626374473448, 0.05000000000000001]
[0.6313487997755264, 5.663334616076882e-18, 0.6410408259071089, 1.565714570399074e-20, 1.2850552879848298e-18, 0.6292882345677544, -8.281175857460606e-05, -8.281175857460388e-05]
E for cur_iter:  -8.652904986901245
params in def chemistry in vqe.py:  [1.25389688e-01 1.18213394e-01 1.84632923e-01 1.49974685e-01
 0.00000000e+00 1.00753963e-01 1.02027032e-18 1.89250623e-01
 1.58480996e-17 1.13067659e-17 6.97654786e-02 2.37169225e-20
 2.20228566e-20 1.69406589e-20 2.37169225e-20 1.86347248e-20]
[0.12538968754706933, 0.11821339366774924, 0.1846329231468885, 0.1499746851253035, 0.0]
[0.6330558178690172, 6.4105474761614776e-18, 1.1890967357732705, 9.957654653150933e-17, 7.104250563430544e-17, 0.43834942981071884, 1.4901781912878676e-19, 1.3837368919101629e-19]
E for cur_iter:  -8.517209589426933
params in def chemistry in vqe.py:  [ 0.14331451  0.15119198  0.18874614  0.15001568  0.          0.15042138
 -0.00157179  0.1014173  -0.00096427 -0.00096427  0.09955794 -0.00038106
 -0.00038106 -0.00038106 -0.00038106 -0.00038106]
[0.143314513174865, 0.1511919839876316, 0.1887461443152158, 0.1500156818161633, 0.0]
[0.9451254091280893, -0.009875844595488898, 0.6372236586307988, -0.00605867731917886, -0.006058677319178858, 0.6255409916846985, -0.002394246194697558, -0.0023942461946975554]
E for cur_iter:  -8.651533636721034
params in def chemistry in vqe.py:  [ 1.11664735e-01  9.26195024e-02  1.85733247e-01  1.49943057e-01
  0.00000000e+00  8.16951685e-02  5.91433886e-18  5.06564033e-02
 -1.54731379e-18 -1.64488063e-17  5.02102210e-02  1.35525272e-20
 -2.03287907e-20 -3.04931861e-20 -2.87991202e-20 -3.89635156e-20]
[0.11166473500700477, 0.0926195023688699, 0.18573324656701207, 0.14994305666965543, 0.0]
[0.5133058821235069, 3.716088704840743e-17, 0.3182835689545731, -9.722059283085438e-18, -1.0335089793534257e-16, 0.31548012269185877, 8.515303950216386e-20, -1.277295592532458e-19]
E for cur_iter:  -8.275428878762908
params in def chemistry in vqe.py:  [ 0.14373118  0.15180343  0.1891108   0.15001662  0.          0.09893804
 -0.04997002  0.10217432  0.00036511  0.00036511  0.10029706  0.0002092
  0.0002092   0.0002092   0.0002092   0.0002092 ]
[0.14373118043989877, 0.15180343049253453, 0.18911079612907697, 0.15001661595888796, 0.0]
[0.6216460184362107, -0.3139709125467003, 0.6419801969006119, 0.002294024769035265, 0.0022940247690352664, 0.6301850148791258, 0.0013144326990893165, 0.0013144326990893187]
E for cur_iter:  -8.650761560037624
params in def chemistry in vqe.py:  [ 2.13311009e-01  1.46406243e-01  2.60046990e-01  1.50169010e-01
  0.00000000e+00  9.78136637e-02  1.05347670e-18  1.08633432e-01
  5.78126930e-18 -1.08977246e-17  1.03856888e-01  6.77626358e-21
  0.00000000e+00  3.38813179e-21 -1.69406589e-21 -1.69406589e-21]
[0.21331100917232104, 0.14640624259826376, 0.26004698990366903, 0.15016900967330998, 0.0]
[0.6145813745814593, 6.619189310940945e-18, 0.6825639835107422, 3.632478633319913e-17, -6.847242295959629e-17, 0.6525520730825443, 4.257651975108193e-20, 0.0]
E for cur_iter:  -7.362091093070781
params in def chemistry in vqe.py:  [0.12264807 0.16118879 0.21027752 0.15003915 0.         0.10170689
 0.00050675 0.10234681 0.01467074 0.01467074 0.10008074 0.01473116
 0.01473116 0.01473116 0.01473116 0.01473116]
[0.12264807493491267, 0.16118878626707314, 0.21027751951802048, 0.15003915121420985, 0.0]
[0.6390432465980973, 0.003184007194084677, 0.6430639590687066, 0.0921790034829993, 0.0921790034829993, 0.6288258223248067, 0.09255860396737244, 0.09255860396737244]
E for cur_iter:  -8.46951308790546
params in def chemistry in vqe.py:  [ 6.57561666e-02  2.06635706e-01  2.19134852e-01  1.50056938e-01
  0.00000000e+00  9.82981127e-02  9.21589522e-19  1.04693121e-01
  3.68140904e-18  2.04480970e-19  1.01717163e-01 -4.85519285e-18
 -3.88449310e-18 -4.17756650e-18 -4.47233396e-18 -4.77048956e-18]
[0.06575616663070895, 0.20663570583202748, 0.21913485217277073, 0.15005693844959478, 0.0]
[0.617625257251896, 5.7905177423255886e-18, 0.6578062824697226, 2.3130975219501098e-17, 1.2847918260393543e-18, 0.6391077816205373, -3.05060764016502e-17, -2.4406989947307717e-17]
E for cur_iter:  -8.036512242710682
params in def chemistry in vqe.py:  [ 1.74977261e-01  1.45777541e-01  2.27368602e-01  1.50089652e-01
  0.00000000e+00  1.00369204e-01  7.24089831e-05  1.04669494e-01
  1.82580834e-19  2.28487722e-18  1.01479908e-01 -2.23447291e-18
 -1.84991996e-18 -1.43317975e-18 -1.04354459e-18 -8.45338881e-19]
[0.1749772606199746, 0.14577754092448236, 0.22736860172594472, 0.15008965223886298, 0.0]
[0.630638305441287, 0.000454959058939202, 0.6576578285707393, 1.1471892133251376e-18, 1.435630698713768e-17, 0.6376170651546127, -1.4039607387919267e-17, -1.1623389892045368e-17]
E for cur_iter:  -8.220689474849538
params in def chemistry in vqe.py:  [ 1.40012848e-01  1.53392868e-01  1.92191401e-01  1.50019650e-01
  0.00000000e+00  1.00156968e-01 -9.99043047e-05  1.02120941e-01
 -2.38890813e-02  2.20624745e-03  1.00190208e-01  2.15719285e-03
  2.15719285e-03  2.15719285e-03  2.15719285e-03  2.15719285e-03]
[0.14001284797967964, 0.1533928678739316, 0.192191401387413, 0.15001965024573324, 0.0]
[0.6293047871110022, -0.0006277172594845382, 0.6416447980306642, -0.1500995243714694, 0.013862261579738536, 0.6295136419437115, 0.013554042445206855, 0.013554042445206855]
E for cur_iter:  -8.629104371235904
params in def chemistry in vqe.py:  [ 1.05818445e-01  1.79924787e-01  2.05460984e-01  1.50040484e-01
  0.00000000e+00  9.95274536e-02  9.81383965e-19  1.03571448e-01
  8.76547744e-04  1.13087445e-17  1.01061368e-01 -1.85669622e-18
 -1.03507426e-18 -5.53959548e-19 -5.08219768e-20  4.38763067e-19]
[0.10581844546488561, 0.179924787474425, 0.20546098444415895, 0.15004048418072496, 0.0]
[0.6253494338335892, 6.166217307594301e-18, 0.6507586000021456, 0.005507511908094124, 7.105493725294062e-17, 0.6349873042926608, -1.166596641179645e-17, -6.503563391977765e-18]
E for cur_iter:  -8.368322945630627
params in def chemistry in vqe.py:  [ 1.44758807e-01  1.50736414e-01  1.93274809e-01  1.50022060e-01
  0.00000000e+00  1.00198110e-01 -6.57299476e-05  1.02144640e-01
 -6.19967946e-05 -2.30467745e-02  1.00188897e-01  3.81832816e-03
  3.81832816e-03  3.81832816e-03  3.81832816e-03  3.81832816e-03]
[0.1447588069973249, 0.15073641434478505, 0.1932748094939744, 0.15002205977808356, 0.0]
[0.6295632899830086, -0.00041299344088760676, 0.6417936992069021, -0.0003895373488704419, -0.1448071549640303, 0.6295054072785119, 0.02399126342431304, 0.02399126342431304]
E for cur_iter:  -8.637073335039787
params in def chemistry in vqe.py:  [ 1.75919976e-01  1.45834551e-01  2.26380962e-01  1.50089186e-01
  0.00000000e+00  1.00537580e-01  1.17501307e-04  1.04699111e-01
  6.97489210e-19  3.88701231e-03  1.01508534e-01 -7.02529126e-18
 -5.90551371e-18 -6.79828643e-18 -6.48996644e-18 -8.09932904e-18]
[0.1759199759717583, 0.14583455096076775, 0.22638096224666135, 0.15008918603240118, 0.0]
[0.6316962474127102, 0.0007382824836816727, 0.6578439139932968, 4.3824539541984436e-18, 0.024422818621717333, 0.6377969285109629, -4.4141206851934193e-17, -3.7105436963067904e-17]
E for cur_iter:  -8.241531407157288
params in def chemistry in vqe.py:  [ 1.44925864e-01  1.50537763e-01  1.94035941e-01  1.50015866e-01
  0.00000000e+00  1.00476492e-01 -9.37331602e-06  1.02135946e-01
 -3.05136373e-05  2.41807778e-04  1.00164776e-01 -2.27378085e-02
  4.46726764e-03  4.46726764e-03  4.46726764e-03  4.46726764e-03]
[0.144925863723684, 0.15053776270154093, 0.19403594112757963, 0.1500158655345714, 0.0]
[0.631312420387675, -5.889428149566252e-05, 0.6417390780307304, -0.00019172283745769967, 0.001519323080901081, 0.6293538486637754, -0.1428658641661962, 0.0280686703811668]
E for cur_iter:  -8.624008174323063
params in def chemistry in vqe.py:  [ 1.76908115e-01  1.46243506e-01  2.25197263e-01  1.50093733e-01
  0.00000000e+00  1.00544723e-01  1.30705691e-04  1.04781228e-01
  1.75148088e-18  3.95232515e-03  1.01580967e-01  5.04368699e-03
 -2.55126324e-18 -2.59530895e-18 -2.47503027e-18 -4.78234802e-18]
[0.17690811537029183, 0.14624350589113416, 0.22519726332976003, 0.15009373305587628, 0.0]
[0.6317411236564733, 0.0008212480789705434, 0.6583598705163339, 1.1004878950349395e-17, 0.024833191294678553, 0.6382520382991747, 0.03169042001100549, -1.6030059686282347e-17]
E for cur_iter:  -8.25839724536051
params in def chemistry in vqe.py:  [ 1.45202682e-01  1.50309478e-01  1.95063043e-01  1.50015784e-01
  0.00000000e+00  1.00475307e-01 -1.12929546e-05  1.02158706e-01
 -3.67627765e-05  2.91329586e-04  1.00166915e-01  2.86845230e-04
 -2.22937622e-02  5.38485541e-03  5.38485541e-03  5.38485541e-03]
[0.14520268185284937, 0.15030947788003676, 0.19506304311015718, 0.15001578398183105, 0.0]
[0.6313049699530887, -7.095572666289112e-05, 0.6418820788363788, -0.00023098733704194908, 0.0018304777731090426, 0.6293672863151273, 0.0018023017354230576, -0.14007583930301581]
E for cur_iter:  -8.625568187025394
params in def chemistry in vqe.py:  [ 1.78338451e-01  1.46811735e-01  2.23577915e-01  1.50100221e-01
  0.00000000e+00  1.00554840e-01  1.49430118e-04  1.04900076e-01
  1.64874547e-18  4.04902743e-03  1.01684557e-01  5.22136757e-03
  4.38885300e-03 -4.86874538e-18 -4.80606494e-18 -6.33072425e-18]
[0.17833845136810447, 0.14681173487580365, 0.22357791534400379, 0.15010022106208262, 0.0]
[0.6318046961081727, 0.0009388971197280782, 0.6591066131981732, 1.035937331676313e-17, 0.02544078963575666, 0.6389029156389852, 0.032806819999668106, 0.027575976708624148]
E for cur_iter:  -8.291182248091195
params in def chemistry in vqe.py:  [ 1.43574201e-01  1.51652444e-01  1.89020752e-01  1.50016264e-01
  0.00000000e+00  1.00482282e-01  9.01347699e-19  1.02024816e-01
  4.01148200e-19  2.53588291e-19  1.00154333e-01 -1.31799007e-05
 -1.31799007e-05  1.76644896e-02 -1.76908494e-02 -1.31799007e-05]
[0.14357420108325136, 0.15165244426353022, 0.18902075161687026, 0.15001626374473448, 0.0]
[0.6313487997755264, 5.663334616076882e-18, 0.6410408259071089, 2.5204884792020335e-18, 1.593342221338435e-18, 0.6292882345677544, -8.281175857460575e-05, -8.281175857460141e-05]
E for cur_iter:  -8.65277463212832
params in def chemistry in vqe.py:  [ 1.50391290e-01  1.58095022e-01  1.66503668e-01  1.50061949e-01
  0.00000000e+00  1.00565214e-01  1.50441768e-04  1.02593923e-01
  5.12932071e-18  1.20784221e-04  1.00845774e-01  6.50254013e-04
  2.28748447e-04  3.08327645e-02  3.08442689e-02 -1.16687259e-17]
[0.1503912904920356, 0.15809502186741267, 0.16650366821542067, 0.1500619487877592, 0.0]
[0.6318698736769992, 0.0009452535066934221, 0.6446166279691568, 3.222847249089514e-17, 0.0007589096418336476, 0.633632687514911, 0.00408566646061248, 0.0014372688790454558]
E for cur_iter:  -8.582453733940715
params in def chemistry in vqe.py:  [ 1.50755858e-01  1.58439561e-01  1.65299489e-01  1.50064392e-01
  0.00000000e+00  1.00569649e-01  1.58487165e-04  1.02624358e-01
  7.88068703e-18  1.27243577e-04  1.00882752e-01  6.85733451e-04
  2.41686407e-04 -9.70869164e-18 -9.53759099e-19  4.28606519e-02]
[0.1507558580741046, 0.1584395611272782, 0.1652994888129421, 0.1500643919544354, 0.0]
[0.6318977399174058, 0.0009958042277875936, 0.644807856429508, 4.951581693981297e-17, 0.0007994949762104687, 0.6338650222565262, 0.004308590341193855, 0.0015185604815720467]
E for cur_iter:  -8.57610132442625
params in def chemistry in vqe.py:  [ 1.37554146e-01  1.37025808e-01  1.83533499e-01  1.50040893e-01
  0.00000000e+00  9.98933140e-02  8.14240427e-19  8.87020746e-02
  4.24611961e-18 -1.87577233e-18  8.72366441e-02  1.43826194e-18
  1.89227160e-18 -5.00596472e-18 -6.57128160e-18 -9.32583275e-18]
[0.13755414589453904, 0.13702580753252136, 0.18353349897241145, 0.1500408931443979, 0.0]
[0.6276482030644678, 5.116023484319137e-18, 0.5573315720323291, 2.6679156345562386e-17, -1.1785825125330065e-17, 0.5481240003638184, 9.03686631716714e-18, 1.1889493140489628e-17]
E for cur_iter:  -8.706369320017313
params in def chemistry in vqe.py:  [ 1.37762636e-01  1.37397732e-01  1.83740453e-01  1.50038809e-01
  0.00000000e+00  9.98930634e-02 -1.73473921e-09  7.97089797e-02
  1.37702088e-08 -1.49364127e-07  9.59055316e-02 -6.64080582e-07
 -6.64080582e-07 -5.29914484e-07 -5.29914484e-07 -8.03364668e-07]
[0.13776263585469442, 0.1373977323216852, 0.18374045302454903, 0.1500388094300718, 0.0]
[0.6276466283506705, -1.0899687890947305e-08, 0.500826290303496, 8.652077385810823e-08, -9.384824879224632e-07, 0.6025922273178228, -4.17254135511974e-06, -4.172541355116236e-06]
E for cur_iter:  -8.70777031963552
params in def chemistry in vqe.py:  [ 1.30008814e-01  1.20025305e-01  1.78182960e-01  1.50051727e-01
  0.00000000e+00  9.98620475e-02 -8.90457861e-20  8.96612634e-02
  3.90321054e-18 -7.15213445e-18  1.07444259e-01  1.58681035e-18
  1.60279809e-18 -6.24326810e-18 -9.70032719e-18 -1.46372587e-17]
[0.1300088143785533, 0.12002530544795173, 0.1781829600468846, 0.15005172739250447, 0.0]
[0.6274517494514703, -5.594911751799356e-19, 0.5633583329166804, 2.452459510953031e-17, -4.493818608102476e-17, 0.675092189055117, 9.97022346108539e-18, 1.0070677437373098e-17]
E for cur_iter:  -8.585419876360511
params in def chemistry in vqe.py:  [ 1.47075940e-01  1.32082286e-01  1.87504575e-01  1.50041807e-01
  0.00000000e+00  1.00030058e-01  7.33333750e-05  7.97897409e-02
 -2.32594752e-04  2.81999161e-03  9.59042238e-02  2.82212842e-03
  2.82212842e-03  8.50828603e-04  8.50828603e-04  1.28987914e-03]
[0.14707594015858874, 0.13208228566824914, 0.1875045745111289, 0.15004180687088436, 0.0]
[0.6285073876560904, 0.00046076718449380793, 0.5013337277268728, -0.0014614359313221041, 0.017718529831927794, 0.6025840096301854, 0.01773195580737214, 0.01773195580737215]
E for cur_iter:  -8.688642635467788
params in def chemistry in vqe.py:  [ 1.44273117e-01  1.47919976e-01  1.77917378e-01  1.50150754e-01
  0.00000000e+00  9.91513573e-02  6.03240073e-20  6.50875458e-02
  5.81137063e-18 -1.49877186e-18  8.09509726e-02 -1.03052146e-18
 -5.67194437e-18  4.30186858e-18  4.72951434e-18  9.37358423e-18]
[0.14427311661629877, 0.14791997564604098, 0.17791737754272632, 0.15015075429239932, 0.0]
[0.6229863515187746, 3.790269165059924e-19, 0.40895711174143373, 3.651391854681911e-17, -9.41706133338188e-18, 0.5086299614819507, -6.474957292770007e-18, -3.5637877547897796e-17]
E for cur_iter:  -8.680097256077216
params in def chemistry in vqe.py:  [ 1.43970244e-01  1.36745846e-01  1.77807462e-01  1.50034147e-01
  0.00000000e+00  9.96280619e-02 -1.09779249e-04  7.98740760e-02
 -3.59005093e-03 -3.50152702e-03  9.60957949e-02 -3.52521502e-03
 -3.52521502e-03 -2.72696124e-03 -2.72696124e-03 -4.13414687e-03]
[0.1439702436243713, 0.13674584577347396, 0.1778074620833807, 0.15003414683332603, 0.0]
[0.6259815747060982, -0.0006897633659603936, 0.5018636210476863, -0.022556955224445917, -0.02200074309943566, 0.6037876868126878, -0.02214957920675129, -0.022149579206751282]
E for cur_iter:  -8.693127935560637
params in def chemistry in vqe.py:  [1.33840591e-01 1.48603413e-01 1.87873692e-01 1.50154293e-01
 0.00000000e+00 9.96137762e-02 1.42279518e-04 6.53541911e-02
 5.35443026e-03 1.48510596e-03 8.11885443e-02 3.07321332e-03
 1.96933157e-03 2.97816784e-18 3.23132481e-18 8.09710558e-18]
[0.13384059127526238, 0.14860341289178575, 0.1878736924472457, 0.1501542933797943, 0.0]
[0.625891814772016, 0.0008939685767986286, 0.4106324930774951, 0.03364287755698143, 0.009331195952443515, 0.5101226687895514, 0.01930956880940353, 0.012373675198157524]
E for cur_iter:  -8.683251473507822
params in def chemistry in vqe.py:  [ 1.36495837e-01  1.36231530e-01  1.88734493e-01  1.50037268e-01
  0.00000000e+00  9.98406825e-02 -3.20249866e-05  7.96238448e-02
  7.00180775e-05 -3.18806128e-04  9.57776794e-02 -3.08649639e-04
 -3.08649639e-04  2.09348440e-03  2.09348440e-03 -1.09210344e-02]
[0.1364958369039025, 0.13623153048312375, 0.18873449328058303, 0.1500372683337434, 0.0]
[0.6273175095545185, -0.0002012189251036427, 0.5002913718663927, 0.0004399365558017555, -0.002003117982153115, 0.6017889080498239, -0.0019393028753198372, -0.0019393028753198324]
E for cur_iter:  -8.690912454274724
params in def chemistry in vqe.py:  [1.34916508e-01 1.49504409e-01 1.83700575e-01 1.50154876e-01
 0.00000000e+00 9.96589716e-02 1.68019406e-04 6.55116009e-02
 5.26394551e-03 1.74081887e-03 8.13836235e-02 3.31046811e-03
 2.21325319e-03 2.89727620e-18 3.22804256e-18 3.34187475e-03]
[0.1349165081560132, 0.14950440863592476, 0.18370057487456395, 0.1501548759879964, 0.0]
[0.6261757858804184, 0.001055697064519528, 0.41162152802912344, 0.033074345081010655, 0.010937887540660303, 0.5113483874626087, 0.02080028458742306, 0.013906279919927576]
E for cur_iter:  -8.681136826355115
params in def chemistry in vqe.py:  [ 1.36268455e-01  1.35662079e-01  1.90678198e-01  1.50035286e-01
  0.00000000e+00  9.97524343e-02 -7.61273580e-05  7.95936224e-02
 -5.09357624e-04 -1.30109168e-03  9.57296522e-02 -1.28834612e-03
 -1.28834612e-03 -6.94959217e-03 -6.94959217e-03  9.76798973e-04]
[0.13626845539512383, 0.1356620786998543, 0.19067819814956805, 0.15003528553499793, 0.0]
[0.6267630295026471, -0.0004783222974173264, 0.5001014790207113, -0.003200388339547782, -0.008175000124600235, 0.6014871442100848, -0.008094917437265833, -0.008094917437265824]
E for cur_iter:  -8.675078953382448
params in def chemistry in vqe.py:  [0.13680191 0.15010208 0.17631582 0.15014664 0.         0.09983293
 0.00023174 0.06710132 0.00526258 0.00294648 0.08307133 0.00433978
 0.00335593 0.00258434 0.00261119 0.00195534]
[0.13680190771071174, 0.15010207618423171, 0.17631581725048356, 0.15014663715897256, 0.0]
[0.6272688072970417, 0.0014560364814528216, 0.42161000808655386, 0.03306573769798536, 0.018513286962395462, 0.5219525420767236, 0.02726764343437375, 0.02108591969960201]
E for cur_iter:  -8.667434615095495
params in def chemistry in vqe.py:  [ 1.37741166e-01  1.37403057e-01  1.83731920e-01  1.50038733e-01
  0.00000000e+00  1.00280523e-01  1.24927035e-02  7.97037434e-02
 -8.87721226e-05 -8.97532665e-05  9.59005828e-02 -5.47039697e-05
 -5.47039697e-05 -5.77585328e-05 -5.77585328e-05 -5.80320566e-05]
[0.13774116571998765, 0.13740305653724438, 0.18373191979058542, 0.15003873307137866, 0.0]
[0.6300811069117841, 0.07849397092695937, 0.5007933892590462, -0.0005577716962739877, -0.0005639364053000342, 0.6025611328127272, -0.0003437151786379332, -0.0003437151786379296]
E for cur_iter:  -8.703914240225986
params in def chemistry in vqe.py:  [1.36804216e-01 1.50099429e-01 1.76317907e-01 1.50146627e-01
 0.00000000e+00 9.97941685e-02 6.61130308e-20 6.71039391e-02
 5.27058450e-03 2.95495733e-03 8.30739584e-02 4.34446560e-03
 3.36077745e-03 2.58963768e-03 2.61648597e-03 1.96074248e-03]
[0.13680421610777188, 0.15009942900761397, 0.17631790684902024, 0.1501466268543554, 0.0]
[0.6270252534318856, 4.154004240106246e-19, 0.42162648445024115, 0.03311605909974387, 0.018566544487081997, 0.5219690745583098, 0.027297082401490924, 0.021116387491851844]
E for cur_iter:  -8.66765774551261
params in def chemistry in vqe.py:  [1.37844603e-01 1.37552923e-01 1.83821518e-01 1.50038972e-01
 0.00000000e+00 8.74091436e-02 3.92963354e-04 7.98695550e-02
 2.43137596e-04 2.42293783e-04 9.60612242e-02 9.26107011e-05
 9.26107011e-05 9.00928601e-05 9.00928601e-05 8.98191150e-05]
[0.13784460254330666, 0.1375529232540838, 0.1838215175771639, 0.15003897163418373, 0.0]
[0.5492078467966224, 0.002469061574940966, 0.5018352145957072, 0.0015276785729325232, 0.0015223767372827114, 0.6035704726227705, 0.0005818901962930079, 0.0005818901962930107]
E for cur_iter:  -8.70871413272113
params in def chemistry in vqe.py:  [1.36887388e-01 1.50254274e-01 1.76401335e-01 1.50146772e-01
 0.00000000e+00 8.71531724e-02 1.08420217e-19 6.72688162e-02
 5.51581391e-03 3.19991653e-03 8.32339323e-02 4.43812778e-03
 3.45461765e-03 2.68093209e-03 2.70777552e-03 2.05215034e-03]
[0.1368873876887595, 0.15025427418241555, 0.17640133476063433, 0.15014677158778167, 0.0]
[0.547599532261688, 6.812243160173109e-19, 0.422662437629525, 0.03465688092264349, 0.020105668512543726, 0.5229742202787748, 0.027885579258534278, 0.02170600287489002]
E for cur_iter:  -8.667393773482688
params in def chemistry in vqe.py:  [1.37828294e-01 1.37518197e-01 1.83810714e-01 1.62538795e-01
 0.00000000e+00 8.74094847e-02 3.92955543e-04 7.99034728e-02
 2.42064710e-04 2.41586822e-04 9.61015539e-02 8.85883583e-05
 8.85883583e-05 8.74932425e-05 8.74932425e-05 8.72201555e-05]
[0.137828294026298, 0.13751819686727224, 0.18381071380199204, 0.16253879483649725, 0.0]
[0.5492099902460089, 0.0024690124969512627, 0.5020483265226849, 0.0015209374282309303, 0.001517934769326523, 0.6038238716229964, 0.0005566170711964411, 0.0005566170711964486]
E for cur_iter:  -8.70852730282728
params in def chemistry in vqe.py:  [1.26086783e-01 1.24663717e-01 1.70162106e-01 1.49894360e-01
 0.00000000e+00 8.71743609e-02 3.25260652e-19 8.49780953e-02
 4.03200518e-03 2.26719977e-03 1.03056202e-01 3.37652969e-03
 2.48631892e-03 3.07567206e-03 3.09996903e-03 2.50692505e-03]
[0.1260867832705749, 0.12466371687034464, 0.1701621058960159, 0.1498943600208742, 0.0]
[0.5477326636127979, 2.0436729480519327e-18, 0.5339331199054899, 0.02533383568707318, 0.014245236283498146, 0.647521214215189, 0.02121536175600777, 0.015622002482614274]
E for cur_iter:  -8.606118293682796
params in def chemistry in vqe.py:  [1.37844603e-01 1.37552923e-01 1.83821518e-01 1.50038972e-01
 1.25000000e-02 8.74091436e-02 3.92963354e-04 7.98695550e-02
 2.43137596e-04 2.42293783e-04 9.60612242e-02 9.26107011e-05
 9.26107011e-05 9.00928601e-05 9.00928601e-05 8.98191150e-05]
[0.13784460254330666, 0.1375529232540838, 0.1838215175771639, 0.15003897163418373, 0.0125]
[0.5492078467966224, 0.002469061574940966, 0.5018352145957072, 0.0015276785729325232, 0.0015223767372827114, 0.6035704726227705, 0.0005818901962930079, 0.0005818901962930107]
E for cur_iter:  -8.70871413272113
params in def chemistry in vqe.py:  [ 1.39153732e-01  1.34983333e-01  1.92995917e-01  1.50035879e-01
  0.00000000e+00  8.72431576e-02 -2.71050543e-19  7.63336960e-02
  1.93370569e-03  1.85364064e-03  9.24723166e-02  2.24667919e-03
 -8.32125167e-18  1.30337948e-02  1.30438404e-02  1.27983674e-02]
[0.13915373151855295, 0.13498333282412686, 0.19299591710263125, 0.1500358786408748, 0.0]
[0.5481649259632028, -1.7030607900432772e-18, 0.4796187573994447, 0.012149831150222085, 0.011646767615076246, 0.581020700844078, 0.014116301663490203, -5.228396625432861e-17]
E for cur_iter:  -8.671207993844533
params in def chemistry in vqe.py:  [ 0.13889499  0.14046763  0.18367956  0.15003289  0.          0.0883358
 -0.00030137  0.08180243  0.00491721  0.00424059  0.09894283  0.00339843
 -0.00793334 -0.00312623  0.00319573  0.00037834]
[0.13889498734777564, 0.14046762811848387, 0.18367956075619302, 0.1500328944574993, 0.0]
[0.5550302085025455, -0.001893574617977056, 0.5139798489717149, 0.03089573515686512, 0.02664441432203395, 0.621676142474376, 0.021352978407916102, -0.04984661416981436]
E for cur_iter:  -8.705883092549826
params in def chemistry in vqe.py:  [ 1.47528651e-01  1.30811586e-01  1.89097721e-01  1.50028046e-01
  0.00000000e+00  7.53104154e-02  1.19993784e-02  8.41428262e-02
  1.02457105e-17  7.75204553e-18  8.34778669e-02  4.00209136e-04
 -3.91668035e-18  2.57498016e-18  6.54587062e-18  1.39591030e-18]
[0.14752865052887534, 0.13081158578752874, 0.1890977212269624, 0.15002804605499048, 0.0]
[0.4731892954512159, 0.07539431832016537, 0.5286849695977157, 6.437569786363588e-17, 4.870753859523773e-17, 0.5245069070879662, 0.0025145881651267247, -2.4609228416125356e-17]
E for cur_iter:  -8.685146021514408
params in def chemistry in vqe.py:  [1.35577734e-01 1.42535230e-01 1.84684332e-01 1.50033078e-01
 0.00000000e+00 8.61330098e-02 1.26434898e-03 8.19721173e-02
 1.31459513e-17 7.69546255e-03 9.65571323e-02 6.91958738e-03
 1.21972744e-18 3.63207728e-18 4.12093756e-03 1.32814766e-18]
[0.1355777337481745, 0.14253522979387273, 0.18468433169023787, 0.15003307784262132, 0.0]
[0.5411896617113195, 0.007944138960410052, 0.5150460031606204, 8.259844831709894e-17, 0.048352017257386554, 0.6066863547126855, 0.04347704974578236, 7.663773555194748e-18]
E for cur_iter:  -8.70293403931655
params in def chemistry in vqe.py:  [ 1.37657597e-01  1.37144103e-01  1.83652236e-01  1.50038478e-01
  0.00000000e+00  8.74571859e-02  3.93616854e-04  7.94823071e-02
  2.64265539e-04  4.74866480e-03  9.57003016e-02 -4.11095346e-03
 -1.64678022e-04  5.86601103e-04 -4.18539940e-04  8.87934417e-05]
[0.13765759673083075, 0.13714410328571935, 0.18365223629868838, 0.1500384780152147, 0.0]
[0.5495097055191891, 0.0024731676361565876, 0.49940206434708273, 0.0016604293527133535, 0.029836740879142204, 0.6013027287662922, -0.025829882402529383, -0.0010347025257999361]
E for cur_iter:  -8.707205195262695
params in def chemistry in vqe.py:  [1.40323143e-01 1.42557647e-01 1.84923277e-01 1.50028736e-01
 0.00000000e+00 8.69118270e-02 8.93091317e-04 8.37610739e-02
 3.12880513e-03 6.55942314e-18 9.89495228e-02 8.55164464e-18
 7.02087624e-03 9.45966395e-18 6.68208855e-03 1.54669358e-04]
[0.14032314310350968, 0.1425576474587657, 0.18492327735381062, 0.1500287359002919, 0.0]
[0.5460831143720799, 0.0056114582382651886, 0.5262863489965366, 0.019658862437763422, 4.121407111904731e-17, 0.621718187981814, 5.3731567925865396e-17, 0.044113466434088366]
E for cur_iter:  -8.70195691485566
params in def chemistry in vqe.py:  [ 1.40363837e-01  1.42591598e-01  1.84804142e-01  1.50028186e-01
  0.00000000e+00  8.69185246e-02  9.48415673e-04  8.39505491e-02
  3.03568951e-03  9.16150836e-18  9.90921798e-02  9.75885037e-04
  2.75116301e-18  9.49738390e-03  7.79270311e-18 -2.53432258e-18]
[0.14036383659556687, 0.14259159798547352, 0.18480414156631525, 0.15002818559046363, 0.0]
[0.5461251965339916, 0.005959071421845892, 0.5274768568714254, 0.01907379971877428, 5.756345470346277e-17, 0.6226145280510476, 0.0061316665248888425, 1.7286067018939264e-17]
E for cur_iter:  -8.702574733608975
params in def chemistry in vqe.py:  [ 1.35636392e-01  1.34107467e-01  1.80462956e-01  1.50004761e-01
  0.00000000e+00  8.69479919e-02  6.17422867e-04  8.13206014e-02
  2.45493530e-03  4.78656024e-04  9.73576567e-02  9.78210405e-04
  1.10024789e-03  5.60193979e-04  2.04643160e-18 -2.04643160e-18]
[0.1356363916115754, 0.1341074674444946, 0.18046295571716334, 0.15000476076798425, 0.0]
[0.5463103449853605, 0.0038793822849636094, 0.510952407862725, 0.01542481338048985, 0.0030074844956922172, 0.6117161978247936, 0.006146277243085707, 0.006913061362790496]
E for cur_iter:  -8.691932475726844
params in def chemistry in vqe.py:  [ 1.37476715e-01  1.36662680e-01  1.84441610e-01  1.50028979e-01
  0.00000000e+00  8.72592991e-02  5.24242016e-04  8.11719252e-02
 -1.59857860e-03  1.11233083e-05  9.72454937e-02 -3.64089874e-04
 -6.27482880e-04  2.28706764e-04  1.03699148e-03  5.65725648e-04]
[0.1374767151012506, 0.1366626799606453, 0.18444161012845728, 0.15002897853221428, 0.0]
[0.5482663460377214, 0.0032939097299499813, 0.5100182479483097, -0.010044165593069233, 6.98898074312903e-05, 0.6110114569389383, -0.0022876441496811526, -0.003942591213135314]
E for cur_iter:  -8.708428818518543
params in def chemistry in vqe.py:  [1.36795941e-01 1.38636741e-01 1.83549553e-01 1.50046402e-01
 0.00000000e+00 8.77879787e-02 1.13841228e-18 7.68391110e-02
 1.54498810e-18 2.05998413e-18 9.37552348e-02 2.03287907e-18
 1.34170019e-18 1.71093490e-03 3.55719910e-03 2.76041507e-03]
[0.13679594078642218, 0.13863674110994226, 0.18354955287404232, 0.1500464022922938, 0.0]
[0.5515881380911083, 7.152855318181765e-18, 0.48279437316861973, 9.70744650324668e-18, 1.2943262004328906e-17, 0.589081513926828, 1.2772955925324579e-17, 8.430150910714223e-18]
E for cur_iter:  -8.706996065674716
params in def chemistry in vqe.py:  [ 1.37085156e-01  1.37013838e-01  1.84795795e-01  1.50038710e-01
  0.00000000e+00  8.77019564e-02  5.78861710e-05  7.93389616e-02
  6.19567281e-04  5.51018840e-05  9.59917576e-02 -4.49726598e-05
 -1.50181790e-04  6.48903558e-04  1.12622245e-03 -2.32352170e-03]
[0.13708515592645842, 0.13701383769446512, 0.18479579482532943, 0.15003871012227818, 0.0]
[0.5510476438192187, 0.00036370953942178966, 0.4985013976359155, 0.003892856034690398, 0.00034621534772579025, 0.6031340012414821, -0.0002825715555128969, -0.0009436200186339605]
E for cur_iter:  -8.70735631329969
params in def chemistry in vqe.py:  [ 1.40577531e-01  1.37491570e-01  1.84895276e-01  1.50038807e-01
  0.00000000e+00  8.43500827e-02  3.23649852e-03  8.06772843e-02
  2.16840434e-19  1.65340831e-18  9.25836027e-02  1.87024875e-18
  1.01643954e-18 -3.38813179e-18  3.99768128e-04 -2.22261445e-18]
[0.14057753050179356, 0.13749156985694452, 0.18489527634225725, 0.15003880713946036, 0.0]
[0.5299872004863373, 0.020335519976575595, 0.5069103275180359, 1.3624486320346218e-18, 1.0388670819263991e-17, 0.5817199319484292, 1.1751119451298613e-17, 6.3864779626622895e-18]
E for cur_iter:  -8.702341956758293
params in def chemistry in vqe.py:  [ 1.39879457e-01  1.36148829e-01  1.83923422e-01  1.50039158e-01
  0.00000000e+00  8.80774375e-02 -2.79507260e-04  7.92340984e-02
 -6.71017604e-05  1.07165965e-03  9.63761189e-02  1.04785814e-03
  5.19093799e-04  5.67466380e-04  4.49843519e-04  1.64263029e-04]
[0.13987945712598066, 0.13614882908306747, 0.18392342212802576, 0.15003915793335681, 0.0]
[0.553406861072813, -0.0017561959061934867, 0.497842522853914, -0.0004216127948450452, 0.0067334361982246465, 0.6055490140894746, 0.0065838868415602336, 0.0032615625279988824]
E for cur_iter:  -8.7016907897779
params in def chemistry in vqe.py:  [ 1.38755024e-01  1.41539008e-01  1.79172412e-01  1.50035355e-01
  0.00000000e+00  8.76680018e-02  1.30104261e-18  7.92799268e-02
 -1.30104261e-18  5.96311195e-19  9.61579992e-02 -3.93023288e-19
  1.17906986e-18 -3.26615904e-18  5.92404513e-05 -1.24683250e-18]
[0.1387550243131031, 0.14153900770790984, 0.17917241190525401, 0.15003535540920238, 0.0]
[0.5508343007410815, 8.17469179220773e-18, 0.49813047129016796, -8.17469179220773e-18, 3.7467337380952095e-18, 0.6041785278148916, -2.469438145562752e-18, 7.408314436688255e-18]
E for cur_iter:  -8.705271377323
params in def chemistry in vqe.py:  [ 1.37842529e-01  1.37554735e-01  1.83850900e-01  1.50039390e-01
  0.00000000e+00  8.61522633e-02 -2.21345388e-03  8.07078324e-02
  2.71871224e-04  2.07457465e-04  9.52380323e-02  3.47902565e-05
  5.79026519e-05  7.26462895e-05  7.42652470e-05  1.53844447e-04]
[0.137842529107009, 0.13755473454966563, 0.1838508995811889, 0.1500393904721204, 0.0]
[0.541310635179473, -0.013907540914668061, 0.5071022668757008, 0.0017082172792185872, 0.001303493692973334, 0.5983982052563952, 0.00021859362823325323, 0.00036381309184090044]
E for cur_iter:  -8.707527746819144
params in def chemistry in vqe.py:  [ 1.35651210e-01  1.41002066e-01  1.87970849e-01  1.50024674e-01
  0.00000000e+00  8.85936011e-02  7.47340440e-05  7.86954205e-02
 -4.33680869e-19 -3.52365706e-19  9.68475694e-02 -9.48676901e-20
  7.58941521e-19 -4.33680869e-19 -1.49077799e-19  1.30860426e-03]
[0.1356512102435288, 0.14100206603741947, 0.18797084925661733, 0.15002467369341568, 0.0]
[0.5566500125770911, 0.00046956784712021507, 0.49445790956047114, -2.7248972640692436e-18, -2.2139790270562606e-18, 0.6085112251567729, -5.96071276515147e-19, 4.768570212121176e-18]
E for cur_iter:  -8.694155598629951
params in def chemistry in vqe.py:  [1.37898235e-01 1.37619552e-01 1.83999048e-01 1.50038505e-01
 0.00000000e+00 8.52667628e-02 4.12309082e-04 7.82864722e-02
 3.32343888e-04 2.38768884e-04 9.76770772e-02 6.07562647e-05
 9.44075077e-05 5.09362169e-05 1.05851717e-05 1.41268709e-04]
[0.1378982351166189, 0.13761955242440188, 0.1839990478191034, 0.15003850465551916, 0.0]
[0.5357468712361223, 0.0025906143658125215, 0.4918884115722817, 0.0020881782359518466, 0.0015002291434570252, 0.6137231763815545, 0.000381742869564024, 0.0005931798651700968]
E for cur_iter:  -8.708575170387137
params in def chemistry in vqe.py:  [ 1.35634383e-01  1.40997335e-01  1.87945039e-01  1.50024733e-01
  0.00000000e+00  8.90393414e-02  6.99033897e-05  7.90194256e-02
 -2.98155597e-19 -1.08420217e-19  9.65157778e-02 -1.35525272e-18
  6.64073831e-19 -9.62229428e-19 -1.76182853e-19  1.30116698e-03]
[0.13563438341470863, 0.14099733513249788, 0.18794503928139636, 0.15002473272112002, 0.0]
[0.5594506814841771, 0.00043921595119938013, 0.4964936939428065, -1.8733668690476048e-18, -6.812243160173109e-19, 0.6064265168249896, -8.515303950216387e-18, 4.172498935606029e-18]
E for cur_iter:  -8.694172876598326
params in def chemistry in vqe.py:  [ 1.36745954e-01  1.39265061e-01  1.85871225e-01  1.50031894e-01
  0.00000000e+00  8.82194774e-02  2.32377690e-04  7.94469753e-02
 -1.89735380e-19 -8.13151629e-20  9.62871723e-02 -6.09863722e-19
  3.25260652e-19 -4.74338450e-19 -9.48676901e-20  6.91952229e-04]
[0.13674595353957275, 0.13926506103703262, 0.1858712252073317, 0.1500318937985749, 0.0]
[0.5542993239172784, 0.0014600720845315109, 0.4991800677517579, -1.192142553030294e-18, -5.109182370129832e-19, 0.6049901463903117, -3.831886777597374e-18, 2.0436729480519327e-18]
E for cur_iter:  -8.702356931003436
params in def chemistry in vqe.py:  [ 1.38049690e-01  1.37921183e-01  1.83722597e-01  1.50038890e-01
  0.00000000e+00  8.73627923e-02  4.37099905e-04  8.01449338e-02
  4.04501240e-04  1.32901258e-04  9.62680327e-02  1.11443345e-04
 -2.37197598e-04  1.46429078e-03 -2.18944380e-04  7.61130030e-05]
[0.1380496903151813, 0.13792118309974463, 0.18372259692220877, 0.15003888987347533, 0.0]
[0.548916612945695, 0.002746379699846517, 0.5035654705443435, 0.0025415562463428766, 0.0008350432303148845, 0.6048698887915142, 0.0007002191861546028, -0.0014903564606955561]
E for cur_iter:  -8.708310405738484
params in def chemistry in vqe.py:  [ 1.38316673e-01  1.39378978e-01  1.81413793e-01  1.50037512e-01
  0.00000000e+00  8.75830601e-02  2.39371027e-04  7.94433305e-02
 -5.14996032e-19 -3.52365706e-19  9.61545268e-02 -7.58941521e-19
  4.06575815e-19 -1.08420217e-18  2.15752168e-04  1.49077799e-19]
[0.13831667321565042, 0.13937897776280772, 0.18141379319855122, 0.15003751156301287, 0.0]
[0.5503005963066823, 0.001504012520143222, 0.4991571667191124, -3.2358155010822265e-18, -2.2139790270562606e-18, 0.6041567098182972, -4.768570212121176e-18, 2.5545911850649156e-18]
E for cur_iter:  -8.706610166727751
params in def chemistry in vqe.py:  [1.37853763e-01 1.37554730e-01 1.83824725e-01 1.48476593e-01
 0.00000000e+00 8.74015252e-02 3.99978764e-04 7.98684378e-02
 2.43380440e-04 2.41332742e-04 9.60488293e-02 9.21661054e-05
 8.93323647e-05 8.91906512e-05 9.06095055e-05 8.71817679e-05]
[0.13785376274572123, 0.1375547300870855, 0.18382472547332962, 0.148476593100511, 0.0]
[0.5491599791935425, 0.0025131406925378054, 0.5018281949855147, 0.0015292044066837819, 0.001516338340216542, 0.6034925927695353, 0.0005790967190440094, 0.0005612918012360612]
E for cur_iter:  -8.70885136105927
params in def chemistry in vqe.py:  [ 1.38793501e-01  1.37700448e-01  1.84179992e-01  1.48484007e-01
  0.00000000e+00  8.57960105e-02  2.06332005e-03  8.03988482e-02
  8.19991427e-05  2.71050543e-20  9.43279360e-02 -5.42101086e-19
  2.84603070e-19 -7.18283939e-19  2.68114252e-04 -4.60785923e-19]
[0.13879350092361134, 0.13770044830426456, 0.18417999150458797, 0.1484840073542831, 0.0]
[0.5390722329020072, 0.012964222244176624, 0.5051608619602217, 0.0005152158086513473, 1.7030607900432772e-19, 0.592679901334075, -3.4061215800865545e-18, 1.788213829545441e-18]
E for cur_iter:  -8.704563752984917
params in def chemistry in vqe.py:  [1.37853763e-01 1.37554730e-01 1.83824725e-01 1.48476593e-01
 1.56250000e-03 8.74015252e-02 3.99978764e-04 7.98684378e-02
 2.43380440e-04 2.41332742e-04 9.60488293e-02 9.21661054e-05
 8.93323647e-05 8.91906512e-05 9.06095055e-05 8.71817679e-05]
[0.13785376274572123, 0.1375547300870855, 0.18382472547332962, 0.148476593100511, 0.0015625000000000003]
[0.5491599791935425, 0.0025131406925378054, 0.5018281949855147, 0.0015292044066837819, 0.001516338340216542, 0.6034925927695353, 0.0005790967190440094, 0.0005612918012360612]
E for cur_iter:  -8.70885136105927
params in def chemistry in vqe.py:  [ 1.39563614e-01  1.36638025e-01  1.84024329e-01  1.48469146e-01
  0.00000000e+00  8.82080114e-02 -1.51788304e-18  7.95238579e-02
  2.26187418e-03  1.00288701e-18  9.65172329e-02 -5.69206141e-19
  9.21571847e-19 -1.59919820e-18  2.28163233e-04  8.85515813e-04]
[0.13956361424809827, 0.13663802457366828, 0.18402432914616354, 0.14846914581484938, 0.0]
[0.5542272809493103, -9.537140424242352e-18, 0.49966313524774564, 0.014211774631216569, 6.301324923160126e-18, 0.6064356594125926, -3.576427659090882e-18, 5.790406686147143e-18]
E for cur_iter:  -8.701040440117264
params in def chemistry in vqe.py:  [ 1.37991058e-01  1.37507936e-01  1.83867588e-01  1.48474358e-01
  0.00000000e+00  8.74452130e-02  3.64430108e-04  7.98809586e-02
  4.70364442e-05 -3.33211171e-04  9.61131182e-02 -5.75313590e-04
  1.32482129e-03  3.50648652e-04  6.05987561e-05  5.27189877e-05]
[0.1379910579746237, 0.13750793647549345, 0.18386758768592346, 0.14847435799699227, 0.0]
[0.5494344772963982, 0.002289781899798182, 0.5019068651605342, 0.0002955386952324002, -0.0020936275332479265, 0.6038965318132827, -0.0036148018961989154, 0.008324097641930418]
E for cur_iter:  -8.706869624878433
params in def chemistry in vqe.py:  [ 1.37400268e-01  1.35809001e-01  1.83282430e-01  1.48467429e-01
  0.00000000e+00  8.79295672e-02  3.21539575e-05  7.78329574e-02
 -8.67361738e-19  9.75781955e-19  9.48166047e-02 -2.30392962e-19
  8.67361738e-19  7.25099210e-05 -1.45012041e-18  9.76556940e-05]
[0.13740026789874157, 0.13580900126147402, 0.18328242963506777, 0.1484674290641703, 0.0]
[0.5524777647039503, 0.00020202927338306678, 0.4890388946494521, -5.449794528138487e-18, 6.131018844155798e-18, 0.5957502974832356, -1.4476016715367857e-18, 5.449794528138487e-18]
E for cur_iter:  -8.70703064827792
params in def chemistry in vqe.py:  [ 1.38077756e-01  1.37339108e-01  1.83888446e-01  1.48744531e-01
  0.00000000e+00  8.75838844e-02  5.05468713e-04  8.00619211e-02
  1.05369768e-04 -2.90624675e-05  9.61623028e-02 -3.91709916e-05
 -8.18831954e-05 -5.52261752e-04 -1.08520773e-03 -4.04206716e-04]
[0.13807775562666996, 0.13733910806729518, 0.18388844574382907, 0.14874453075130542, 0.0]
[0.550305775416255, 0.0031759535922288953, 0.50304388637823, 0.0006620577787691133, -0.00018260486890095477, 0.6042055682267145, -0.0002461185987584656, -0.0005144872900709842]
E for cur_iter:  -8.707863797366004
params in def chemistry in vqe.py:  [ 1.37912111e-01  1.38162482e-01  1.83615263e-01  1.46294756e-01
  0.00000000e+00  8.66778397e-02 -6.50521303e-19  7.95595431e-02
  5.14996032e-19  2.41008985e-04  9.69440262e-02  5.42101086e-20
  1.01643954e-18  1.79698306e-03 -4.60785923e-19 -2.43945489e-19]
[0.1379121106026614, 0.13816248167359232, 0.1836152627135307, 0.1462947562817376, 0.0]
[0.5446129286216215, -4.087345896103865e-18, 0.49988735250554966, 3.2358155010822265e-18, 0.0015143041125940668, 0.609117281054119, 3.4061215800865545e-19, 6.3864779626622895e-18]
E for cur_iter:  -8.709006876121874
params in def chemistry in vqe.py:  [ 1.36909429e-01  1.37825224e-01  1.83093938e-01  1.46252311e-01
  0.00000000e+00  8.64412091e-02  2.41914861e-04  8.00206310e-02
  2.97902699e-04  6.52878671e-04  9.71717139e-02  5.46341490e-04
  3.31873499e-04  1.84933192e-03 -9.08809661e-19 -1.17635936e-18]
[0.13690942933203762, 0.13782522409392675, 0.18309393786244665, 0.14625231093271515, 0.0]
[0.5431261351339824, 0.0015199958980847996, 0.502784453162701, 0.0018717778623170982, 0.004102157670914583, 0.6105478849990504, 0.003432764820123883, 0.0020852226906683236]
E for cur_iter:  -8.706773155816467
params in def chemistry in vqe.py:  [ 1.38086832e-01  1.38151870e-01  1.83678407e-01  1.46301323e-01
  0.00000000e+00  8.67181892e-02 -5.08262253e-05  7.95304936e-02
 -1.82084163e-04 -5.22499072e-05  9.69770836e-02  6.49674547e-04
  1.56301451e-04  1.81094098e-03  4.36914699e-05 -4.20327610e-05]
[0.13808683156686252, 0.13815186989048628, 0.18367840741740432, 0.14630132265012527, 0.0]
[0.5448664524805186, -0.0003193505917630377, 0.4997048287430495, -0.0011440685378872341, -0.00032829584945299936, 0.6093249870433789, 0.004082025569232566, 0.0009820709825947107]
E for cur_iter:  -8.71122224321553
params in def chemistry in vqe.py:  [ 1.38677165e-01  1.38121516e-01  1.83833346e-01  1.46394611e-01
  0.00000000e+00  8.69055052e-02 -1.36202898e-18  7.93804340e-02
  3.79470760e-19  1.23504890e-03  9.69904095e-02  9.40733381e-04
  6.15694143e-04  1.90681033e-03 -9.48676901e-19 -1.32814766e-18]
[0.1386771652461271, 0.13812151579032758, 0.18383334603461834, 0.14639461074109217, 0.0]
[0.5460433930989794, -8.557880469967468e-18, 0.498761976865568, 2.384285106060588e-18, 0.007760041101526444, 0.6094087161270577, 0.005910802158970889, 0.0038685203949684536]
E for cur_iter:  -8.703891897634517
params in def chemistry in vqe.py:  [ 1.38012315e-01  1.38266447e-01  1.83707822e-01  1.46282308e-01
  0.00000000e+00  8.67074131e-02 -2.97138784e-05  7.95008623e-02
 -2.99018557e-04 -5.75233667e-05  9.69148772e-02  6.95195836e-04
  1.92734655e-04  1.78549456e-03 -2.72245267e-04  6.41758095e-04]
[0.13801231498049438, 0.13826644745174843, 0.18370782219008183, 0.1462823075460345, 0.0]
[0.5447987438561268, -0.0001866978039481027, 0.4995186496648941, -0.0018787890063135927, -0.000361429972212456, 0.6089341323347703, 0.004368044264148655, 0.0012109875550211494]
E for cur_iter:  -8.71127043683543
params in def chemistry in vqe.py:  [ 1.37254872e-01  1.39048590e-01  1.84506365e-01  1.46262169e-01
  0.00000000e+00  8.69826324e-02 -7.35224598e-19  7.91667601e-02
 -3.79470760e-19  3.04931861e-19  9.68671096e-02  1.12018085e-03
  5.42101086e-20  1.67446710e-03 -2.71050543e-19  4.67392140e-04]
[0.13725487153232335, 0.139048589947828, 0.1845063650275296, 0.14626216908856232, 0.0]
[0.5465279978224001, -4.619552392992389e-18, 0.4974194241507002, -2.384285106060588e-18, 1.915943388798687e-18, 0.6086339996243667, 0.007038303851770877, 3.4061215800865545e-19]
E for cur_iter:  -8.70985809829273
params in def chemistry in vqe.py:  [ 1.38029269e-01  1.38196033e-01  1.83681917e-01  1.46251705e-01
  0.00000000e+00  8.69975608e-02  5.69943913e-04  7.93735172e-02
 -4.66472808e-04 -8.59009608e-05  9.72147734e-02  6.54295031e-04
  1.14696591e-04  1.82926611e-03 -1.61436722e-04  6.94342144e-04]
[0.13802926884426828, 0.13819603270784928, 0.1836819172718968, 0.14625170500647988, 0.0]
[0.5466217960548215, 0.003581063222300988, 0.49871851705266457, -0.002930935090950837, -0.0005397316547618357, 0.610818436036464, 0.004111056922572928, 0.0007206599356469972]
E for cur_iter:  -8.7080905704438
params in def chemistry in vqe.py:  [ 1.37828210e-01  1.37910312e-01  1.84005467e-01  1.46463004e-01
  0.00000000e+00  8.61544220e-02  3.38813179e-20  8.04408478e-02
 -4.33680869e-19 -6.09863722e-20  9.69907692e-02  1.01535610e-03
 -8.13151629e-20  1.49835319e-03  4.90151570e-04  9.01279683e-04]
[0.13782821010446406, 0.13791031187390337, 0.18400546692370004, 0.14646300438768053, 0.0]
[0.5413241983882688, 2.1288259875540965e-19, 0.5054247531895105, -2.7248972640692436e-18, -3.831886777597374e-19, 0.6094109757566959, 0.006379670537323106, -5.109182370129832e-19]
E for cur_iter:  -8.70840360983318
params in def chemistry in vqe.py:  [ 1.38185873e-01  1.38808284e-01  1.83335598e-01  1.46292443e-01
  0.00000000e+00  8.67083158e-02  1.02728725e-05  7.96752286e-02
 -1.84151272e-04 -8.41370603e-05  9.70802666e-02  7.00095925e-04
  2.61677777e-04  1.53356047e-03 -1.92226401e-04  6.50590517e-04]
[0.13818587269539412, 0.1388082840773891, 0.1833355980444696, 0.14629244309637818, 0.0]
[0.5448044157098589, 6.454636125688705e-05, 0.5006142257149032, -0.0011570565654470913, -0.0005286487408222057, 0.6099733048592783, 0.004398832430293926, 0.001644169965625408]
E for cur_iter:  -8.709602520934377
params in def chemistry in vqe.py:  [ 1.37648711e-01  1.37962109e-01  1.82965092e-01  1.46416109e-01
  0.00000000e+00  8.65510813e-02  3.08319993e-19  7.88024319e-02
 -5.42101086e-19 -2.37169225e-19  9.60413373e-02  1.09148662e-03
  8.13151629e-20  1.84919972e-03  2.71050543e-19  5.66022215e-04]
[0.1376487110395598, 0.13796210904098105, 0.18296509175318562, 0.14641610896260698, 0.0]
[0.543816482469058, 1.937231648674228e-18, 0.49513028255519687, -3.4061215800865545e-18, -1.4901781912878675e-18, 0.6034455192341437, 0.006858012721725921, 5.109182370129832e-19]
E for cur_iter:  -8.70993002986794
params in def chemistry in vqe.py:  [ 1.37971635e-01  1.38210080e-01  1.83722372e-01  1.46498042e-01
  0.00000000e+00  8.63127028e-02 -1.36657398e-04  7.90872807e-02
 -3.43681459e-04 -3.31080907e-05  9.73357493e-02  6.72554376e-04
  2.22563593e-04  1.59452998e-03 -2.29697622e-04  6.74611231e-04]
[0.13797163485327044, 0.13821008044564348, 0.1837223718701415, 0.1464980415961308, 0.0]
[0.54231870634826, -0.0008586437576537856, 0.4969200399010934, -0.0021594142933326313, -0.00020802426878121147, 0.6115785501567882, 0.004225783773686073, 0.0013984082994743434]
E for cur_iter:  -8.711935009306957
{'IIII': -5.813150775102696, 'IIIZ': 1.6350361341896429, 'IIZX': -0.018528464954741322, 'IIIX': 0.018528464954741322, 'IIXX': -0.039181655773015356, 'IIYY': -0.039181655773015356, 'IIZZ': 0.43974504331935726, 'IIXZ': -0.010416847948775915, 'IIXI': 0.010416847948775915, 'IIZI': 0.2698726586553448, 'IZII': 1.6350361341896429, 'ZXII': -0.01852846495474132, 'IXII': 0.01852846495474132, 'XXII': -0.039181655773015404, 'YYII': -0.039181655773015404, 'ZZII': 0.43974504331935726, 'XZII': -0.010416847948775924, 'XIII': 0.010416847948775924, 'ZIII': 0.26987265865534493, 'IZIZ': 0.41454169378804606, 'IZZX': -0.029213980981015256, 'IZIX': 0.029213980981015256, 'IZXX': -0.03440891595156452, 'IZYY': -0.03440891595156452, 'ZXIZ': -0.029213980981015263, 'IXIZ': 0.029213980981015263, 'ZXZX': 0.003674456502139536, 'IXZX': -0.003674456502139536, 'ZXIX': -0.003674456502139536, 'IXIX': 0.003674456502139536, 'ZXXX': 0.0028858915562677582, 'IXXX': -0.0028858915562677582, 'ZXYY': 0.0028858915562677582, 'IXYY': -0.0028858915562677582, 'XXIZ': -0.03440891595156452, 'YYIZ': -0.03440891595156452, 'XXZX': 0.0028858915562677582, 'YYZX': 0.0028858915562677582, 'XXIX': -0.0028858915562677582, 'YYIX': -0.0028858915562677582, 'XXXX': 0.005378238376572371, 'YYXX': 0.005378238376572371, 'XXYY': 0.005378238376572371, 'YYYY': 0.005378238376572371, 'ZZIZ': 0.09486647602250213, 'ZZZX': 0.0018135969002541256, 'ZZIX': -0.0018135969002541256, 'ZZXX': -0.00427256438134308, 'ZZYY': -0.00427256438134308, 'XZIZ': 0.0028574469714678636, 'XIIZ': -0.0028574469714678636, 'XZZX': -0.0009148940971913332, 'XIZX': 0.0009148940971913332, 'XZIX': 0.0009148940971913332, 'XIIX': -0.0009148940971913332, 'XZXX': 5.8455790961738165e-05, 'XIXX': -5.8455790961738165e-05, 'XZYY': 5.8455790961738165e-05, 'XIYY': -5.8455790961738165e-05, 'ZIIZ': 0.09899076578197458, 'ZIZX': -0.0029183358549828183, 'ZIIX': 0.0029183358549828183, 'ZIXX': 0.0005001754547305241, 'ZIYY': 0.0005001754547305241, 'IZZZ': 0.09486647602250213, 'IZXZ': 0.0028574469714678636, 'IZXI': -0.0028574469714678636, 'ZXZZ': 0.0018135969002541256, 'IXZZ': -0.0018135969002541256, 'ZXXZ': -0.0009148940971913331, 'IXXZ': 0.0009148940971913331, 'ZXXI': 0.0009148940971913331, 'IXXI': -0.0009148940971913331, 'XXZZ': -0.004272564381343079, 'YYZZ': -0.004272564381343079, 'XXXZ': 5.8455790961738165e-05, 'YYXZ': 5.8455790961738165e-05, 'XXXI': -5.8455790961738165e-05, 'YYXI': -5.8455790961738165e-05, 'ZZZZ': 0.12357087224900136, 'ZZXZ': -0.011733623912039033, 'ZZXI': 0.011733623912039033, 'XZZZ': -0.011733623912039033, 'XIZZ': 0.011733623912039033, 'XZXZ': 0.0030346568301898636, 'XIXZ': -0.0030346568301898636, 'XZXI': -0.0030346568301898636, 'XIXI': 0.0030346568301898636, 'ZIZZ': 0.05665606755280474, 'ZIXZ': 0.0015406700896958, 'ZIXI': -0.0015406700896958, 'IZZI': 0.09899076578197458, 'ZXZI': -0.0029183358549828174, 'IXZI': 0.0029183358549828174, 'XXZI': 0.0005001754547305241, 'YYZI': 0.0005001754547305241, 'ZZZI': 0.05665606755280474, 'XZZI': 0.0015406700896958, 'XIZI': -0.0015406700896958, 'ZIZI': 0.08470391802240103}
The optimized loss func value: -8.711935009306957

   Return from subroutine COBYLA because the MAXFUN limit has been reached.

   NFVALS =  100   F =-8.711935E+00    MAXCV = 3.436815E-04
   X = 1.379716E-01   1.382101E-01   1.837224E-01   1.464980E-01   0.000000E+00
       8.631270E-02  -1.366574E-04   7.908728E-02  -3.436815E-04  -3.310809E-05
       9.733575E-02   6.725544E-04   2.225636E-04   1.594530E-03  -2.296976E-04
       6.746112E-04
