lb in gen_LC_finance:  [0. 0. 0. 0. 0. 0. 0. 0. 0. 0. 0. 0. 0. 0. 0. 0. 0.]
ub in gen_LC_finance:  [1. 1. 1. 1. 1. 1. 1. 1. 1. 1. 1. 1. 1. 1. 1. 1. 1.]
<scipy.optimize._constraints.LinearConstraint object at 0x7f2ee5242a30>
params in def chemistry in vqe.py:  [0. 0. 0. 0. 0. 0. 0. 0. 0. 0. 0. 0. 0. 0. 0. 0. 0.]
[0.0, 0.0, 0.0, 0.0, 0.0, 0.0, 0.0]
[0.0, 0.0, 0.0, 0.0, 0.0, 0.0, 0.0]
E for cur_iter:  -0.019146217379198513
params in def chemistry in vqe.py:  [0.1 0.  0.  0.  0.  0.  0.  0.  0.  0.  0.  0.  0.  0.  0.  0.  0. ]
[0.1, 0.0, 0.0, 0.0, 0.0, 0.0, 0.0]
[0.0, 0.0, 0.0, 0.0, 0.0, 0.0, 0.0]
E for cur_iter:  -1.578805296902507
params in def chemistry in vqe.py:  [0.1 0.1 0.  0.  0.  0.  0.  0.  0.  0.  0.  0.  0.  0.  0.  0.  0. ]
[0.1, 0.1, 0.0, 0.0, 0.0, 0.0, 0.0]
[0.0, 0.0, 0.0, 0.0, 0.0, 0.0, 0.0]
E for cur_iter:  -2.3173154456978606
params in def chemistry in vqe.py:  [0.1 0.1 0.1 0.  0.  0.  0.  0.  0.  0.  0.  0.  0.  0.  0.  0.  0. ]
[0.1, 0.1, 0.1, 0.0, 0.0, 0.0, 0.0]
[0.0, 0.0, 0.0, 0.0, 0.0, 0.0, 0.0]
E for cur_iter:  -2.325580052140718
params in def chemistry in vqe.py:  [0.1 0.1 0.1 0.1 0.  0.  0.  0.  0.  0.  0.  0.  0.  0.  0.  0.  0. ]
[0.1, 0.1, 0.1, 0.1, 0.0, 0.0, 0.0]
[0.0, 0.0, 0.0, 0.0, 0.0, 0.0, 0.0]
E for cur_iter:  -4.286067446051612
params in def chemistry in vqe.py:  [0.1 0.1 0.1 0.1 0.1 0.  0.  0.  0.  0.  0.  0.  0.  0.  0.  0.  0. ]
[0.1, 0.1, 0.1, 0.1, 0.1, 0.0, 0.0]
[0.0, 0.0, 0.0, 0.0, 0.0, 0.0, 0.0]
E for cur_iter:  -4.296228319991462
params in def chemistry in vqe.py:  [0.1 0.1 0.1 0.1 0.1 0.1 0.  0.  0.  0.  0.  0.  0.  0.  0.  0.  0. ]
[0.1, 0.1, 0.1, 0.1, 0.1, 0.1, 0.0]
[0.0, 0.0, 0.0, 0.0, 0.0, 0.0, 0.0]
E for cur_iter:  -5.171972236556112
params in def chemistry in vqe.py:  [0.1 0.1 0.1 0.1 0.1 0.1 0.1 0.  0.  0.  0.  0.  0.  0.  0.  0.  0. ]
[0.1, 0.1, 0.1, 0.1, 0.1, 0.1, 0.1]
[0.0, 0.0, 0.0, 0.0, 0.0, 0.0, 0.0]
E for cur_iter:  -5.173534673319432
params in def chemistry in vqe.py:  [0.1 0.1 0.1 0.1 0.1 0.1 0.1 0.1 0.  0.  0.  0.  0.  0.  0.  0.  0. ]
[0.1, 0.1, 0.1, 0.1, 0.1, 0.1, 0.1]
[0.6283185307179586, 0.0, 0.0, 0.0, 0.0, 0.0, 0.0]
E for cur_iter:  -5.187486621818033
params in def chemistry in vqe.py:  [0.1 0.1 0.1 0.1 0.1 0.1 0.1 0.1 0.1 0.  0.  0.  0.  0.  0.  0.  0. ]
[0.1, 0.1, 0.1, 0.1, 0.1, 0.1, 0.1]
[0.6283185307179586, 0.6283185307179586, 0.0, 0.0, 0.0, 0.0, 0.0]
E for cur_iter:  -5.170208330186434
params in def chemistry in vqe.py:  [0.1 0.1 0.1 0.1 0.1 0.1 0.1 0.1 0.  0.1 0.  0.  0.  0.  0.  0.  0. ]
[0.1, 0.1, 0.1, 0.1, 0.1, 0.1, 0.1]
[0.6283185307179586, 0.0, 0.6283185307179586, 0.0, 0.0, 0.0, 0.0]
E for cur_iter:  -5.188754285405216
params in def chemistry in vqe.py:  [0.1 0.1 0.1 0.1 0.1 0.1 0.1 0.1 0.  0.1 0.1 0.  0.  0.  0.  0.  0. ]
[0.1, 0.1, 0.1, 0.1, 0.1, 0.1, 0.1]
[0.6283185307179586, 0.0, 0.6283185307179586, 0.6283185307179586, 0.0, 0.0, 0.0]
E for cur_iter:  -4.851313631971605
params in def chemistry in vqe.py:  [0.1 0.1 0.1 0.1 0.1 0.1 0.1 0.1 0.  0.1 0.  0.1 0.  0.  0.  0.  0. ]
[0.1, 0.1, 0.1, 0.1, 0.1, 0.1, 0.1]
[0.6283185307179586, 0.0, 0.6283185307179586, 0.0, 0.6283185307179586, 0.0, 0.0]
E for cur_iter:  -5.188198841422072
params in def chemistry in vqe.py:  [0.1 0.1 0.1 0.1 0.1 0.1 0.1 0.1 0.  0.1 0.  0.  0.1 0.  0.  0.  0. ]
[0.1, 0.1, 0.1, 0.1, 0.1, 0.1, 0.1]
[0.6283185307179586, 0.0, 0.6283185307179586, 0.0, 0.0, 0.6283185307179586, 0.0]
E for cur_iter:  -4.913110690114387
params in def chemistry in vqe.py:  [0.1 0.1 0.1 0.1 0.1 0.1 0.1 0.1 0.  0.1 0.  0.  0.  0.1 0.  0.  0. ]
[0.1, 0.1, 0.1, 0.1, 0.1, 0.1, 0.1]
[0.6283185307179586, 0.0, 0.6283185307179586, 0.0, 0.0, 0.0, 0.6283185307179586]
E for cur_iter:  -5.191909836519325
params in def chemistry in vqe.py:  [0.1 0.1 0.1 0.1 0.1 0.1 0.1 0.1 0.  0.1 0.  0.  0.  0.1 0.1 0.  0. ]
[0.1, 0.1, 0.1, 0.1, 0.1, 0.1, 0.1]
[0.6283185307179586, 0.0, 0.6283185307179586, 0.0, 0.0, 0.0, 0.6283185307179586]
E for cur_iter:  -5.191909836519325
params in def chemistry in vqe.py:  [0.1 0.1 0.1 0.1 0.1 0.1 0.1 0.1 0.  0.1 0.  0.  0.  0.1 0.  0.1 0. ]
[0.1, 0.1, 0.1, 0.1, 0.1, 0.1, 0.1]
[0.6283185307179586, 0.0, 0.6283185307179586, 0.0, 0.0, 0.0, 0.6283185307179586]
E for cur_iter:  -5.191909836519325
params in def chemistry in vqe.py:  [0.1 0.1 0.1 0.1 0.1 0.1 0.1 0.1 0.  0.1 0.  0.  0.  0.1 0.  0.  0.1]
[0.1, 0.1, 0.1, 0.1, 0.1, 0.1, 0.1]
[0.6283185307179586, 0.0, 0.6283185307179586, 0.0, 0.0, 0.0, 0.6283185307179586]
E for cur_iter:  -5.191909836519325
params in def chemistry in vqe.py:  [ 1.56616692e-01  1.26808424e-01  1.00300011e-01  1.71167035e-01
  1.00368847e-01  1.31790104e-01  1.00056718e-01  1.00506465e-01
 -1.24274393e-19  1.00046017e-01 -1.22877256e-18 -3.00856140e-21
  1.38777878e-18  1.00114549e-01  0.00000000e+00  0.00000000e+00
  0.00000000e+00]
[0.1566166924304529, 0.12680842403321493, 0.10030001087236129, 0.17116703467578182, 0.10036884668080985, 0.13179010376237804, 0.10005671752425407]
[0.6315007459421228, -7.8083903727733e-19, 0.6286076644089738, -7.720605674296209e-18, -1.8903348777713095e-20, 8.719671245021576e-18, 0.6290382612127317]
E for cur_iter:  -1.0436239123146118
params in def chemistry in vqe.py:  [0.07860221 0.14518998 0.1        0.1        0.1        0.1
 0.1        0.1        0.         0.1        0.         0.
 0.         0.1        0.         0.         0.        ]
[0.07860220802335147, 0.14518998228063468, 0.1, 0.1, 0.1, 0.1, 0.1]
[0.6283185307179586, 0.0, 0.6283185307179586, 0.0, 0.0, 0.0, 0.6283185307179586]
E for cur_iter:  -5.22774086103737
params in def chemistry in vqe.py:  [-1.38777878e-17  9.09951007e-02  1.00114474e-01  1.27155037e-01
  1.00140740e-01  1.12130075e-01  1.00021642e-01  1.00193251e-01
 -3.92188775e-20  1.00017559e-01 -1.30794567e-18 -8.99464924e-22
 -4.65292377e-19  1.00043708e-01  0.00000000e+00  0.00000000e+00
  0.00000000e+00]
[-1.3877787807814457e-17, 0.09099510073408631, 0.10011447443968863, 0.1271550372647824, 0.1001407399564702, 0.1121300747776195, 0.10002164157171509]
[0.6295327610619713, -2.464194749946166e-19, 0.628428854777262, -8.218065004012453e-18, -5.651504794449709e-21, -2.92351822554836e-18, 0.6285931565822397]
E for cur_iter:  -3.9042438297225495
params in def chemistry in vqe.py:  [0.07860221 0.14518998 0.14999956 0.09978922 0.1        0.1
 0.1        0.1        0.         0.1        0.         0.
 0.         0.1        0.         0.         0.        ]
[0.07860220802335147, 0.14518998228063468, 0.1499995557264409, 0.09978922249044796, 0.1, 0.1, 0.1]
[0.6283185307179586, 0.0, 0.6283185307179586, 0.0, 0.0, 0.0, 0.6283185307179586]
E for cur_iter:  -5.233667825350305
params in def chemistry in vqe.py:  [ 7.47004317e-02  1.44645082e-01  1.49777462e-01  9.08724911e-04
  1.00166929e-01  1.14387248e-01  1.00025669e-01  1.00229211e-01
  1.09196035e-20  1.00020826e-01 -7.85079809e-22  1.08098509e-21
 -1.38777878e-18  1.00051841e-01  0.00000000e+00  0.00000000e+00
  0.00000000e+00]
[0.07470043174521611, 0.14464508203019716, 0.14977746152932558, 0.0009087249108079148, 0.1001669289549822, 0.11438724834985173, 0.10002566865189656]
[0.6297587059710797, 6.860989214680097e-20, 0.628449383962416, -4.932801921597241e-21, 6.792029662716335e-21, -8.719671245021578e-18, 0.6286442591726582]
E for cur_iter:  -4.642687278804713
params in def chemistry in vqe.py:  [0.07860221 0.14518998 0.14999956 0.09978922 0.14999663 0.09941991
 0.1        0.1        0.         0.1        0.         0.
 0.         0.1        0.         0.         0.        ]
[0.07860220802335148, 0.14518998228063468, 0.1499995557264409, 0.09978922249044796, 0.14999663485306855, 0.09941991089569706, 0.1]
[0.6283185307179586, 0.0, 0.6283185307179586, 0.0, 0.0, 0.0, 0.6283185307179586]
E for cur_iter:  -5.246955996129672
params in def chemistry in vqe.py:  [ 7.59417662e-02  1.44818440e-01  1.50088679e-01  8.94313656e-02
  1.48926122e-01  0.00000000e+00  1.00017502e-01  1.00156288e-01
  7.18705747e-20  1.00014200e-01 -6.94749753e-19  2.03037658e-21
 -3.46543286e-19  1.00035348e-01  0.00000000e+00  0.00000000e+00
  0.00000000e+00]
[0.07594176620944919, 0.14481843985807358, 0.15008867907392034, 0.08943136559887233, 0.1489261222809807, 0.0, 0.10001750227330942]
[0.6293005199940279, 4.515761390072533e-19, 0.6284077535278337, -4.365241438887676e-18, 1.2757232309307064e-20, -2.1773956853464904e-18, 0.628540629972013]
E for cur_iter:  -3.8175974843363334
params in def chemistry in vqe.py:  [0.07861688 0.14519693 0.14999961 0.0998026  0.14999672 0.0994269
 0.15       0.1        0.         0.1        0.         0.
 0.         0.1        0.         0.         0.        ]
[0.07861688406834641, 0.1451969314968546, 0.14999961212728533, 0.09980260160840948, 0.1499967159410893, 0.0994268996981662, 0.1499999950846816]
[0.6283185307179586, 0.0, 0.6283185307179586, 0.0, 0.0, 0.0, 0.6283185307179586]
E for cur_iter:  -5.254285489806257
params in def chemistry in vqe.py:  [ 1.46168693e-01  1.80595348e-01  1.50640875e-01  1.30910928e-01
  1.51798000e-01  1.56097806e-01  1.50589829e-01  1.00600404e-01
 -1.63353160e-19  1.00054552e-01 -8.28770095e-20  2.33511655e-21
 -1.38777878e-18  1.00135795e-01  0.00000000e+00  0.00000000e+00
  0.00000000e+00]
[0.14616869298628832, 0.18059534823541834, 0.150640875322832, 0.13091092795947917, 0.15179799983258774, 0.1560978057036747, 0.15058982946235022]
[0.6320909828931983, -1.0263781719506677e-18, 0.6286612928961175, -5.207316082513156e-19, 1.467196996961527e-20, -8.719671245021578e-18, 0.6291717567505586]
E for cur_iter:  -1.1460706936606868
params in def chemistry in vqe.py:  [ 3.47402152e-02  1.24971684e-01  1.50113619e-01  1.07317190e-01
  1.50302539e-01  1.09875764e-01  1.50114022e-01  1.00096899e-01
  1.35665115e-21  1.00008804e-01 -3.39772759e-19  1.58753244e-22
  6.93889390e-19  1.00021916e-01  0.00000000e+00  0.00000000e+00
  0.00000000e+00]
[0.03474021517814128, 0.12497168382675519, 0.15011361879398757, 0.10731718985083526, 0.1503025391407043, 0.10987576435757584, 0.15011402204562838]
[0.6289273627725146, 8.524090573805008e-21, 0.6283738487422724, -2.1348552063351807e-18, 9.97476049653287e-22, 4.35983562251079e-18, 0.6284562319622151]
E for cur_iter:  -4.769915173325867
params in def chemistry in vqe.py:  [0.07859602 0.14518705 0.14999702 0.09918737 0.14999792 0.09953086
 0.15000015 0.1249922  0.         0.1        0.         0.
 0.         0.1        0.         0.         0.        ]
[0.07859602261223203, 0.14518705344256608, 0.1499970185542816, 0.09918736757226572, 0.14999792219671063, 0.09953086428117952, 0.15000015267585068]
[0.7853491641838417, 0.0, 0.6283185307179586, 0.0, 0.0, 0.0, 0.6283185307179586]
E for cur_iter:  -5.2536657846205905
params in def chemistry in vqe.py:  [ 7.61093265e-02  1.44240801e-01  1.49827512e-01  5.07778967e-02
  1.50182896e-01  1.08793460e-01  1.50055420e-01  9.87444641e-02
 -4.53127798e-21  1.00003697e-01 -3.21299754e-19  3.37698715e-22
  0.00000000e+00  1.00009202e-01  0.00000000e+00  0.00000000e+00
  0.00000000e+00]
[0.07610932645610424, 0.14424080096499706, 0.14982751169987604, 0.05077789671099804, 0.1501828964563415, 0.10879346025458098, 0.15005541984467252]
[0.6204297662221909, -2.8470859217852115e-20, 0.628341757329276, -2.018785895539454e-18, 2.1218236040597666e-21, 0.0, 0.628376347918011]
E for cur_iter:  -5.596231737452502
params in def chemistry in vqe.py:  [ 7.61093265e-02  1.44240801e-01  1.49827512e-01  5.07778967e-02
  1.50182896e-01  1.08793460e-01  1.50055420e-01  9.87444641e-02
 -2.50000000e-02  1.00003697e-01 -3.21299754e-19  3.37698715e-22
  0.00000000e+00  1.00009202e-01  0.00000000e+00  0.00000000e+00
  0.00000000e+00]
[0.07610932645610424, 0.14424080096499706, 0.14982751169987604, 0.05077789671099804, 0.1501828964563415, 0.10879346025458098, 0.15005541984467252]
[0.6204297662221909, -0.15707963267948968, 0.628341757329276, -2.018785895539454e-18, 2.1218236040597666e-21, 0.0, 0.628376347918011]
E for cur_iter:  -5.605622026198595
params in def chemistry in vqe.py:  [7.26614428e-02 1.43187943e-01 1.49860333e-01 3.80035672e-02
 1.49899024e-01 6.75782086e-02 1.50172939e-01 9.85800407e-02
 6.93889390e-18 1.00012965e-01 2.79706444e-19 1.79848992e-21
 0.00000000e+00 1.00032274e-01 0.00000000e+00 0.00000000e+00
 0.00000000e+00]
[0.07266144281598168, 0.14318794276017038, 0.14986033314727043, 0.03800356716718227, 0.14989902435205568, 0.0675782086120483, 0.150172939366025]
[0.6193966635364518, 4.35983562251079e-17, 0.6283999945055972, 1.757447419640562e-18, 1.1300245448593248e-20, 0.0, 0.6285213157063746]
E for cur_iter:  -4.3677198618730655
params in def chemistry in vqe.py:  [ 7.61146359e-02  1.44243315e-01  1.49827522e-01  5.07802951e-02
  1.50182947e-01  1.08797830e-01  1.50055417e-01  9.87445104e-02
 -2.50000000e-02  1.25003695e-01 -3.21299754e-19  3.37698715e-22
  0.00000000e+00  1.00009202e-01  0.00000000e+00  0.00000000e+00
  0.00000000e+00]
[0.07611463587944094, 0.1442433150163496, 0.14982752181033654, 0.05078029506238838, 0.1501829471581662, 0.10879783013603163, 0.15005541668417685]
[0.6204300570475316, -0.15707963267948968, 0.7854213825489647, -2.018785895539454e-18, 2.1218236040597666e-21, 0.0, 0.628376347918011]
E for cur_iter:  -5.6026019433020435
params in def chemistry in vqe.py:  [ 9.44844002e-02  1.53971851e-01  1.49969106e-01  4.78266393e-02
  1.50967506e-01  1.46651042e-01  1.50234654e-01  9.85012691e-02
 -3.46944695e-18  9.98355045e-02  1.07519843e-18  1.87930602e-21
  0.00000000e+00  1.00050206e-01  0.00000000e+00  0.00000000e+00
  0.00000000e+00]
[0.09448440017900082, 0.1539718511151754, 0.14996910552263892, 0.04782663932364383, 0.1509675061572835, 0.14665104217145145, 0.15023465418785334]
[0.6189017267686648, -2.179917811255395e-17, 0.6272849752592844, 6.755670957365373e-18, 1.1808027977587559e-20, 0.0, 0.6286339851563724]
E for cur_iter:  -5.43402764912485
params in def chemistry in vqe.py:  [ 7.61093265e-02  1.44240801e-01  1.49827512e-01  5.07778967e-02
  1.50182896e-01  1.08793460e-01  1.50055420e-01  9.87444641e-02
 -2.50000000e-02  1.00003697e-01 -2.50000000e-02  3.37698715e-22
  0.00000000e+00  1.00009202e-01  0.00000000e+00  0.00000000e+00
  0.00000000e+00]
[0.07610932645610424, 0.14424080096499706, 0.14982751169987604, 0.05077789671099804, 0.1501828964563415, 0.10879346025458098, 0.15005541984467252]
[0.6204297662221909, -0.15707963267948968, 0.628341757329276, -0.15707963267948968, 2.1218236040597666e-21, 0.0, 0.628376347918011]
E for cur_iter:  -5.5922444817360955
params in def chemistry in vqe.py:  [ 4.08602546e-02  1.27984381e-01  1.49900654e-01  5.27270420e-02
  1.50549887e-01  1.27877173e-01  1.50145124e-01  9.86636204e-02
 -1.38777878e-17  9.99431291e-02  2.93079948e-04  2.14377183e-21
 -6.00925839e-19  1.00026485e-01  0.00000000e+00  0.00000000e+00
  0.00000000e+00]
[0.04086025464793717, 0.1279843808082369, 0.14990065407860814, 0.05272704199140288, 0.15054988719238033, 0.12787717308503835, 0.15014512446207315]
[0.6199218098845026, -8.71967124502158e-17, 0.627961200397351, 0.0018414756214590032, 1.3469715693678128e-20, -3.775728405418686e-18, 0.6284849416600311]
E for cur_iter:  -5.469575188248618
params in def chemistry in vqe.py:  [ 7.61093265e-02  1.44240801e-01  1.49827512e-01  5.07778967e-02
  1.50182896e-01  1.08793460e-01  1.50055420e-01  9.87444641e-02
 -2.50000000e-02  1.00003697e-01 -3.21299754e-19 -2.50000000e-02
  0.00000000e+00  1.00009202e-01  0.00000000e+00  0.00000000e+00
  0.00000000e+00]
[0.07610932645610424, 0.14424080096499706, 0.14982751169987604, 0.05077789671099804, 0.1501828964563415, 0.10879346025458098, 0.15005541984467252]
[0.6204297662221909, -0.15707963267948968, 0.628341757329276, -2.018785895539454e-18, -0.15707963267948968, 0.0, 0.628376347918011]
E for cur_iter:  -5.602167382684013
params in def chemistry in vqe.py:  [ 7.72891264e-02  1.44933249e-01  1.49922398e-01  6.85410607e-02
  1.50223098e-01  1.08392671e-01  1.67889672e-01  6.35399537e-02
 -5.20417043e-17  9.99814238e-02  9.02999255e-05  2.33192312e-05
 -2.25347190e-19  1.00014527e-01  0.00000000e+00  0.00000000e+00
  0.00000000e+00]
[0.07728912644812448, 0.14493324869524252, 0.14992239788925021, 0.06854106069545943, 0.15022309761895833, 0.10839267142923537, 0.16788967233607283]
[0.3992333032443616, -3.269876716883092e-16, 0.6282018130874836, 0.000567371165357718, 0.0001465190508062424, -1.4158981520320078e-18, 0.6284098063886214]
E for cur_iter:  -5.598643590999891
params in def chemistry in vqe.py:  [ 7.61093265e-02  1.44240801e-01  1.49827512e-01  5.07778967e-02
  1.50182896e-01  1.08793460e-01  1.50055420e-01  9.87444641e-02
 -2.50000000e-02  1.00003697e-01 -3.21299754e-19  3.37698715e-22
 -2.50000000e-02  1.00009202e-01  0.00000000e+00  0.00000000e+00
  0.00000000e+00]
[0.07610932645610424, 0.14424080096499706, 0.14982751169987604, 0.05077789671099804, 0.1501828964563415, 0.10879346025458098, 0.15005541984467252]
[0.6204297662221909, -0.15707963267948968, 0.628341757329276, -2.0187858955394537e-18, 2.121823604059767e-21, -0.15707963267948968, 0.628376347918011]
E for cur_iter:  -5.576029774051641
params in def chemistry in vqe.py:  [7.77593255e-02 1.45218052e-01 1.49957338e-01 7.46249729e-02
 1.50246096e-01 1.08578987e-01 1.75902482e-01 1.23931696e-01
 6.93889390e-17 9.99710976e-02 1.32250274e-04 3.41525720e-05
 2.92548715e-04 1.00017001e-01 0.00000000e+00 0.00000000e+00
 0.00000000e+00]
[0.07775932554571552, 0.1452180522053208, 0.14995733835561043, 0.07462497288821926, 0.15024609580668308, 0.10857898748188456, 0.17590248165976724]
[0.7786858082653352, 4.3598356225107897e-16, 0.6281369316984112, 0.000830952977093418, 0.00021458693867811788, 0.0018381377904848084, 0.6284253500835427]
E for cur_iter:  -5.557499020837535
params in def chemistry in vqe.py:  [ 7.61151954e-02  1.44243580e-01  1.49828016e-01  5.08975761e-02
  1.50422037e-01  1.08767791e-01  1.49933191e-01  9.87475300e-02
 -2.50000000e-02  1.00003688e-01 -3.11571390e-19  5.07448948e-22
 -6.75300631e-21  1.25007459e-01  0.00000000e+00  0.00000000e+00
  0.00000000e+00]
[0.0761151953912047, 0.14424357994932205, 0.14982801621881317, 0.050897576095984345, 0.15042203722380112, 0.10876779125565028, 0.14993319055219376]
[0.6204490296327435, -0.15707963267948968, 0.6283417006126951, -1.9576607788836435e-18, 3.1883957760038883e-21, -4.2430390011078195e-20, 0.7854450270929435]
E for cur_iter:  -5.608685150869157
params in def chemistry in vqe.py:  [ 7.72959568e-02  1.44938442e-01  1.49922570e-01  6.85123918e-02
  1.86078157e-01  1.07999643e-01  1.32889880e-01  9.90928943e-02
 -4.85722573e-17  9.99810518e-02  9.16222311e-05  2.36607060e-05
  2.02676072e-04  1.24518490e-01  0.00000000e+00  0.00000000e+00
  0.00000000e+00]
[0.07729595683226363, 0.14493844228499173, 0.14992256996167258, 0.06851239184111522, 0.18607815710640954, 0.10799964311158622, 0.13288987963968152]
[0.6226190176455844, -3.051884935757553e-16, 0.6281994756818026, 0.0005756794565552639, 0.00014866460034138477, 0.0012734513185106752, 0.782372747685334]
E for cur_iter:  -5.625708143961132
params in def chemistry in vqe.py:  [ 7.72959568e-02  1.44938442e-01  1.49922570e-01  6.85123918e-02
  1.86078157e-01  1.07999643e-01  1.32889880e-01  9.90928943e-02
 -4.85722573e-17  9.99810518e-02  9.16222311e-05  2.36607060e-05
  2.02676072e-04  1.24518490e-01  2.50000000e-02  0.00000000e+00
  0.00000000e+00]
[0.07729595683226363, 0.14493844228499173, 0.14992256996167258, 0.06851239184111522, 0.18607815710640954, 0.10799964311158622, 0.13288987963968152]
[0.6226190176455844, -3.051884935757553e-16, 0.6281994756818026, 0.0005756794565552639, 0.00014866460034138477, 0.0012734513185106752, 0.782372747685334]
E for cur_iter:  -5.625708143961132
params in def chemistry in vqe.py:  [ 7.82924264e-02  1.45530318e-01  1.93499572e-01  8.29343086e-02
  1.72172641e-01  1.08033042e-01  1.18810566e-01  9.93734251e-02
 -1.87394953e-16  9.99611107e-02  1.72633156e-04  4.45811273e-05
  3.81879043e-04  1.24531000e-01  0.00000000e+00  0.00000000e+00
  0.00000000e+00]
[0.07829242638003567, 0.1455303175309263, 0.19349957213121943, 0.08293430862392377, 0.17217264075487576, 0.10803304193304926, 0.11881056630101199]
[0.6243816443950524, -1.1774372146743351e-15, 0.6280741820816906, 0.0010846861083738664, 0.00028011148384929796, 0.002399416792018719, 0.7824513485149543]
E for cur_iter:  -5.459951709613949
params in def chemistry in vqe.py:  [ 7.72959568e-02  1.44938442e-01  1.49922570e-01  6.85123918e-02
  1.86078157e-01  1.07999643e-01  1.32889880e-01  9.90928943e-02
 -4.85722573e-17  9.99810518e-02  9.16222311e-05  2.36607060e-05
  2.02676072e-04  1.24518490e-01  0.00000000e+00 -2.50000000e-02
  0.00000000e+00]
[0.07729595683226363, 0.14493844228499173, 0.14992256996167258, 0.06851239184111522, 0.18607815710640954, 0.10799964311158622, 0.13288987963968152]
[0.6226190176455844, -3.051884935757553e-16, 0.6281994756818026, 0.0005756794565552639, 0.00014866460034138477, 0.0012734513185106752, 0.782372747685334]
E for cur_iter:  -5.625708143961132
params in def chemistry in vqe.py:  [ 9.88096478e-02  9.98145542e-02  1.49966386e-01  6.86000657e-02
  1.86360474e-01  1.08925679e-01  1.33097267e-01  9.90619213e-02
 -4.04331620e-16  9.99743594e-02  1.20371364e-04  3.10849389e-05
  2.66271569e-04  1.24523886e-01  0.00000000e+00  1.07323886e-22
 -4.85722573e-17]
[0.0988096477906191, 0.09981455415305382, 0.14996638557257036, 0.06860006568285684, 0.18636047409470025, 0.10892567932979823, 0.1330972669109119]
[0.6224244082196599, -2.540490496101441e-15, 0.6281574262055468, 0.0007563155867214267, 0.00019531243151301686, 0.0016730336129827084, 0.782406652302723]
E for cur_iter:  -5.555459218861105
params in def chemistry in vqe.py:  [ 7.72959568e-02  1.44938442e-01  1.49922570e-01  6.85123918e-02
  1.86078157e-01  1.07999643e-01  1.32889880e-01  9.90928943e-02
 -4.85722573e-17  9.99810518e-02  9.16222311e-05  2.36607060e-05
  2.02676072e-04  1.24518490e-01  0.00000000e+00  0.00000000e+00
 -2.50000000e-02]
[0.07729595683226362, 0.14493844228499175, 0.14992256996167258, 0.06851239184111522, 0.18607815710640954, 0.10799964311158622, 0.13288987963968152]
[0.6226190176455844, -3.051884935757553e-16, 0.6281994756818026, 0.0005756794565552639, 0.00014866460034138477, 0.0012734513185106752, 0.782372747685334]
E for cur_iter:  -5.625890887053274
params in def chemistry in vqe.py:  [ 7.88403946e-02  1.45856042e-01  1.27987369e-01  9.07788034e-02
  1.65073670e-01  1.08319962e-01  1.11600021e-01  9.95092791e-02
 -4.00654009e-17  9.99488637e-02  2.22841443e-04  5.75470145e-05
  4.92943991e-04  1.24539032e-01  0.00000000e+00  2.76610112e-22
 -1.04083409e-17]
[0.0788403946465928, 0.1458560416572204, 0.12798736929988103, 0.09077880335498606, 0.1650736697001144, 0.10831996160803933, 0.11160002144857689]
[0.625235240185698, -2.51738338336547e-16, 0.6279972318217287, 0.0014001540784613416, 0.00036157855577539173, 0.0030972584430994446, 0.782501813495507]
E for cur_iter:  -5.247700114411318
params in def chemistry in vqe.py:  [ 0.07745853  0.14506009  0.14993812  0.0706175   0.19072949  0.10793415
  0.13072086  0.09910706 -0.00994034  0.09004047  0.01003196  0.009964
  0.01014301  0.11451216  0.          0.         -0.025     ]
[0.07745853027832067, 0.14506009181417098, 0.14993812248487653, 0.07061749975794872, 0.19072948841047702, 0.10793414870528835, 0.13072085819311505]
[0.6227080396905393, -0.06245697277843996, 0.5657409479679504, 0.06303265223499492, 0.06260563737878104, 0.06373042409695033, 0.7195011004129888]
E for cur_iter:  -5.6225665428470455
params in def chemistry in vqe.py:  [ 7.67427021e-02  1.50598833e-01  1.55482945e-01  4.46805206e-02
  2.07653646e-01  8.74265674e-02  1.51114743e-01  9.63950943e-02
  4.18255092e-04  1.01413386e-01  3.04727120e-04  3.38813179e-20
  2.98329061e-03  1.26884245e-01  0.00000000e+00  4.36040056e-21
 -1.04083409e-17]
[0.0767427020773482, 0.15059883310639602, 0.1554829452551448, 0.04468052056488531, 0.20765364558309893, 0.08742656739679208, 0.1511147430903088]
[0.6056682401118373, 0.002627974245843752, 0.6371990962787417, 0.001914656964587925, 2.1288259875540965e-19, 0.018744567736714405, 0.7972372208079671]
E for cur_iter:  -5.138254717520295
params in def chemistry in vqe.py:  [ 8.42315647e-02  1.52162728e-01  1.49058937e-01  6.64897423e-02
  1.91981555e-01  1.27059530e-01  1.34324547e-01  9.89597538e-02
  3.53565160e-04  1.00329269e-01 -2.61942929e-04 -3.29904454e-04
 -1.50889088e-04  1.24849478e-01 -6.29639627e-03  6.29639627e-03
 -1.87036037e-02]
[0.08423156469798351, 0.15216272818113544, 0.14905893737962733, 0.06648974229863304, 0.1919815553114332, 0.12705953027237032, 0.13432454671899177]
[0.6217824708375291, 0.0022215154167146136, 0.630387387568405, -0.0016458359601596514, -0.0020728508163735345, -0.0009480640982042443, 0.7844524079033499]
E for cur_iter:  -5.413448855583462
params in def chemistry in vqe.py:  [ 9.30508941e-02  1.37803322e-01  1.58073598e-01  6.17398962e-02
  1.69861750e-01  1.16668338e-01  1.36423016e-01  9.76063909e-02
 -5.73219364e-17  9.90374763e-02  1.98502818e-03  1.00377156e-03
  3.58846948e-03  1.24349085e-01  3.30730550e-02 -4.48537153e-18
  3.46944695e-18]
[0.09305089414976252, 0.1378033223060296, 0.1580735984249843, 0.061739896223945684, 0.1698617504248437, 0.11666833763504689, 0.13642301568765833]
[0.6132790412212521, -3.601643488621547e-16, 0.6222708157839764, 0.01247229989420476, 0.006306882726898927, 0.022547018733513804, 0.7813083450737732]
E for cur_iter:  -5.632648896178005
params in def chemistry in vqe.py:  [ 7.47889709e-02  1.26485665e-01  1.60313345e-01  6.04776890e-02
  1.68012572e-01  1.26349171e-01  1.38571276e-01  9.70633918e-02
 -2.40982468e-17  9.89274553e-02  2.43003474e-03  1.13115217e-03
  4.55249885e-03  1.24480084e-01  4.03930558e-02 -2.47021835e-18
 -6.24500451e-18]
[0.07478897087650312, 0.12648566457926363, 0.16031334545901782, 0.06047768898057094, 0.16801257158798769, 0.12634917074392574, 0.13857127588608167]
[0.6098672773929601, -1.5141374997093057e-16, 0.6215795333733702, 0.015268358561508245, 0.00710723870255867, 0.02860419387672791, 0.7821314353194889]
E for cur_iter:  -5.471952736977055
params in def chemistry in vqe.py:  [ 9.34205104e-02  1.38019601e-01  1.58103405e-01  6.72745589e-02
  1.69876754e-01  1.16549761e-01  1.42009152e-01  8.79000173e-02
 -7.51849568e-06  9.90293659e-02  1.99254668e-03  1.01129006e-03
  3.59598798e-03  1.24343196e-01  3.30743895e-02 -1.33455348e-06
 -1.33455348e-06]
[0.093420510400515, 0.13801960084593956, 0.15810340523838406, 0.06727455886037968, 0.16987675387133766, 0.11654976081156308, 0.1420091522737974]
[0.5522920970460272, -4.724010156843156e-05, 0.6222198569846198, 0.01251953999577283, 0.0063541228284669975, 0.022594258835081874, 0.781271342945794]
E for cur_iter:  -5.571145768569426
params in def chemistry in vqe.py:  [ 9.54063227e-02  1.38242514e-01  1.58716976e-01  7.36333464e-02
  1.69355872e-01  1.15718130e-01  1.50663879e-01  1.14026344e-01
 -3.42894359e-17  9.89730535e-02  2.13478651e-03  1.07029248e-03
  3.87424353e-03  1.24351163e-01  3.49972251e-02 -4.18386196e-18
 -4.78783679e-17]
[0.09540632269304196, 0.1382425141153721, 0.15871697584202143, 0.07363334636176434, 0.1693558717838069, 0.11571813022261748, 0.15066387903958312]
[0.7164486522520828, -2.1544688014164242e-16, 0.6218660355440199, 0.013413259248787484, 0.006724845953892856, 0.024342589997805635, 0.7813214012240901]
E for cur_iter:  -5.504655965146835
params in def chemistry in vqe.py:  [ 0.09232675  0.13813235  0.15788744  0.06090887  0.16994831  0.11541177
  0.13718586  0.09756619  0.00216814  0.10120604 -0.00018311 -0.00116437
  0.0147518   0.12652311  0.03183873  0.00123432  0.00123432]
[0.09232675347070503, 0.13813235251829964, 0.15788743642621844, 0.06090886633322751, 0.1699483148113055, 0.11541177391213178, 0.13718585883210344]
[0.6130264731570665, 0.013622835508463903, 0.6358962917498426, -0.0011505356142595033, -0.0073159527815653365, 0.09268827238411208, 0.7949681522038421]
E for cur_iter:  -5.646311597554209
params in def chemistry in vqe.py:  [ 9.74021719e-02  1.40066315e-01  1.60504833e-01  4.51642434e-02
  1.73966897e-01  9.82014050e-02  1.35109396e-01  9.71122272e-02
  1.96445933e-03  1.01377804e-01  2.53544051e-04 -1.08420217e-18
  1.52503903e-02  1.27054824e-01  3.61626859e-02 -6.50521303e-19
  1.95156391e-18]
[0.09740217185927022, 0.14006631486252225, 0.16050483252612063, 0.04516424340322121, 0.1739668968843185, 0.09820140502147656, 0.13510939605475059]
[0.610174118875457, 0.012343061987267909, 0.6369755314378189, 0.0015930642538199591, -6.812243160173109e-18, 0.09582102844720404, 0.7983090010418733]
E for cur_iter:  -5.4015280806503965
params in def chemistry in vqe.py:  [ 0.09171077  0.13838097  0.15710709  0.06078464  0.16901079  0.11479082
  0.13736855  0.09758659  0.00474174  0.10377986  0.01096275 -0.00373796
  0.01443688  0.12910683  0.03083712  0.00223593  0.00223593]
[0.09171076860484569, 0.13838097152383436, 0.15710708576200924, 0.06078464449369282, 0.16901079406543426, 0.11479081763207888, 0.13736854636788925]
[0.613154658260329, 0.029793200302383242, 0.65206809288722, 0.06888098316866229, -0.023486317575484673, 0.09070957122941478, 0.8112021630350511]
E for cur_iter:  -5.650040766492341
params in def chemistry in vqe.py:  [ 9.36451096e-02  1.39349580e-01  1.44148087e-01  6.96703051e-02
  1.57061022e-01  1.13435047e-01  1.23142015e-01  9.83510849e-02
  4.78465464e-03  1.03975738e-01  9.83652747e-03 -3.03576608e-18
  1.67053196e-02  1.29451376e-01  3.21610643e-02  9.11990680e-04
  9.07571264e-04]
[0.09364510956429047, 0.13934958006170062, 0.14414808681886251, 0.06967030510709442, 0.15706102217607465, 0.11343504731341743, 0.12314201503602333]
[0.6179580918787333, 0.03006287170463699, 0.6532988287041257, 0.06180472489734478, -1.9074280848484705e-17, 0.10496261859822748, 0.8133669837569367]
E for cur_iter:  -5.577489332563798
params in def chemistry in vqe.py:  [0.09034476 0.13900116 0.16233692 0.06208812 0.16765345 0.11360913
 0.1362936  0.09770083 0.00741682 0.10645525 0.01067725 0.00532132
 0.01383024 0.13178251 0.02848845 0.0045846  0.0045846 ]
[0.09034476390766723, 0.139001161968404, 0.16233691589415164, 0.06208812363595379, 0.16765344971665033, 0.11360913337659177, 0.1362935976293211]
[0.6138724236219018, 0.04660124592538467, 0.6688780841767152, 0.06708713396818385, 0.033434823115596694, 0.08689793368057633, 0.8280139452171222]
E for cur_iter:  -5.648651791595506
params in def chemistry in vqe.py:  [ 9.02759711e-02  1.40142475e-01  1.74607857e-01  6.92010123e-02
  1.65236508e-01  1.11332290e-01  1.26786479e-01  9.81400933e-02
  7.78337290e-04  9.98877109e-02  1.04733120e-02 -9.54097912e-18
  1.42092558e-02  1.25222846e-01  2.70055715e-02  6.06748348e-03
  6.06543735e-03]
[0.09027597111088725, 0.14014247473778, 0.174607857179882, 0.06920101225976222, 0.16523650810870533, 0.11133228971462486, 0.12678647933189072]
[0.6166323924908078, 0.004890437425818194, 0.6276129976764714, 0.06580576021921905, -5.994773980952335e-17, 0.08927938715510181, 0.786798348115941]
E for cur_iter:  -5.610448489039677
params in def chemistry in vqe.py:  [ 0.09087041  0.13866543  0.15651971  0.06008979  0.16738789  0.11403107
  0.13813034  0.09760744  0.00944997  0.09381774  0.0102122  -0.00462152
  0.01354512  0.13383736  0.02955716  0.00351589  0.00351589]
[0.0908704134692187, 0.13866543456163433, 0.15651970957069292, 0.060089794083817226, 0.16738789145995106, 0.11403106865435969, 0.13813034299898674]
[0.6132856169194778, 0.05937590673991389, 0.5894742625280474, 0.06416517132552008, -0.029037884846089906, 0.08510650703036061, 0.840924960390905]
E for cur_iter:  -5.655508966543875
params in def chemistry in vqe.py:  [ 9.02659763e-02  1.39213345e-01  1.61117411e-01  6.11814522e-02
  1.61016939e-01  1.12458547e-01  1.35956602e-01  9.78027595e-02
  1.79581482e-02  1.06261322e-01 -1.04083409e-17 -1.12757026e-17
  2.50663949e-03  1.42457434e-01  2.82471680e-02  4.82588701e-03
  4.82489142e-03]
[0.0902659763135293, 0.13921334515951592, 0.16111741097842225, 0.061181452156735386, 0.1610169393840947, 0.11245854692630627, 0.13595660174671645]
[0.6145128617419646, 0.11283437267724397, 0.6676595793225208, -6.539753433766185e-17, -7.084732886580034e-17, 0.015749680389802557, 0.8950864564195126]
E for cur_iter:  -5.656395833140747
params in def chemistry in vqe.py:  [ 0.09299428  0.12944986  0.15911788  0.06215369  0.16309324  0.11007416
  0.13535839  0.09792277  0.01743647  0.1066063  -0.000624   -0.00053674
  0.00153668  0.1419063   0.02479002  0.00828303  0.00828204]
[0.09299427827840803, 0.12944985882698018, 0.15911787560186047, 0.062153688667173156, 0.16309324226311092, 0.110074163598778, 0.1353583864349461]
[0.615266914982623, 0.10955656217018647, 0.6698271206129004, -0.003920719526160337, -0.003372406219663063, 0.009655229349975293, 0.8916235669056992]
E for cur_iter:  -5.64472477458741
params in def chemistry in vqe.py:  [ 9.63951422e-02  1.47901124e-01  1.58799876e-01  5.71633527e-02
  1.66701150e-01  1.28674384e-01  1.32166132e-01  9.87012332e-02
  1.83355714e-02  1.07379229e-01  3.45209972e-17 -3.21148085e-17
  1.66997509e-03  1.43200197e-01  2.05562939e-02  1.25167611e-02
  1.25098258e-02]
[0.0963951422431306, 0.14790112448202342, 0.15879987646708477, 0.05716335269304356, 0.1667011504607456, 0.12867438444954815, 0.13216613236609612]
[0.6201581382847174, 0.115205792846601, 0.6746835927477638, 2.1690182221991178e-16, -2.0178329309623371e-16, 0.010492762929121898, 0.8997533733182784]
E for cur_iter:  -5.613317282311779
params in def chemistry in vqe.py:  [9.05191005e-02 1.38828590e-01 1.61373097e-01 5.95234115e-02
 1.57583889e-01 1.12845599e-01 1.37551300e-01 9.77696950e-02
 8.82776329e-03 1.06218699e-01 7.29863484e-05 6.47749879e-05
 2.61825945e-03 1.49513109e-01 2.59228703e-02 4.53349706e-03
 4.53250146e-03]
[0.09051910046233994, 0.13882858986510835, 0.16137309687729115, 0.05952341151062626, 0.15758388904053583, 0.11284559919336586, 0.1375512998586085]
[0.6143051110117085, 0.05546647257044924, 0.6673917717531279, 0.0004585867517226853, 0.0004069932521758883, 0.01645100931603514, 0.9394185691427831]
E for cur_iter:  -5.653495942616478
params in def chemistry in vqe.py:  [ 1.02637856e-01  1.30311689e-01  1.69142897e-01  5.75841157e-02
  1.54739286e-01  1.22302977e-01  1.35768710e-01  9.76375090e-02
  2.48110081e-02  1.04986628e-01  2.39057934e-03  1.82480415e-03
  6.63858484e-03  1.41970029e-01  2.06673986e-02 -2.08166817e-17
 -4.25007252e-17]
[0.10263785563888492, 0.13031168909630847, 0.16914289697548, 0.05758411572358267, 0.1547392857116003, 0.12230297695501958, 0.13576871024913983]
[0.6134745622630543, 0.15589216151698776, 0.6596504378785347, 0.015020452988760154, 0.0114655826230506, 0.041711458703491744, 0.8920239987167501]
E for cur_iter:  -5.621096103169463
params in def chemistry in vqe.py:  [ 0.08772345  0.14063033  0.15970013  0.05783808  0.15443225  0.11103403
  0.13947474  0.09785993  0.01780855  0.10651608 -0.00046566 -0.00038671
  0.00176141  0.1363433   0.02339076  0.00446513  0.00866111]
[0.08772344767340931, 0.14063032910672615, 0.15970013245866968, 0.0578380834848326, 0.1544322528682648, 0.11103403030974239, 0.13947473501888052]
[0.6148720433840081, 0.11189442331916398, 0.669260280059381, -0.002925813735707147, -0.0024297483630300017, 0.011067263140087814, 0.8566702408393162]
E for cur_iter:  -5.650886654356819
params in def chemistry in vqe.py:  [ 8.71779331e-02  1.39079932e-01  1.60729012e-01  6.54226902e-02
  1.71096535e-01  1.12240118e-01  1.31625763e-01  9.87043415e-02
  1.88343466e-02  1.06419542e-01  2.27710641e-16 -1.38507626e-16
  2.37048001e-03  1.47806506e-01  2.15483022e-02 -4.42354486e-17
  2.42800813e-02]
[0.08717793305341895, 0.1390799315948736, 0.1607290115746897, 0.06542269022800212, 0.17109653467179348, 0.1122401180379321, 0.13162576338513954]
[0.6201776683930762, 0.11833968997417686, 0.6686536996359944, 1.4307481544013867e-15, -8.702690825970124e-16, 0.014894165193998199, 0.9286956693685599]
E for cur_iter:  -5.6291351329951
params in def chemistry in vqe.py:  [ 0.08693551  0.13982905  0.15968298  0.06089074  0.16478366  0.11129722
  0.13344861  0.09963653  0.01788794  0.1058107   0.00033704  0.00067486
 -0.00038496  0.14203273  0.02029245  0.00254861 -0.00147312]
[0.08693551396776554, 0.13982904860206655, 0.159682983856859, 0.06089074111888958, 0.16478366242191647, 0.11129722427514978, 0.13344861366216532]
[0.6260347946211621, 0.11239325611779516, 0.6648282200458012, 0.0021176623672892617, 0.004240299256586323, -0.002418796357270846, 0.8924179328995514]
E for cur_iter:  -5.651179367815686
params in def chemistry in vqe.py:  [ 8.38411200e-02  1.40827772e-01  1.61952428e-01  7.07997826e-02
  1.61413203e-01  1.12390079e-01  1.44564188e-01  9.11223100e-02
  2.24149306e-02  1.11114869e-01  3.52148866e-17 -3.94833322e-17
  1.69827262e-02  1.46552139e-01  2.19235428e-02  1.12924537e-02
  6.44411517e-04]
[0.08384111997907041, 0.14082777177560468, 0.16195242773177698, 0.07079978262579215, 0.16141320322730893, 0.11239007910217794, 0.14456418778369948]
[0.5725383595989527, 0.1408371626659356, 0.6981553127153614, 2.212616578424227e-16, -2.480810927147454e-16, 0.10670561596039634, 0.9208142495131972]
E for cur_iter:  -5.569804652734211
params in def chemistry in vqe.py:  [ 0.08953083  0.13936739  0.1603751   0.06148609  0.15992323  0.11200531
  0.13502788  0.09805181  0.01860002  0.09928517 -0.00367482  0.0091365
  0.00381785  0.14307789  0.02811256  0.00690032  0.00530594]
[0.08953082964571533, 0.13936738988348782, 0.1603750988653151, 0.061486086124654414, 0.1599232317186065, 0.11200531418929321, 0.13502787933492516]
[0.6160776700921123, 0.11686736687971343, 0.6238270937865676, -0.023089582320730564, 0.0574063533289261, 0.023988265859856906, 0.8989849026782446]
E for cur_iter:  -5.656335165562966
params in def chemistry in vqe.py:  [ 7.29911861e-02  1.29319250e-01  1.62741265e-01  5.53586216e-02
  1.59511297e-01  1.23714467e-01  1.32377304e-01  9.97826902e-02
  1.79748739e-02  1.06258148e-01  1.02525082e-03 -4.28142946e-17
  1.20706578e-03  1.42499240e-01  3.48470661e-02  5.18018040e-03
  4.66421559e-03]
[0.07299118610728685, 0.1293192500203809, 0.16274126450829002, 0.05535862159382537, 0.1595112969125738, 0.12371446672035388, 0.1323773044229848]
[0.6269531329336145, 0.112939463315629, 0.6676396363845845, 0.006441840899967552, -2.690101470217694e-16, 0.007584217983340645, 0.8953491280366167]
E for cur_iter:  -5.534002792497742
params in def chemistry in vqe.py:  [0.09172198 0.13980731 0.16115034 0.06540249 0.16091141 0.11292723
 0.14093912 0.10813288 0.0177937  0.10585906 0.00050076 0.00039769
 0.00088436 0.1422503  0.02919638 0.00471881 0.00474498]
[0.09172197604156845, 0.13980730766281382, 0.16115034120882085, 0.06540249337584345, 0.1609114084559253, 0.11292723099888126, 0.14093911552985666]
[0.679418932364709, 0.11180113888543275, 0.6651320928328486, 0.003146370024699091, 0.0024987596360198003, 0.005556592539456346, 0.89378498898869]
E for cur_iter:  -5.6297338448310645
params in def chemistry in vqe.py:  [ 0.08998196  0.1393141   0.16468531  0.05836123  0.16360424  0.11143144
  0.13872183  0.0976644   0.01809999  0.10547429 -0.00072068 -0.00018357
  0.00190605  0.14257289  0.02810609  0.00595522  0.00493214]
[0.08998196067473341, 0.13931409615080254, 0.16468530949741494, 0.05836122551056292, 0.16360423523422304, 0.11143144167845048, 0.13872182535536828]
[0.6136435440631884, 0.11372556499811787, 0.6627144845345143, -0.004528156343230272, -0.0011534179172983546, 0.011976059147861328, 0.8958118795933555]
E for cur_iter:  -5.661429641994539
params in def chemistry in vqe.py:  [9.45890607e-02 1.42464816e-01 1.62603925e-01 5.21379896e-02
 1.63998188e-01 1.03732548e-01 1.35468166e-01 9.84418810e-02
 1.88790498e-02 1.06370151e-01 5.52943108e-18 2.30465382e-04
 3.57670686e-03 1.43689342e-01 3.01963233e-02 5.09671336e-03
 4.51517210e-03]
[0.09458906066742247, 0.14246481567524164, 0.16260392539202778, 0.052137989625651554, 0.1639981876965941, 0.10373254845504898, 0.13546816603094786]
[0.6185285805949299, 0.1186205680846816, 0.6683433717383959, 3.4742440116882855e-17, 0.0014480567049343978, 0.02247311201777828, 0.9028267624573788]
E for cur_iter:  -5.61706816415159
params in def chemistry in vqe.py:  [ 9.04290526e-02  1.38707399e-01  1.61535475e-01  5.72509351e-02
  1.64936043e-01  1.12406484e-01  1.41956727e-01  9.62167141e-02
  1.87742287e-02  1.06496277e-01 -1.44130179e-06  1.81940839e-03
  8.84871173e-04  1.43234542e-01  2.87784906e-02  3.93677638e-03
  4.78935144e-03]
[0.09042905256445344, 0.13870739891611733, 0.16153547527355494, 0.05725093507719983, 0.16493604274566914, 0.11240648352971468, 0.1419567273503071]
[0.6045474444310912, 0.11796195812256885, 0.6691358415856199, -9.055966214442367e-06, 0.011431680056231646, 0.005559809549934967, 0.8999691667345351]
E for cur_iter:  -5.657714641509529
params in def chemistry in vqe.py:  [9.28289517e-02 1.41529718e-01 1.68419745e-01 6.41318192e-02
 1.63163141e-01 1.10056894e-01 1.39267743e-01 9.03955581e-02
 1.52267001e-02 1.01654167e-01 1.62801257e-03 1.66300583e-05
 9.97465999e-18 1.39755442e-01 2.89077621e-02 5.64805188e-03
 4.69079257e-03]
[0.09282895170894723, 0.14152971787937962, 0.16841974499422172, 0.06413181917483761, 0.1631631408608346, 0.11005689399589891, 0.1392677429957111]
[0.5679720423091243, 0.0956721783892654, 0.6387119666142022, 0.010229104689989029, 0.00010448973800400476, 6.26726370735926e-17, 0.8781093367523454]
E for cur_iter:  -5.668286367459774
params in def chemistry in vqe.py:  [0.09041601 0.13889759 0.16987163 0.06470099 0.16212788 0.10757247
 0.13952872 0.0905622  0.01550614 0.10123818 0.00174125 0.00018335
 0.00082059 0.14000704 0.03035749 0.00200947 0.00427748]
[0.09041601089061908, 0.1388975932697655, 0.16987163236436825, 0.06470098687755382, 0.16212788495914135, 0.10757247011608519, 0.13952871990114601]
[0.5690190574151544, 0.0974279379169971, 0.6360982586823833, 0.010940567926976346, 0.0011519987385518805, 0.005155909866238553, 0.8796902070556881]
E for cur_iter:  -5.656913787226495
params in def chemistry in vqe.py:  [ 8.72856448e-02  1.40447690e-01  1.69881293e-01  6.10228033e-02
  1.63276159e-01  1.16985857e-01  1.35988695e-01  8.82516149e-02
  1.33401171e-02  9.99180541e-02  3.78209853e-03 -4.26904605e-19
  6.23875192e-19  1.38072782e-01  3.30311594e-02  9.90506622e-03
  4.77647862e-03]
[0.08728564481643282, 0.14044768963318777, 0.169881292661509, 0.06102280327311666, 0.16327615910475063, 0.11698585730090383, 0.1359886946368861]
[0.5545012503517834, 0.08381842778967237, 0.6278036491718629, 0.02376362590273375, -2.6823207443181618e-18, 3.919923439144657e-18, 0.8675368772901195]
E for cur_iter:  -5.621634650841338
params in def chemistry in vqe.py:  [ 0.0920132   0.14243001  0.16910368  0.06435876  0.16376962  0.11011422
  0.13850289  0.09069276  0.01682869  0.10085609  0.00520119  0.00051517
 -0.00030778  0.14198641  0.0274125   0.00503515  0.00817217]
[0.09201320152789866, 0.14243001328721536, 0.16910367843061638, 0.06435876065841942, 0.16376962291786867, 0.11011422251729087, 0.13850288546921669]
[0.5698394162201273, 0.10573775227992047, 0.6336975229377221, 0.03268001182085541, 0.0032369205282776346, -0.0019338615452493002, 0.8921269376397565]
E for cur_iter:  -5.668140710976565
params in def chemistry in vqe.py:  [ 9.41428286e-02  1.44371315e-01  1.69254370e-01  6.54584763e-02
  1.68567533e-01  1.13857878e-01  1.37414337e-01  8.96224572e-02
  1.26517669e-02  1.01379252e-01  1.30104261e-17  6.53570622e-18
  1.62121671e-03  1.38758753e-01  2.66883532e-02 -6.93889390e-18
  1.15098937e-02]
[0.09414282856892085, 0.14437131532049305, 0.16925437002377286, 0.0654584762802751, 0.16856753339684216, 0.11385787793120707, 0.13741433705877934]
[0.5631145059797352, 0.07949339603229093, 0.636984628220598, 8.17469179220773e-17, 4.106505329991852e-17, 0.010186405005391495, 0.8718469608407642]
E for cur_iter:  -5.650672768998348
params in def chemistry in vqe.py:  [9.60844866e-02 1.40014173e-01 1.70464162e-01 6.24274450e-02
 1.61450828e-01 1.12553751e-01 1.38637571e-01 9.08757595e-02
 1.64121058e-02 1.00961059e-01 2.60285911e-03 6.25555591e-04
 8.60613647e-05 1.39312364e-01 2.79108992e-02 3.86167491e-03
 3.38953984e-03]
[0.09608448656301506, 0.14001417299886046, 0.17046416226109345, 0.06242744495016835, 0.16145082790755794, 0.11255375117776208, 0.13863757095594648]
[0.5709892365627439, 0.10312030217337684, 0.6343570443344987, 0.016354246108417615, 0.0039304817000138095, 0.0005407395019718904, 0.8753254016794273]
E for cur_iter:  -5.671430532463468
params in def chemistry in vqe.py:  [9.65005061e-02 1.40997621e-01 1.71628969e-01 6.53977907e-02
 1.60729853e-01 1.13747410e-01 1.42585260e-01 8.75628871e-02
 2.05174651e-02 1.01875893e-01 1.37051735e-03 6.93889390e-18
 7.73376837e-03 1.42114449e-01 2.33940995e-02 6.11643122e-03
 1.15332678e-03]
[0.09650050606303107, 0.14099762134564567, 0.1716289685870912, 0.06539779067145489, 0.16072985311074006, 0.11374740988246658, 0.14258525976822498]
[0.5501738454364332, 0.12891503552468797, 0.6401051131988403, 0.008611214447272699, 4.35983562251079e-17, 0.04859269980710223, 0.8929314150624627]
E for cur_iter:  -5.648371331407383
params in def chemistry in vqe.py:  [ 0.09550357  0.14012394  0.17356065  0.06281874  0.16125163  0.11234416
  0.13787482  0.09117761  0.01634432  0.10515303  0.00172208  0.00342296
 -0.00074657  0.13925028  0.02745421  0.00481104  0.00386874]
[0.09550356781619829, 0.1401239391194366, 0.17356065420016023, 0.0628187355181643, 0.16125162716804697, 0.11234415776646901, 0.13787482338780763]
[0.5728857997380927, 0.10269441831894094, 0.6606959855489624, 0.01082016184523062, 0.021507106948738797, -0.004690815946430139, 0.8749353211037479]
E for cur_iter:  -5.670148158604723
params in def chemistry in vqe.py:  [9.99583438e-02 1.41223540e-01 1.63946182e-01 6.59218624e-02
 1.58909483e-01 1.12481778e-01 1.38740931e-01 8.57042757e-02
 1.66697713e-02 1.03896060e-01 6.15124654e-03 5.04308909e-03
 1.39319979e-17 1.39302520e-01 2.92649345e-02 1.18379662e-03
 1.95118223e-03]
[0.09995834382563343, 0.14122354033409684, 0.16394618165540736, 0.06592186239278053, 0.15890948339643213, 0.11248177844570266, 0.13874093069702928]
[0.538495845774001, 0.10473926231404963, 0.6527981981563743, 0.03864942190270279, 0.03168666328408518, 8.753732460822445e-17, 0.875263545472796]
E for cur_iter:  -5.675397561629066
params in def chemistry in vqe.py:  [ 0.09991747  0.141968    0.16389735  0.06681753  0.15751668  0.11355547
  0.13691446  0.0846074   0.01942081  0.10452652  0.00364852  0.00273874
 -0.00193606  0.14129329  0.03069478  0.00044671  0.00243238]
[0.0999174724095494, 0.14196800010558, 0.16389735323621474, 0.06681753323213778, 0.15751668120106546, 0.11355546870250781, 0.13691446464118542]
[0.5316039594024288, 0.12202454321092149, 0.6567595204112503, 0.022924356322088623, 0.01720801797833848, -0.012164653811398404, 0.887771952018187]
E for cur_iter:  -5.667404444109268
params in def chemistry in vqe.py:  [1.02404247e-01 1.40463801e-01 1.63440215e-01 6.48547960e-02
 1.58182355e-01 1.10080674e-01 1.45436805e-01 8.39293350e-02
 1.46624062e-02 9.91689259e-02 3.59538485e-03 9.25648416e-03
 1.38777878e-18 1.40989059e-01 2.29516141e-02 1.99005920e-03
 1.89092660e-03]
[0.10240424690531261, 0.1404638009549754, 0.16344021523976537, 0.06485479603986, 0.15818235467574274, 0.11008067371953557, 0.14543680474128948]
[0.5273435645217351, 0.09212661549911956, 0.6230967383910331, 0.022590469273337455, 0.058160205287639176, 8.719671245021607e-18, 0.8858603844018191]
E for cur_iter:  -5.724697534139886
params in def chemistry in vqe.py:  [1.06389739e-01 1.42016498e-01 1.63443113e-01 6.98116999e-02
 1.57233033e-01 1.10062024e-01 1.52820944e-01 9.02801606e-02
 1.36357214e-02 9.63319592e-02 4.18623875e-03 1.14970213e-02
 3.46944695e-18 1.41014538e-01 2.16991104e-02 2.94474646e-03
 1.07140997e-03]
[0.10638973919111089, 0.14201649836943286, 0.16344311266302985, 0.06981169991646897, 0.15723303339508007, 0.11006202448562565, 0.1528209435464905]
[0.5672469785604437, 0.08567576431569693, 0.6052715506192566, 0.026302913780185448, 0.07223791549003863, 2.179917811255395e-17, 0.8860204733337942]
E for cur_iter:  -5.692200560043905
params in def chemistry in vqe.py:  [0.10464066 0.14037983 0.16400479 0.06314083 0.15682444 0.10890425
 0.14636597 0.08353734 0.01445654 0.09935259 0.00314025 0.00927726
 0.0022007  0.14138055 0.02611969 0.00314122 0.00503906]
[0.10464065649526717, 0.14037983099038895, 0.16400479142247532, 0.06314082888432908, 0.15682444187224018, 0.10890425313133181, 0.14636596507640445]
[0.5248805642318578, 0.09083310849967043, 0.6242507071265109, 0.019730772188752483, 0.05829071300033236, 0.013827400730872458, 0.8883201852879044]
E for cur_iter:  -5.729698431673268
params in def chemistry in vqe.py:  [1.08556405e-01 1.43182194e-01 1.63683082e-01 5.66366750e-02
 1.58031616e-01 1.01638320e-01 1.43755882e-01 8.09817363e-02
 1.40349788e-02 9.80093276e-02 2.58923469e-03 1.05362271e-02
 7.37257477e-18 1.42269578e-01 2.28631367e-02 3.73296736e-03
 3.42595888e-03]
[0.10855640452599474, 0.14318219351338266, 0.1636830823349667, 0.056636675045981286, 0.1580316159561116, 0.10163832012798754, 0.14375588203841555]
[0.5088232556801702, 0.08818437236571043, 0.6158107670250956, 0.01626864136557661, 0.06620106754449959, 4.6323253489177144e-17, 0.8939061247387711]
E for cur_iter:  -5.715799338618504
params in def chemistry in vqe.py:  [0.10640864 0.13744662 0.16430881 0.06446467 0.16025379 0.10888217
 0.14537277 0.08325374 0.01402921 0.09890659 0.00310866 0.00991425
 0.0020803  0.14428101 0.02737452 0.00419317 0.0041652 ]
[0.10640864101418814, 0.13744662452636391, 0.16430881169158448, 0.06446466867338539, 0.16025379039256496, 0.10888217121231972, 0.14537276973026547]
[0.5230986450740661, 0.08814813497630879, 0.6214484156183607, 0.01953225997789681, 0.062293083139389555, 0.013070929567791803, 0.9065443007062272]
E for cur_iter:  -5.730607515811767
params in def chemistry in vqe.py:  [1.08051160e-01 1.29873320e-01 1.61645142e-01 6.59487243e-02
 1.58499661e-01 1.07421082e-01 1.44679445e-01 8.22048029e-02
 1.46699717e-02 1.00162990e-01 2.76685276e-03 7.61347137e-03
 1.38041492e-04 1.40139871e-01 2.27661828e-02 7.09114019e-03
 8.87169065e-03]
[0.10805115970684731, 0.12987331972282237, 0.1616451421683439, 0.06594872434094859, 0.15849966074663416, 0.10742108173837284, 0.14467944530541615]
[0.5165080099552359, 0.09217415095175502, 0.629342630179076, 0.017384648608786142, 0.04783685146595732, 0.0008673402758601113, 0.8805247775222192]
E for cur_iter:  -5.687915719433557
params in def chemistry in vqe.py:  [0.10616023 0.13753826 0.16468515 0.06433211 0.16256607 0.10880002
 0.1464472  0.08230903 0.01795426 0.0976201  0.00274886 0.01170857
 0.00132073 0.14138599 0.02875505 0.00452628 0.00438416]
[0.10616022539680048, 0.13753825776322737, 0.16468514813778415, 0.0643321096721638, 0.1625660677323328, 0.10880001801913383, 0.14644720008505077]
[0.5171628786698094, 0.11280996249822693, 0.6133651870059108, 0.01727158756117765, 0.07356711135392308, 0.008298410519726832, 0.8883543853071146]
E for cur_iter:  -5.730719425538358
params in def chemistry in vqe.py:  [ 1.02659051e-01  1.37118039e-01  1.65803998e-01  6.03414089e-02
  1.61078941e-01  1.14185014e-01  1.49463152e-01  7.66653661e-02
  1.39501615e-02  9.45967031e-02  3.64836938e-03  1.51334002e-02
 -2.16840434e-18  1.43629463e-01  3.09685308e-02  6.78272230e-03
  4.37041175e-03]
[0.10265905109232004, 0.13711803926704477, 0.1658039981643115, 0.060341408893690454, 0.16107894050839236, 0.11418501429106773, 0.14946315189552012]
[0.48170270173399143, 0.08765144978029213, 0.5943686152428477, 0.02292338087935679, 0.0950859576381197, -1.3624486320346218e-17, 0.9024505313021495]
E for cur_iter:  -5.69653284365985
params in def chemistry in vqe.py:  [ 1.07203706e-01  1.37799565e-01  1.65795476e-01  6.37756214e-02
  1.64706952e-01  1.08967002e-01  1.49582749e-01  8.07816969e-02
  1.72201890e-02  9.98632088e-02  3.62773783e-03  8.99012705e-03
 -8.29602761e-05  1.41188633e-01  2.86602672e-02  2.60938675e-03
  4.78623013e-03]
[0.1072037063650202, 0.1377995653640111, 0.165795475597279, 0.06377562137745676, 0.16470695216202663, 0.10896700238448222, 0.14958274869158944]
[0.50756637124735, 0.1081976387650119, 0.6274590465100885, 0.02279374903180196, 0.05648663420728641, -0.0005212547878139192, 0.8871143428001126]
E for cur_iter:  -5.72804024731638
params in def chemistry in vqe.py:  [ 1.07958397e-01  1.40032090e-01  1.63879224e-01  6.53033009e-02
  1.67247253e-01  1.12057281e-01  1.43353195e-01  8.17445849e-02
  1.41723722e-02  9.61458439e-02 -2.16840434e-18  1.46174285e-02
  5.13355194e-03  1.39542910e-01  2.66078391e-02 -9.54097912e-18
  9.60564028e-03]
[0.10795839729370285, 0.14003209041791748, 0.16387922438185257, 0.06530330086820778, 0.16724725335905005, 0.11205728097039833, 0.1433531946920749]
[0.5136163748926785, 0.08904764070718285, 0.6041021537599468, -1.3624486320346218e-17, 0.09184401176033889, 0.03225505812389284, 0.8767739619817155]
E for cur_iter:  -5.720927595664688
params in def chemistry in vqe.py:  [0.10482164 0.13633123 0.16163157 0.061574   0.16357444 0.10988504
 0.14743622 0.08416654 0.01931909 0.09939636 0.00167896 0.01279222
 0.00132136 0.1429199  0.02766371 0.00338753 0.00409746]
[0.10482163576516747, 0.13633123258488256, 0.1616315688473697, 0.06157400022833506, 0.1635744361109927, 0.10988503578424308, 0.14743622181133095]
[0.5288339462002044, 0.12138539875450574, 0.6245257761335942, 0.01054924684923272, 0.0803758909982732, 0.008302338579409976, 0.8979922334601673]
E for cur_iter:  -5.7151376646644545
params in def chemistry in vqe.py:  [0.11142762 0.13945619 0.16508875 0.06250303 0.16087306 0.10723805
 0.14830986 0.08643221 0.01810059 0.09885756 0.00392756 0.01156873
 0.00523057 0.14168024 0.03629322 0.00673197 0.00832339]
[0.11142762186142083, 0.1394561881042454, 0.16508874909798044, 0.06250303074319993, 0.160873063239139, 0.10723804991737526, 0.14830986142212754]
[0.5430696090498853, 0.11372934904097104, 0.6211403725525916, 0.02467759378176466, 0.07268844299798374, 0.03286465290436051, 0.8902031817760234]
E for cur_iter:  -5.760580287835756
params in def chemistry in vqe.py:  [ 1.08985309e-01  1.35484022e-01  1.68334287e-01  6.36878276e-02
  1.58310345e-01  1.00863620e-01  1.49637614e-01  8.63863173e-02
  1.79830213e-02  9.71486162e-02  3.36634983e-03  1.33462104e-02
  7.98690473e-03  1.42662372e-01  3.99252496e-02 -5.20417043e-18
  8.67287352e-03]
[0.10898530891339395, 0.13548402246245056, 0.16833428666085817, 0.06368782756755201, 0.15831034544267789, 0.10086362048439486, 0.14963761406921017]
[0.542781239840117, 0.11299065540576925, 0.6104027581340931, 0.02115139981793664, 0.0838567132605106, 0.05018320247147825, 0.8963741187961114]
E for cur_iter:  -5.726181366722458
{'IIII': -5.813150775102693, 'IIIZ': 1.6350361341896424, 'IIZX': -0.01852846495474064, 'IIIX': 0.01852846495474064, 'IIXX': -0.03918165577301529, 'IIYY': -0.03918165577301529, 'IIZZ': 0.4397450433193577, 'IIXZ': -0.010416847948773908, 'IIXI': 0.010416847948773908, 'IIZI': 0.2698726586553443, 'IZII': 1.6350361341896427, 'ZXII': -0.01852846495474062, 'IXII': 0.01852846495474062, 'XXII': -0.0391816557730153, 'YYII': -0.0391816557730153, 'ZZII': 0.4397450433193576, 'XZII': -0.010416847948773912, 'XIII': 0.010416847948773912, 'ZIII': 0.26987265865534443, 'IZIZ': 0.41454169378804656, 'IZZX': -0.029213980981014843, 'IZIX': 0.029213980981014843, 'IZXX': -0.03440891595156475, 'IZYY': -0.03440891595156475, 'ZXIZ': -0.029213980981014843, 'IXIZ': 0.029213980981014843, 'ZXZX': 0.0036744565021394585, 'IXZX': -0.0036744565021394585, 'ZXIX': -0.0036744565021394585, 'IXIX': 0.0036744565021394585, 'ZXXX': 0.0028858915562677214, 'IXXX': -0.0028858915562677214, 'ZXYY': 0.0028858915562677214, 'IXYY': -0.0028858915562677214, 'XXIZ': -0.03440891595156474, 'YYIZ': -0.03440891595156474, 'XXZX': 0.002885891556267721, 'YYZX': 0.002885891556267721, 'XXIX': -0.002885891556267721, 'YYIX': -0.002885891556267721, 'XXXX': 0.0053782383765724195, 'YYXX': 0.0053782383765724195, 'XXYY': 0.0053782383765724195, 'YYYY': 0.0053782383765724195, 'ZZIZ': 0.09486647602250203, 'ZZZX': 0.0018135969002541826, 'ZZIX': -0.0018135969002541826, 'ZZXX': -0.0042725643813430565, 'ZZYY': -0.0042725643813430565, 'XZIZ': 0.002857446971467791, 'XIIZ': -0.002857446971467791, 'XZZX': -0.0009148940971912724, 'XIZX': 0.0009148940971912724, 'XZIX': 0.0009148940971912724, 'XIIX': -0.0009148940971912724, 'XZXX': 5.845579096168034e-05, 'XIXX': -5.845579096168034e-05, 'XZYY': 5.845579096168034e-05, 'XIYY': -5.845579096168034e-05, 'ZIIZ': 0.09899076578197467, 'ZIZX': -0.002918335854982844, 'ZIIX': 0.002918335854982844, 'ZIXX': 0.0005001754547305204, 'ZIYY': 0.0005001754547305204, 'IZZZ': 0.09486647602250203, 'IZXZ': 0.0028574469714677912, 'IZXI': -0.0028574469714677912, 'ZXZZ': 0.0018135969002541822, 'IXZZ': -0.0018135969002541822, 'ZXXZ': -0.0009148940971912725, 'IXXZ': 0.0009148940971912725, 'ZXXI': 0.0009148940971912725, 'IXXI': -0.0009148940971912725, 'XXZZ': -0.0042725643813430565, 'YYZZ': -0.0042725643813430565, 'XXXZ': 5.845579096168033e-05, 'YYXZ': 5.845579096168033e-05, 'XXXI': -5.845579096168033e-05, 'YYXI': -5.845579096168033e-05, 'ZZZZ': 0.12357087224900194, 'ZZXZ': -0.011733623912038218, 'ZZXI': 0.011733623912038218, 'XZZZ': -0.011733623912038216, 'XIZZ': 0.011733623912038216, 'XZXZ': 0.0030346568301894963, 'XIXZ': -0.0030346568301894963, 'XZXI': -0.0030346568301894963, 'XIXI': 0.0030346568301894963, 'ZIZZ': 0.05665606755280426, 'ZIXZ': 0.0015406700896955995, 'ZIXI': -0.0015406700896955995, 'IZZI': 0.09899076578197467, 'ZXZI': -0.0029183358549828447, 'IXZI': 0.0029183358549828447, 'XXZI': 0.0005001754547305204, 'YYZI': 0.0005001754547305204, 'ZZZI': 0.05665606755280426, 'XZZI': 0.0015406700896955995, 'XIZI': -0.0015406700896955995, 'ZIZI': 0.0847039180224012}
The optimized loss func value: -5.760580287835756

   Return from subroutine COBYLA because the MAXFUN limit has been reached.

   NFVALS =  100   F =-5.760580E+00    MAXCV = 0.000000E+00
   X = 1.114276E-01   1.394562E-01   1.650887E-01   6.250303E-02   1.608731E-01
       1.072380E-01   1.483099E-01   8.643221E-02   1.810059E-02   9.885756E-02
       3.927561E-03   1.156873E-02   5.230572E-03   1.416802E-01   3.629322E-02
       6.731966E-03   8.323387E-03
