lb in gen_LC_finance:  [0. 0. 0. 0. 0. 0. 0. 0. 0. 0. 0.]
ub in gen_LC_finance:  [1. 1. 1. 1. 1. 1. 1. 1. 1. 1. 1.]
<scipy.optimize._constraints.LinearConstraint object at 0x7f39da56b8b0>
params in def finance in vqe.py:  [0. 0. 0. 0. 0. 0. 0. 0. 0. 0. 0.]
[0.0, 0.0, 0.0, 0.0]
[0.0, 0.0, 0.0, 0.0, 0.0, 0.0]
E for cur_iter:  0.5015766290249641
params in def finance in vqe.py:  [0.1 0.  0.  0.  0.  0.  0.  0.  0.  0.  0. ]
[0.1, 0.0, 0.0, 0.0]
[0.0, 0.0, 0.0, 0.0, 0.0, 0.0]
E for cur_iter:  -0.13318712676649871
params in def finance in vqe.py:  [0.1 0.1 0.  0.  0.  0.  0.  0.  0.  0.  0. ]
[0.1, 0.1, 0.0, 0.0]
[0.0, 0.0, 0.0, 0.0, 0.0, 0.0]
E for cur_iter:  0.02549928637357188
params in def finance in vqe.py:  [0.1 0.  0.1 0.  0.  0.  0.  0.  0.  0.  0. ]
[0.1, 0.0, 0.1, 0.0]
[0.0, 0.0, 0.0, 0.0, 0.0, 0.0]
E for cur_iter:  -0.13612985506308484
params in def finance in vqe.py:  [0.1 0.  0.1 0.1 0.  0.  0.  0.  0.  0.  0. ]
[0.1, 0.0, 0.1, 0.1]
[0.0, 0.0, 0.0, 0.0, 0.0, 0.0]
E for cur_iter:  -0.42653182061837547
params in def finance in vqe.py:  [0.1 0.  0.1 0.1 0.1 0.  0.  0.  0.  0.  0. ]
[0.1, 0.0, 0.1, 0.1]
[0.6283185307179586, 0.0, 0.0, 0.0, 0.0, 0.0]
E for cur_iter:  0.1241501166065023
params in def finance in vqe.py:  [0.1 0.  0.1 0.1 0.  0.1 0.  0.  0.  0.  0. ]
[0.1, 0.0, 0.1, 0.1]
[0.0, 0.6283185307179586, 0.0, 0.0, 0.0, 0.0]
E for cur_iter:  -0.279368662397789
params in def finance in vqe.py:  [0.1 0.  0.1 0.1 0.  0.  0.1 0.  0.  0.  0. ]
[0.1, 0.0, 0.1, 0.1]
[0.0, 0.0, 0.6283185307179586, 0.0, 0.0, 0.0]
E for cur_iter:  -0.42653182061837547
params in def finance in vqe.py:  [0.1 0.  0.1 0.1 0.  0.  0.  0.1 0.  0.  0. ]
[0.1, 0.0, 0.1, 0.1]
[0.0, 0.0, 0.0, 0.6283185307179586, 0.0, 0.0]
E for cur_iter:  -0.42653182061837547
params in def finance in vqe.py:  [0.1 0.  0.1 0.1 0.  0.  0.  0.  0.1 0.  0. ]
[0.1, 0.0, 0.1, 0.1]
[0.0, 0.0, 0.0, 0.0, 0.6283185307179586, 0.0]
E for cur_iter:  -0.41770203112514026
params in def finance in vqe.py:  [0.1 0.  0.1 0.1 0.  0.  0.  0.  0.  0.1 0. ]
[0.1, 0.0, 0.1, 0.1]
[0.0, 0.0, 0.0, 0.0, 0.0, 0.6283185307179586]
E for cur_iter:  -0.42653182061837547
params in def finance in vqe.py:  [0.1 0.  0.1 0.1 0.  0.  0.  0.  0.  0.  0.1]
[0.1, 0.0, 0.1, 0.1]
[0.0, 0.0, 0.0, 0.0, 0.0, 0.0]
E for cur_iter:  -0.42653182061837547
params in def finance in vqe.py:  [ 1.90934488e-01  2.14975116e-18  1.00421567e-01  1.41602177e-01
  9.39549170e-18 -1.94063752e-21  0.00000000e+00  0.00000000e+00
  1.73472348e-19  0.00000000e+00  0.00000000e+00]
[0.19093448823362075, 2.149751163630188e-18, 0.10042156706210645, 0.14160217699714336]
[5.903361540018697e-17, -1.2193385131862365e-20, 0.0, 0.0, 1.0899589056276974e-18, 0.0]
E for cur_iter:  0.4898088249711164
params in def finance in vqe.py:  [ 5.15460690e-02 -6.24490380e-19  1.00125014e-01  1.12336975e-01
  1.99370085e-18 -1.00146910e-25  0.00000000e+00  0.00000000e+00
  4.33680869e-20  0.00000000e+00  0.00000000e+00]
[0.051546069039643025, -6.244903804455381e-19, 0.10012501418376073, 0.11233697474840644]
[1.2526791878307298e-17, -6.292415965993257e-25, 0.0, 0.0, 2.7248972640692436e-19, 0.0]
E for cur_iter:  -0.48735952678346395
params in def finance in vqe.py:  [ 4.28009790e-02 -6.24490380e-19  1.00623843e-01  1.61563742e-01
 -6.17300960e-18  3.06212308e-20  0.00000000e+00  0.00000000e+00
 -4.51018033e-19  0.00000000e+00  0.00000000e+00]
[0.04280097897778809, -6.244903804455381e-19, 0.10062384345071347, 0.16156374154425113]
[-3.8786163191478515e-17, 1.9239886737585385e-19, 0.0, 0.0, -2.8338298772626982e-18, 0.0]
E for cur_iter:  -0.42064556172346473
params in def finance in vqe.py:  [ 5.15460690e-02 -2.50000000e-02  1.00125014e-01  1.12336975e-01
  1.99370085e-18 -1.00146910e-25  0.00000000e+00  0.00000000e+00
  4.33680869e-20  0.00000000e+00  0.00000000e+00]
[0.051546069039643025, -0.025000000000000005, 0.10012501418376073, 0.11233697474840644]
[1.2526791878307298e-17, -6.292415965993257e-25, 0.0, 0.0, 2.7248972640692436e-19, 0.0]
E for cur_iter:  -0.43044119520514124
params in def finance in vqe.py:  [ 3.68107397e-02  2.00139442e-02  1.40855753e-01  9.73931136e-02
 -6.25933922e-19 -1.62147616e-18  0.00000000e+00  0.00000000e+00
 -5.37754207e-19  0.00000000e+00  0.00000000e+00]
[0.03681073972634846, 0.020013944184198856, 0.14085575347470503, 0.09739311363309688]
[-3.932858825004156e-18, -1.0188035181241702e-17, 0.0, 0.0, -3.3788093300765465e-18, 0.0]
E for cur_iter:  -0.32939348887350495
params in def finance in vqe.py:  [ 5.15460690e-02 -6.24490380e-19  1.00125014e-01  1.12336975e-01
 -2.50000000e-02 -1.00146910e-25  0.00000000e+00  0.00000000e+00
  4.33680869e-20  0.00000000e+00  0.00000000e+00]
[0.051546069039643025, -6.244903804455382e-19, 0.10012501418376073, 0.11233697474840644]
[-0.15707963267948966, -6.292415965993257e-25, 0.0, 0.0, 2.7248972640692436e-19, 0.0]
E for cur_iter:  -0.43142228292661183
params in def finance in vqe.py:  [ 4.01201754e-02  1.55189743e-02  5.79528349e-02  1.01496766e-01
  1.52514775e-02 -2.01337461e-18  0.00000000e+00  0.00000000e+00
 -6.24490380e-19  0.00000000e+00  0.00000000e+00]
[0.04012017539805884, 0.015518974346297142, 0.057952834939231104, 0.10149676616676363]
[0.0958278592317956, -1.2650405773887118e-17, 0.0, 0.0, -3.923788782890395e-18, 0.0]
E for cur_iter:  -0.36372241633471175
params in def finance in vqe.py:  [ 5.15460690e-02 -3.15848402e-18  1.00125014e-01  1.12336975e-01
  1.99370085e-18 -2.50000000e-02  0.00000000e+00  0.00000000e+00
  4.33680869e-20  0.00000000e+00  0.00000000e+00]
[0.051546069039643025, -3.1584840192414614e-18, 0.10012501418376073, 0.11233697474840644]
[1.2526791878307298e-17, -0.15707963267948968, 0.0, 0.0, 2.7248972640692436e-19, 0.0]
E for cur_iter:  -0.49618931627669915
params in def finance in vqe.py:  [ 2.94360466e-02 -4.70583864e-19  1.06211746e-01  9.04716781e-02
  2.95128347e-02 -6.93889390e-18  0.00000000e+00  0.00000000e+00
 -8.19548103e-20  0.00000000e+00  0.00000000e+00]
[0.029436046561886833, -4.705838642031651e-19, 0.10621174562602606, 0.09047167812718941]
[0.18543460914944174, -4.35983562251079e-17, 0.0, 0.0, -5.149372602307231e-19, 0.0]
E for cur_iter:  -0.24990268434125806
params in def finance in vqe.py:  [ 5.15460690e-02 -3.15848402e-18  1.00125014e-01  1.12336975e-01
  1.99370085e-18 -2.50000000e-02  2.50000000e-02  0.00000000e+00
  4.33680869e-20  0.00000000e+00  0.00000000e+00]
[0.051546069039643025, -3.1584840192414614e-18, 0.10012501418376073, 0.11233697474840644]
[1.2526791878307298e-17, -0.15707963267948968, 0.15707963267948968, 0.0, 2.7248972640692436e-19, 0.0]
E for cur_iter:  -0.49618931627669915
params in def finance in vqe.py:  [ 5.78913636e-02  4.59237831e-03  1.02191762e-01  1.54173628e-01
  7.68572104e-03 -1.73472348e-17  0.00000000e+00  0.00000000e+00
  5.81022193e-21  0.00000000e+00  0.00000000e+00]
[0.057891363606450294, 0.004592378314783002, 0.10219176203258512, 0.15417362786207067]
[0.04829080949152364, -1.0899589056276974e-16, 0.0, 0.0, 3.650670106825645e-20, 0.0]
E for cur_iter:  -0.3500011448348173
params in def finance in vqe.py:  [ 5.15460690e-02 -3.15848402e-18  1.00125014e-01  1.12336975e-01
  1.99370085e-18 -2.50000000e-02  0.00000000e+00 -2.50000000e-02
  4.33680869e-20  0.00000000e+00  0.00000000e+00]
[0.051546069039643025, -3.1584840192414614e-18, 0.10012501418376073, 0.11233697474840644]
[1.2526791878307298e-17, -0.15707963267948968, 0.0, -0.15707963267948968, 2.7248972640692436e-19, 0.0]
E for cur_iter:  -0.49618931627669915
params in def finance in vqe.py:  [ 9.22793062e-02  2.62163718e-03  1.00923512e-01  9.85877042e-02
  4.38752443e-03 -4.51028104e-17  0.00000000e+00 -6.93889390e-20
 -1.03280756e-17 -1.00088952e-17 -9.71445147e-18]
[0.09227930620723532, 0.0026216371828348298, 0.1009235118069931, 0.09858770424937703]
[0.027567629031049326, -2.8338931546320136e-16, 0.0, -4.359835622510782e-19, -6.489321270080284e-17, -6.288774324810328e-17]
E for cur_iter:  -0.4490952336087219
params in def finance in vqe.py:  [ 5.15460690e-02 -2.06320333e-17  1.00125014e-01  1.12336975e-01
  1.99370085e-18 -2.50000000e-02  0.00000000e+00  7.70371978e-36
 -2.50000000e-02  2.35529295e-18  2.35529295e-18]
[0.05154606903964302, -2.063203328836871e-17, 0.10012501418376073, 0.11233697474840644]
[1.2526791878307303e-17, -0.15707963267948968, 0.0, 4.840389891692432e-35, -0.15707963267948966, 1.479874206448215e-17]
E for cur_iter:  -0.48735952678346395
params in def finance in vqe.py:  [ 6.02116744e-02 -1.77733423e-16  5.84968456e-02  1.19211666e-01
  4.38879764e-03 -1.04083409e-16  0.00000000e+00 -2.03042194e-19
  6.92779204e-04  1.61078587e-17  1.54034104e-17]
[0.06021167435380831, -1.7773342342119164e-16, 0.05849684558619012, 0.11921166572342326]
[0.027575628846855344, -6.539753433766184e-16, 0.0, -1.2757517307679725e-18, 0.00435286011739247, 1.0120866083730356e-16]
E for cur_iter:  -0.49520796112131577
params in def finance in vqe.py:  [ 5.15460690e-02 -9.95348670e-18  1.00125014e-01  1.12336975e-01
  1.99370085e-18 -2.50000000e-02  0.00000000e+00 -4.06655631e-35
 -2.31192486e-18 -2.50000000e-02  2.57289494e-18]
[0.05154606903964302, -9.95348670049572e-18, 0.10012501418376071, 0.11233697474840644]
[1.2526791878307307e-17, -0.15707963267948968, 0.0, -2.5550926834960093e-34, -1.4526252338075183e-17, -0.15707963267948966]
E for cur_iter:  -0.49618931627669915
params in def finance in vqe.py:  [ 8.27450645e-02 -1.75472665e-16  1.11195721e-01  1.38771529e-01
  8.85013113e-03 -1.73472348e-17  0.00000000e+00  1.68438455e-20
  1.39700832e-03  1.00186283e-16  1.55442358e-17]
[0.08274506446193716, -1.7547266516946008e-16, 0.11119572115176543, 0.13877152937947987]
[0.055607013907116996, -1.0899589056276974e-16, 0.0, 1.0583300256997557e-19, 0.00877766213158179, 6.294889841820135e-16]
E for cur_iter:  -0.29113930815022077
params in def finance in vqe.py:  [ 5.15460690e-02 -1.19109466e-16  1.00125014e-01  1.12336975e-01
  6.64573197e-18 -2.50000000e-02  0.00000000e+00  1.71786429e-34
 -2.31192486e-18 -2.57289494e-18 -2.50000000e-02]
[0.051546069039643025, -1.19109466351282e-16, 0.10012501418376073, 0.11233697474840645]
[4.175636546643627e-17, -0.15707963267948966, 0.0, 1.0793659641857628e-33, -1.452625233807471e-17, -1.616597567663716e-17]
E for cur_iter:  -0.49618931627669915
params in def finance in vqe.py:  [ 5.46313218e-02  4.19717394e-02  9.06261750e-02  1.08763759e-01
 -1.31325546e-16  1.73472348e-17  0.00000000e+00 -1.85560223e-19
  9.26551791e-04 -1.06486042e-17 -1.96604335e-16]
[0.054631321752646865, 0.04197173935438299, 0.09062617504652076, 0.10876375937737102]
[-8.251427439189089e-16, 1.0899589056276974e-16, 0.0, -1.1659092692630005e-18, 0.005821696600466985, -6.69071532216781e-17]
E for cur_iter:  -0.3548728867691581
params in def finance in vqe.py:  [ 7.79958564e-02  1.31230071e-17  6.62452588e-02  1.09478049e-01
 -2.34090332e-17  4.16333634e-17  0.00000000e+00 -1.44503277e-19
  4.40425493e-03  9.10911350e-18  6.62088461e-17]
[0.07799585639749343, 1.3123007146552443e-17, 0.06624525875344985, 0.10947804851702937]
[-1.4708329361298836e-16, 2.615901373506474e-16, 0.0, -9.079408682115396e-19, 0.027672749880891485, 5.72342481001546e-17]
E for cur_iter:  -0.4785297372902288
params in def finance in vqe.py:  [ 7.52453135e-02 -1.41980812e-19  3.92401306e-02  1.17586697e-01
 -6.07153217e-18 -8.38553946e-17  0.00000000e+00 -8.46953463e-19
  3.19608777e-03  1.37125337e-17  5.55060514e-17]
[0.07524531350290901, -1.4198081165415538e-19, 0.03924013056205571, 0.1175866974492014]
[-3.814856169696941e-17, -5.268789832032463e-16, 0.0, -5.321565557414787e-18, 0.020081611745679684, 8.615839025095616e-17]
E for cur_iter:  -0.46675695206649465
params in def finance in vqe.py:  [ 6.67987128e-02 -3.14893517e-03  6.28383867e-02  1.14127552e-01
  9.78546068e-03  5.39666304e-03  0.00000000e+00 -1.99168983e-19
  6.92779204e-04  1.34278841e-17  2.95939379e-17]
[0.06679871275163125, -0.0031489351669596855, 0.06283838666792445, 0.11412755227498571]
[0.06148386276883905, 0.033908233921983055, 0.0, -1.2514156292931615e-18, 0.004352860117392464, 8.436988436399321e-17]
E for cur_iter:  -0.48539601417095884
params in def finance in vqe.py:  [ 4.07577581e-02 -1.44384520e-18  5.02523416e-02  1.08376385e-01
  1.19999879e-02 -7.91033905e-17  0.00000000e+00 -3.23583375e-19
  2.49271721e-03  2.71360489e-17  8.39878040e-17]
[0.04075775812312697, -1.4438452015226807e-18, 0.05025234160924152, 0.10837638525712391]
[0.07539814794646706, -4.9702126096623e-16, 0.0, -2.0331343096963667e-18, 0.01566220412198467, 1.7050082366025414e-16]
E for cur_iter:  -0.4481128087176874
params in def finance in vqe.py:  [ 5.99468190e-02 -2.58671360e-04  5.95239882e-02  1.21441872e-01
  5.11232913e-03  7.23531489e-04  0.00000000e+00 -1.98672619e-19
  1.29008546e-02  1.48230620e-17  1.63039785e-17]
[0.05994681900075722, -0.0002586713600852854, 0.05952398820510541, 0.12144187168626261]
[0.03212171126746165, 0.004546082420605655, 0.0, -1.2482968803248417e-18, 0.08105845998898045, 9.313604510954911e-17]
E for cur_iter:  -0.49422687339984517
params in def finance in vqe.py:  [ 6.04034036e-02 -5.60981584e-19  6.10391957e-02  1.42579916e-01
  1.28708156e-02 -9.02927352e-17  0.00000000e+00 -2.44009285e-19
  1.08420217e-18  1.93346384e-17  7.56518562e-17]
[0.060403403609816476, -5.60981584255353e-19, 0.061039195722427775, 0.142579916053293]
[0.0808697196528382, -5.673259870262161e-16, 0.0, -1.5331555536503298e-18, 6.812243160173109e-18, 1.2148311596077801e-16]
E for cur_iter:  -0.4137739361644788
params in def finance in vqe.py:  [ 6.02116744e-02 -1.72520114e-16  5.84968456e-02  1.19211666e-01
  4.38879764e-03 -1.07133726e-16  0.00000000e+00 -2.03042194e-19
  6.92779204e-04  1.25000000e-02  1.41169630e-17]
[0.060211674353808316, -1.725201138586237e-16, 0.05849684558619013, 0.11921166572342326]
[0.027575628846855337, -6.731410510565409e-16, 0.0, -1.2757517307679723e-18, 0.004352860117392481, 0.07853981633974494]
E for cur_iter:  -0.49520796112131577
params in def finance in vqe.py:  [ 5.15073991e-02 -7.84524911e-19  6.58416253e-02  1.19016563e-01
 -1.12757026e-17  2.18083170e-02  0.00000000e+00  4.15748655e-19
  7.02799871e-05  1.25000000e-02  1.17779054e-16]
[0.051507399107319995, -7.845249113541309e-19, 0.06584162528208885, 0.11901656342197042]
[-7.084732886580034e-17, 0.13702569671429402, 0.0, 2.612225839190809e-18, 0.0004415821824418474, 0.07853981633974504]
E for cur_iter:  -0.4903027899478757
params in def finance in vqe.py:  [ 6.02116744e-02 -1.72520114e-16  5.84968456e-02  1.19211666e-01
  4.38879764e-03 -1.07133726e-16 -1.25000000e-02 -2.03042194e-19
  6.92779204e-04  1.25000000e-02  1.41169630e-17]
[0.060211674353808316, -1.725201138586237e-16, 0.05849684558619013, 0.11921166572342326]
[0.027575628846855337, -6.731410510565409e-16, -0.07853981633974483, -1.2757517307679723e-18, 0.004352860117392481, 0.07853981633974494]
E for cur_iter:  -0.49520796112131577
params in def finance in vqe.py:  [ 5.95224733e-02 -2.15741277e-18  6.38375786e-02  1.16359163e-01
 -1.64798730e-17 -7.23280964e-17  8.12158669e-20  1.68551540e-02
  1.33373665e-03  1.25000000e-02  1.68551540e-02]
[0.0595224732548919, -2.1574127703456812e-18, 0.06383757859058041, 0.1163591629633284]
[-1.0354609603463125e-16, -4.5445083258271795e-16, 5.102943415244625e-19, 0.10590405567664773, 0.008380114521586981, 0.07853981633974495]
E for cur_iter:  -0.49618931627669915
params in def finance in vqe.py:  [ 5.95224733e-02 -1.24006729e-17  6.38375786e-02  1.16359163e-01
  1.06960485e-17 -1.79578948e-17  8.12158669e-20  2.56939887e-02
  1.33373665e-03  1.25000000e-02  8.01631919e-03]
[0.059522473254891885, -1.2400672885029768e-17, 0.06383757859058037, 0.11635916296332842]
[6.72052544675814e-17, -1.1283278055414675e-16, 5.102943415244625e-19, 0.16144009240362747, 0.008380114521586952, 0.07853981633974494]
E for cur_iter:  -0.49618931627669915
params in def finance in vqe.py:  [ 5.70735610e-02 -1.89245797e-17  8.28146035e-02  1.06223473e-01
 -1.53672292e-17 -1.65178191e-17 -2.35288094e-18  1.63829844e-02
  3.61122654e-03  1.25000000e-02 -1.56125113e-17]
[0.05707356101249518, -1.8924579694522045e-17, 0.08281460352334073, 0.10622347260872925]
[-9.655514899322191e-17, -1.0378451829341282e-16, -1.4783586947405276e-17, 0.10293732701046533, 0.022690005537697216, 0.07853981633974497]
E for cur_iter:  -0.4912838776693462
params in def finance in vqe.py:  [6.09277365e-02 1.18534735e-02 6.41834010e-02 1.16005874e-01
 3.45280397e-03 1.13739078e-03 8.12158669e-20 2.60867052e-02
 1.37878004e-03 1.25000000e-02 8.40903567e-03]
[0.06092773647588887, 0.011853473532088123, 0.06418340096561123, 0.11600587413458188]
[0.021694607146285398, 0.0071464370312017975, 5.102943415244625e-19, 0.16390760285083603, 0.008663130498364218, 0.07853981633974491]
E for cur_iter:  -0.47558085801364836
params in def finance in vqe.py:  [ 6.00611191e-02 -1.76255807e-17  7.45409128e-02  1.38906087e-01
 -1.29126768e-17 -1.42166116e-17  2.49985583e-18  2.57481465e-02
 -1.75640752e-17  1.25000000e-02  8.07047693e-03]
[0.06006111909822772, -1.7625580706021192e-17, 0.07454091277895389, 0.13890608688510425]
[-8.113274140002158e-17, -8.932560542996908e-17, 1.5707057422753508e-17, 0.16178037553485444, -1.1035833919480436e-16, 0.07853981633974497]
E for cur_iter:  -0.443210579317288
params in def finance in vqe.py:  [ 5.93684307e-02  2.95843747e-03  6.34262339e-02  1.16263404e-01
 -9.13194175e-03 -1.90617110e-03  2.10480196e-18  2.46553360e-02
 -3.73271691e-03  6.80411153e-03  6.97766652e-03]
[0.05936843071038917, 0.0029584374692355284, 0.06342623392815389, 0.11626340360975257]
[-0.05737768225794285, -0.011976826222748307, 1.3224860727174613e-17, 0.1549140451950543, -0.02345335202252381, 0.04275149356687528]
E for cur_iter:  -0.49128254049978226
params in def finance in vqe.py:  [ 7.20925674e-02 -2.03959968e-17  5.59275205e-02  1.06471496e-01
 -1.79578948e-17  3.85987159e-03 -1.70033475e-18  2.45016695e-02
  1.47231826e-02  2.29708472e-02  6.82399997e-03]
[0.0720925674382962, -2.0395996837295717e-17, 0.055927520466191934, 0.10647149631700183]
[-1.1283278055414673e-16, 0.024252288449095466, -1.0683518322857199e-17, 0.15394852979549234, 0.09250848428161386, 0.14433008944660217]
E for cur_iter:  -0.49618931627669915
params in def finance in vqe.py:  [ 5.05861929e-02 -1.37884517e-17  5.82702055e-02  1.09750236e-01
  6.20231082e-04  4.93607669e-19 -2.05361210e-18  2.60127000e-02
  2.39456460e-03  1.24216848e-02  8.33503045e-03]
[0.05058619291551729, -1.3788451665811213e-17, 0.05827020549309921, 0.10975023559547488]
[0.003897026823562184, 3.101428455088939e-18, -1.2903225387364206e-17, 0.1634426142817872, 0.0150454931359754, 0.07804774770686822]
E for cur_iter:  -0.491284145103259
params in def finance in vqe.py:  [ 5.98425089e-02  2.26363847e-04  6.37341924e-02  1.16565333e-01
  7.73018807e-04 -5.17697464e-03  7.61862946e-19  2.57819107e-02
  4.12577235e-03  1.05905254e-02  8.10424113e-03]
[0.05984250892151561, 0.00022636384726387865, 0.06373419238535515, 0.11656533336045215]
[0.004857020408278603, -0.03252789096416669, 4.7869260675220445e-18, 0.16199252225492294, 0.02592299222091855, 0.06654223351247657]
E for cur_iter:  -0.4981514917196403
params in def finance in vqe.py:  [ 6.55353076e-02 -1.27036056e-17  6.25749902e-02  1.09577744e-01
  4.83577692e-03  4.34321562e-19 -2.31731842e-18  2.64114412e-02
  1.51788304e-18  1.93059522e-02  8.73377164e-03]
[0.06553530757694082, -1.2703605637234913e-17, 0.06257499021671256, 0.10957774415913567]
[0.03038408251475013, 2.728922859289983e-18, -1.4560141048148625e-17, 0.16594797908537096, 9.537140424242352e-18, 0.12130287507994139]
E for cur_iter:  -0.49520796112131577
params in def finance in vqe.py:  [ 5.95224733e-02 -1.23403399e-17  6.38375786e-02  1.16359163e-01
  1.09410221e-17 -1.81862589e-17  6.25000000e-03  2.56939887e-02
  1.33373665e-03  1.25000000e-02  8.01631919e-03]
[0.059522473254891885, -1.2340339911938423e-17, 0.06383757859058037, 0.11635916296332842]
[6.874446908848719e-17, -1.1426763495025945e-16, 0.03926990816987242, 0.16144009240362747, 0.00838011452158695, 0.07853981633974495]
E for cur_iter:  -0.49618931627669915
params in def finance in vqe.py:  [ 6.34629902e-02 -1.10128941e-17  6.29233598e-02  1.13455351e-01
  4.29640364e-03  3.88223655e-03  4.05758894e-18  2.62675554e-02
  1.64168924e-03  2.64247661e-03  8.58988585e-03]
[0.06346299019165938, -1.1012894104248322e-17, 0.06292335976698825, 0.11345535068104441]
[0.026995100237342882, 0.024392811678102033, 2.5494583239445795e-17, 0.1650439180356006, 0.010315037687329805, 0.016603170239778385]
E for cur_iter:  -0.49520796112131577
params in def finance in vqe.py:  [ 6.00106323e-02 -3.80956220e-05  6.11887230e-02  1.17588257e-01
  1.24209866e-03 -1.65492351e-04 -1.02403950e-19  2.19276917e-02
  7.45688830e-04  1.25982717e-02  4.25002214e-03]
[0.06001063232961173, -3.80956219707627e-05, 0.06118872297179547, 0.11758825698546949]
[0.007804336081979653, -0.0010398191079415546, -6.434229968675779e-19, 0.13777575014835072, 0.004685301103513818, 0.07915727560255496]
E for cur_iter:  -0.49618931627669915
params in def finance in vqe.py:  [ 6.37300519e-02 -1.08394218e-17  6.10959824e-02  1.14944482e-01
  2.46589760e-17  3.84410994e-03  1.08087467e-18  2.46977343e-02
  1.18542346e-02  1.37591692e-02  7.02006476e-03]
[0.06373005185060776, -1.0839421756650642e-17, 0.06109598235373483, 0.11494448232238601]
[1.5493691567534421e-16, 0.024153255102838934, 6.791335865946319e-18, 0.15518044118003546, 0.07448235259726058, 0.08645141005488181]
E for cur_iter:  -0.49618931627669915
params in def finance in vqe.py:  [ 6.32390425e-02 -1.24006729e-17  6.41830542e-02  1.21011813e-01
  1.13144609e-17  7.07093352e-20  1.59174801e-18  2.66771278e-02
  2.52210390e-03  1.21288293e-02  8.99945826e-03]
[0.06323904251314208, -1.2400672885029768e-17, 0.06418305423322668, 0.12101181277018301]
[7.109085470389927e-17, 4.442798559508971e-19, 1.0001247685193392e-17, 0.1676173373880468, 0.01584684616759036, 0.07620768191259103]
E for cur_iter:  -0.48834061450493454
params in def finance in vqe.py:  [ 5.89453580e-02 -1.13598388e-17  6.87188281e-02  1.14237648e-01
  1.14396156e-17 -2.60030913e-19 -4.12721398e-19  2.35340345e-02
  2.32958982e-03  1.22180639e-02  5.85636501e-03]
[0.058945358018121466, -1.1359838799443682e-17, 0.06871882811572874, 0.11423764806892944]
[7.187722441379288e-17, -1.6338224138552975e-18, -2.59320502095817e-18, 0.14786870002517113, 0.014637244525985369, 0.07676835962867266]
E for cur_iter:  -0.49717040399816975
params in def finance in vqe.py:  [ 5.67178528e-02  2.53241793e-19  6.78090121e-02  1.12387109e-01
  1.04573707e-04 -2.60030913e-19 -9.36977263e-19  2.34020171e-02
  2.98892871e-03  1.19514842e-02  5.72434754e-03]
[0.0567178528418142, 2.532417925576549e-19, 0.06780901206512652, 0.11238710893842824]
[0.0006570559822514553, -1.6338224138552842e-18, -5.887201774989853e-18, 0.14703920981234095, 0.018779992950903924, 0.07509339023136233]
E for cur_iter:  -0.49717040399816975
params in def finance in vqe.py:  [ 5.67709860e-02 -1.50669427e-03  6.77591289e-02  1.12353045e-01
 -2.61757852e-04 -6.44339589e-05 -8.49324559e-19  2.33643823e-02
  2.98490426e-03  1.17978374e-02  5.68671277e-03]
[0.056770985958049906, -0.0015066942701581812, 0.06775912894115076, 0.11235304538838325]
[-0.001644673088596343, -0.000404850503565079, -5.336463589344036e-18, 0.14680274359561818, 0.018754706598391246, 0.0741279986369261]
E for cur_iter:  -0.4981514917196403
params in def finance in vqe.py:  [ 5.83747001e-02 -5.90032568e-19  6.74224080e-02  1.10151973e-01
  3.38880394e-04 -1.81515863e-18 -9.36977263e-19  2.34217347e-02
  2.18976133e-03  1.30381499e-02  5.74406516e-03]
[0.05837470006205081, -5.900325682736538e-19, 0.0674224079712448, 0.1101519732402767]
[0.0021292483102500303, -1.1404978026785108e-17, -5.8872017749898486e-18, 0.1471630992946579, 0.01375867618374549, 0.08192111198895952]
E for cur_iter:  -0.49618931627669915
params in def finance in vqe.py:  [ 5.64699655e-02 -4.06371926e-04  6.80343461e-02  1.12545669e-01
  1.47629123e-03 -1.25128580e-05 -1.17528181e-18  2.35709458e-02
  2.93714413e-03  1.23957615e-02  5.89327622e-03]
[0.05646996547200358, -0.0004063719264831939, 0.06803434614653714, 0.11254566894055931]
[0.009275811355455733, -7.86206053640039e-05, -7.3845134188746e-18, 0.1481006200261398, 0.018454620864896704, 0.07788486645982906]
E for cur_iter:  -0.49717040399816975
params in def finance in vqe.py:  [ 5.58027881e-02 -5.89545064e-19  6.83360801e-02  1.12404223e-01
 -2.15485182e-18 -1.11672852e-18 -9.36977263e-19  2.33744220e-02
  2.49955910e-04  1.08857651e-02  5.69675249e-03]
[0.055802788138752286, -5.895450638914544e-19, 0.06833608012444384, 0.11240422322180828]
[-1.3539333280844054e-17, -7.016612229700684e-18, -5.887201774989847e-18, 0.14686582497179856, 0.0015705193037299564, 0.06839727927666592]
E for cur_iter:  -0.49618931627669915
params in def finance in vqe.py:  [ 5.67178528e-02 -1.05279796e-18  6.78090121e-02  1.12387109e-01
  1.04573707e-04  2.52006966e-18 -9.01816910e-19  2.45068714e-02
  2.98892871e-03  1.19514842e-02  4.61949319e-03]
[0.056717852841814194, -1.0527979623602824e-18, 0.06780901206512652, 0.11238710893842824]
[0.0006570559822514457, 1.5834064633304456e-17, -5.666282757966155e-18, 0.15398121440321338, 0.018779992950903927, 0.0750933902313624]
E for cur_iter:  -0.49717040399816975
params in def finance in vqe.py:  [ 5.55668394e-02 -6.19447341e-19  6.81160698e-02  1.13021066e-01
 -2.20906193e-18 -9.24648289e-19 -9.36977263e-19  2.32197469e-02
  2.55359172e-03  1.47223521e-02  5.54207734e-03]
[0.05556683939902187, -6.194473406396951e-19, 0.06811606979127167, 0.11302106581735254]
[-1.387994543885271e-17, -5.809736541786417e-18, -5.88720177498985e-18, 0.14589397239220203, 0.016044690003622453, 0.09250326621444523]
E for cur_iter:  -0.49618931627669915
params in def finance in vqe.py:  [ 5.68618918e-02 -9.64590623e-06  6.71388933e-02  1.12652908e-01
  4.51672780e-04 -4.45721896e-06 -9.53145830e-19  2.24651833e-02
  2.84244104e-03  1.18915980e-02  4.78751373e-03]
[0.05686189178150533, -9.645906225060911e-06, 0.06713889329080708, 0.11265290773034635]
[0.0028379437732773266, -2.800553266096329e-05, -5.98879187352479e-18, 0.14115290936193287, 0.01785958377826243, 0.07471711378818484]
E for cur_iter:  -0.4981514917196403
params in def finance in vqe.py:  [ 5.72239767e-02 -3.72694497e-20  6.65173500e-02  1.13475043e-01
  6.98946075e-04  6.43745040e-20 -4.09312911e-19  2.09271531e-02
  4.37848025e-03  1.06997299e-02  3.24948361e-03]
[0.05722397669357035, -3.7269449679189215e-20, 0.06651734998941047, 0.11347504339153902]
[0.004391607707880604, 4.044769376352783e-19, -2.5717888715060602e-18, 0.1314891811019175, 0.027510802768524842, 0.06722838545657785]
E for cur_iter:  -0.4981514917196403
params in def finance in vqe.py:  [ 5.72239767e-02 -4.17118545e-22  6.65173500e-02  1.13475043e-01
  6.98946075e-04  5.87077844e-20  1.56250000e-03  2.09271531e-02
  4.37848025e-03  1.06997299e-02  3.24948361e-03]
[0.05722397669357035, -4.1711854534173954e-22, 0.06651734998941047, 0.11347504339153902]
[0.004391607707880605, 3.688718885335483e-19, 0.009817477042468102, 0.1314891811019175, 0.027510802768524835, 0.06722838545657785]
E for cur_iter:  -0.4981514917196403
params in def finance in vqe.py:  [ 5.64553652e-02 -4.09312911e-19  6.66859937e-02  1.13763851e-01
  7.75424307e-04 -4.06831800e-19 -4.09312911e-19  2.02327093e-02
  1.94151075e-03  9.23213407e-03  2.55503981e-03]
[0.05645536515265785, -4.0931291148891667e-19, 0.06668599372460496, 0.11376385050627594]
[0.004872134609509952, -2.556199587935499e-18, -2.5717888715060556e-18, 0.12712586204976042, 0.012198871825055831, 0.05800720912290782]
E for cur_iter:  -0.4981514917196403
params in def finance in vqe.py:  [ 5.72251056e-02 -6.55363348e-05  6.64950542e-02  1.13481749e-01
  6.95001148e-04  1.56092007e-03 -4.02502949e-19  2.09324064e-02
  4.37355145e-03  1.07009033e-02  3.25473690e-03]
[0.05722510561463702, -6.553633481411245e-05, 0.06649505419453543, 0.11348174859207365]
[0.00436682100211715, 0.009807550070781632, -2.5290006147569185e-18, 0.13152218850599434, 0.027479834202307804, 0.06723575852565479]
E for cur_iter:  -0.4981514917196403
params in def finance in vqe.py:  [ 5.73207721e-02 -4.93800102e-19  6.37747689e-02  1.14492578e-01
  7.54566553e-04 -2.98421511e-20 -4.09312911e-19  2.16369824e-02
  3.98147930e-03  1.05244867e-02  3.95931283e-03]
[0.05732077205776965, -4.938001019360277e-19, 0.06377476888754156, 0.11449257764313595]
[0.004741081476297102, -1.875037654454731e-19, -2.5717888715060568e-18, 0.13594916966938125, 0.02501637226709717, 0.06612730039914355]
E for cur_iter:  -0.4981514917196403
params in def finance in vqe.py:  [ 5.80213144e-02 -2.11213655e-05  6.60991422e-02  1.12512148e-01
  9.04953561e-04 -3.01281970e-06 -4.53178390e-19  2.06592188e-02
  3.84965242e-03  1.11870308e-02  2.98154927e-03]
[0.05802131444379449, -2.112136553112178e-05, 0.06609914221989024, 0.11251214772840142]
[0.005685990917600157, -1.8930104501061257e-05, -2.8474038031613357e-18, 0.12980570001927125, 0.02418807954071924, 0.07029018755889724]
E for cur_iter:  -0.4981514917196403
params in def finance in vqe.py:  [ 5.84079719e-02 -2.31748689e-19  6.60691984e-02  1.13149424e-01
  4.30477509e-04 -3.22576738e-19 -4.09312911e-19  2.03030471e-02
  5.69240729e-03  8.35891462e-03  2.62537757e-03]
[0.058407971889065075, -2.3174868935416426e-19, 0.06606919836976981, 0.11314942373420316]
[0.0027047699620633024, -2.026809418692213e-18, -2.5717888715060568e-18, 0.1275678071987563, 0.035766449867911866, 0.052520609525565344]
E for cur_iter:  -0.4981514917196403
params in def finance in vqe.py:  [ 5.70268439e-02 -5.77383369e-19  6.61927900e-02  1.13943371e-01
 -4.33680869e-19 -4.53538243e-19 -4.09312911e-19  2.01303212e-02
  4.58879527e-03  1.12243580e-02  2.45265171e-03]
[0.05702684392284223, -5.773833689332225e-19, 0.06619278995145562, 0.11394337112559744]
[-2.7248972640692436e-18, -2.8496648231190418e-18, -2.5717888715060587e-18, 0.12648253863002268, 0.028832251046355582, 0.07052472115106115]
E for cur_iter:  -0.4981514917196403
params in def finance in vqe.py:  [ 5.66671241e-02 -2.13107983e-07  6.62899893e-02  1.13012405e-01
  7.25995732e-04 -6.00010787e-09 -4.94357172e-19  2.08942872e-02
  4.54335859e-03  1.06329263e-02  3.21661769e-03]
[0.05666712413967262, -2.1310798303973757e-07, 0.0662899893459335, 0.11301240499607232]
[0.004561565717241279, -3.769978958270863e-08, -3.1061377183979614e-18, 0.13128267849227504, 0.028546763930532404, 0.06680864629289673]
E for cur_iter:  -0.4981514917196403
params in def finance in vqe.py:  [ 5.71062793e-02 -4.93618181e-19  6.64432054e-02  1.13873549e-01
  2.07013861e-03 -4.74365042e-19 -4.09312911e-19  2.05433138e-02
  4.65735219e-03  1.08029084e-02  2.86564432e-03]
[0.05710627932076906, -4.936181812997591e-19, 0.06644320537182515, 0.11387354888145054]
[0.013007064499204676, -2.9805234611164452e-18, -2.571788871506061e-18, 0.12907744773735932, 0.029263006861909545, 0.06787667511606287]
E for cur_iter:  -0.4981514917196403
params in def finance in vqe.py:  [ 5.72239767e-02  4.32418633e-18  6.65173500e-02  1.13475043e-01
  6.98946075e-04 -1.16960579e-18 -4.26893088e-19  2.03747260e-02
  4.37848025e-03  1.06997299e-02  3.80191078e-03]
[0.05722397669357035, 4.324186329258892e-18, 0.06651734998941047, 0.11347504339153902]
[0.004391607707880607, -7.348849930637444e-18, -2.6822483800179133e-18, 0.1280181788064813, 0.027510802768524835, 0.0672283854565778]
E for cur_iter:  -0.4981514917196403
params in def finance in vqe.py:  [ 5.72292983e-02  7.80490720e-04  6.65143557e-02  1.13468461e-01
  7.00458835e-04  3.27555856e-05 -4.27838351e-19  2.09251132e-02
  4.37509932e-03  1.07029269e-02  3.24744371e-03]
[0.05722929827805972, 0.0007804907199125775, 0.06651435567964158, 0.11346846139565993]
[0.004401112659961731, 0.00020580941423984118, -2.688187638579272e-18, 0.1314763640891949, 0.027489559794971457, 0.06724847300486454]
E for cur_iter:  -0.4981514917196403
params in def finance in vqe.py:  [ 5.73764391e-02 -1.39464172e-07  6.64587163e-02  1.13429162e-01
  6.66307168e-04  4.27557108e-07  1.56250000e-03  2.08470488e-02
  4.53990550e-03  1.04101732e-02  3.16937929e-03]
[0.05737643907024924, -1.3946417245349752e-07, 0.06645871627817623, 0.1134291618537467]
[0.004186531404908621, 2.6864205402068304e-06, 0.009817477042468102, 0.1309858708320881, 0.028525067563240785, 0.06540904719254867]
E for cur_iter:  -0.4981514917196403
params in def finance in vqe.py:  [ 5.72360922e-02  2.58670667e-07  6.61746062e-02  1.13602176e-01
  7.05969008e-04 -6.15988230e-06  1.56250000e-03  2.10159552e-02
  4.32884575e-03  1.06777633e-02  3.33828565e-03]
[0.05723609217098197, 2.586706671679506e-07, 0.06617460621335844, 0.11360217622713993]
[0.004435734095281054, -3.870368194555156e-05, 0.009817477042468102, 0.13204714080880647, 0.02719894002821179, 0.06709036552889516]
E for cur_iter:  -0.4981514917196403
params in def finance in vqe.py:  [5.71279266e-02 4.02822599e-11 6.65384785e-02 1.13511079e-01
 7.08606258e-04 3.88394297e-10 1.56250000e-03 2.08404636e-02
 4.07383000e-03 1.05162032e-02 3.16279404e-03]
[0.05712792661489056, 4.028225994328169e-11, 0.06653847848885032, 0.11351107913088183]
[0.0044523044311917705, 2.4403533419173907e-09, 0.0098174770424681, 0.130944494491615, 0.025596628797877257, 0.06607525353494721]
E for cur_iter:  -0.4981514917196403
params in def finance in vqe.py:  [ 5.70822955e-02 -6.96384970e-08  6.64553997e-02  1.13623784e-01
  5.34932846e-04 -6.71441849e-07  1.56250000e-03  2.06399451e-02
  4.12401255e-03  1.06496378e-02  2.96227559e-03]
[0.057082295474582, -6.96384970272102e-08, 0.06645539965135124, 0.11362378365082472]
[0.0033610821999951776, -4.218793559020998e-06, 0.0098174770424681, 0.1296845999340985, 0.025911935038142386, 0.06691364789999196]
E for cur_iter:  -0.4981514917196403
params in def finance in vqe.py:  [ 5.71029078e-02 -1.63923150e-07  6.65174894e-02  1.13605148e-01
  1.05267106e-03  1.02296914e-06  1.56250000e-03  2.07429489e-02
  4.14058972e-03  1.05447647e-02  3.06527940e-03]
[0.05710290778620937, -1.639231504420534e-07, 0.06651748941555873, 0.1136051478205782]
[0.006614127349440067, 6.4275046936460615e-06, 0.0098174770424681, 0.13033179195911826, 0.026016092464646545, 0.06625471072905076]
E for cur_iter:  -0.4981514917196403
params in def finance in vqe.py:  [ 5.73272611e-02 -5.28030110e-06  6.64339265e-02  1.13270355e-01
  7.60108130e-04 -7.52816532e-07  1.56250000e-03  2.07734800e-02
  3.94162304e-03  1.06380285e-02  3.09581046e-03]
[0.05732726105244659, -5.280301100520504e-06, 0.06643392654647026, 0.11327035521509743]
[0.004775900233621659, -4.730085771923501e-06, 0.0098174770424681, 0.13052362422095345, 0.024765947990925855, 0.06684070406052707]
E for cur_iter:  -0.4981514917196403
params in def finance in vqe.py:  [ 5.71282088e-02 -1.63840434e-05  6.65329045e-02  1.13512755e-01
  7.07620027e-04  3.90230407e-04  1.56250000e-03  2.08417769e-02
  4.07259780e-03  1.05164966e-02  3.16410736e-03]
[0.05712820884515723, -1.6384043421268152e-05, 0.06653290454013155, 0.1135127554310155]
[0.004446107754750907, 0.0024518899580487498, 0.0098174770424681, 0.1309527463426342, 0.025588886656322994, 0.06607709680221645]
E for cur_iter:  -0.4981514917196403
params in def finance in vqe.py:  [5.71305874e-02 3.90245400e-04 6.65369813e-02 1.13507788e-01
 7.09362638e-04 1.63781812e-05 1.56250000e-03 2.08394436e-02
 4.07213954e-03 1.05178017e-02 3.16177409e-03]
[0.057130587407135246, 0.00039024540023854874, 0.06653698133396586, 0.11350778813294228]
[0.0044570569072323344, 0.00010290714747326234, 0.0098174770424681, 0.1309380859852537, 0.025586007311100563, 0.06608529730909056]
E for cur_iter:  -0.4981514917196403
params in def finance in vqe.py:  [5.71279266e-02 4.02822621e-11 6.65384785e-02 1.13511079e-01
 7.08606258e-04 3.88394297e-10 1.56250000e-03 2.05642500e-02
 4.07383000e-03 1.05162032e-02 3.43900763e-03]
[0.05712792661489056, 4.02822621237349e-11, 0.06653847848885032, 0.11351107913088183]
[0.004452304431191772, 2.440353338041318e-09, 0.0098174770424681, 0.1292089933438969, 0.025596628797877254, 0.0660752535349472]
E for cur_iter:  -0.4981514917196403
params in def finance in vqe.py:  [ 5.68495003e-02 -1.06513709e-07  6.64247982e-02  1.13279760e-01
  7.22131087e-04 -2.61165964e-09  1.56250000e-03  2.08240306e-02
  4.15626917e-03  1.04828014e-02  3.14636108e-03]
[0.05684950033794169, -1.0651370925990674e-07, 0.06642479816711183, 0.11327975993314848]
[0.004537283435872107, -1.640954144963935e-08, 0.0098174770424681, 0.13084124318679377, 0.026114609378881038, 0.06586538395310665]
E for cur_iter:  -0.4981514917196403
params in def finance in vqe.py:  [5.71279266e-02 4.02822600e-11 6.65384785e-02 1.13511079e-01
 7.08606258e-04 3.88394297e-10 1.36718750e-03 2.08404636e-02
 4.07383000e-03 1.05162032e-02 3.16279404e-03]
[0.05712792661489056, 4.02822599981186e-11, 0.06653847848885032, 0.11351107913088183]
[0.0044523044311917705, 2.4403533419255637e-09, 0.008590292412159587, 0.130944494491615, 0.025596628797877257, 0.06607525353494721]
E for cur_iter:  -0.4981514917196403
params in def finance in vqe.py:  [ 5.71309555e-02  6.47079491e-08  6.64527925e-02  1.13542862e-01
  7.10361992e-04 -1.53958218e-06  1.56250000e-03  2.08626641e-02
  4.06142138e-03  1.05107116e-02  3.18499455e-03]
[0.05713095548424346, 6.470794905193089e-08, 0.06645279254483731, 0.11354286233978206]
[0.004463336028041883, -9.673480133046067e-06, 0.0098174770424681, 0.13108398441833724, 0.025518663112798993, 0.06604074855302655]
E for cur_iter:  -0.4981514917196403
params in def finance in vqe.py:  [ 5.71660422e-02 -3.48257609e-08  6.65238201e-02  1.13499609e-01
  7.00446532e-04  1.07277671e-07  1.56250000e-03  2.08204375e-02
  4.11418631e-03  1.04438140e-02  3.14276796e-03]
[0.05716604220906028, -3.4825760853431024e-08, 0.06652382006104175, 0.11349960874643375]
[0.004401035355448775, 6.74045488393533e-07, 0.0098174770424681, 0.13081866692415764, 0.025850194996556247, 0.06562041896893991]
E for cur_iter:  -0.4981514917196403
params in def finance in vqe.py:  [ 5.71534414e-02 -6.75843415e-07  6.65250958e-02  1.13480266e-01
  7.15198498e-04 -9.60218362e-08  1.56250000e-03  2.08318897e-02
  4.05690751e-03  1.05317968e-02  3.15422014e-03]
[0.05715344142289773, -6.75843414735954e-07, 0.06652509584022567, 0.11348026646966143]
[0.0044937246939027965, -6.033229906920563e-07, 0.0098174770424681, 0.13089062309697033, 0.025490301654587478, 0.06617323120222143]
E for cur_iter:  -0.4981514917196403
params in def finance in vqe.py:  [5.71279266e-02 4.02822602e-11 6.65384785e-02 1.13511079e-01
 7.08606258e-04 3.88394297e-10 1.56250000e-03 2.08051082e-02
 4.07383000e-03 1.05162032e-02 3.19814938e-03]
[0.05712792661489056, 4.028226022238052e-11, 0.06653847848885032, 0.11351107913088183]
[0.0044523044311917705, 2.440353341421116e-09, 0.0098174770424681, 0.13072235034470708, 0.025596628797877257, 0.06607525353494721]
E for cur_iter:  -0.4981514917196403
params in def finance in vqe.py:  [ 5.71220858e-02 -8.87860149e-09  6.65278444e-02  1.13525505e-01
  6.86376062e-04 -8.56058768e-08  1.56250000e-03  2.08147972e-02
  4.08025337e-03  1.05332828e-02  3.13712768e-03]
[0.05712208582893106, -8.878601488812313e-09, 0.06652784439765044, 0.11352550530943452]
[0.004312627985598607, -5.378775874405346e-07, 0.0098174770424681, 0.13078322798825287, 0.02563698799663119, 0.06618256801367293]
E for cur_iter:  -0.4981514917196403
params in def finance in vqe.py:  [5.71402210e-02 3.51261307e-11 6.65357740e-02 1.13506467e-01
 7.07369755e-04 3.38679827e-10 1.56250000e-03 2.08515598e-02
 4.11282523e-03 1.05396946e-02 3.17389030e-03]
[0.05714022102496157, 3.51261306742238e-11, 0.06653577404092202, 0.11350646655624595]
[0.004444535250607941, 2.1279881141999598e-09, 0.0098174770424681, 0.13101421437773372, 0.02584164306612015, 0.06622285442091594]
E for cur_iter:  -0.4981514917196403
params in def finance in vqe.py:  [ 5.70922881e-02 -1.35986287e-08  6.65239274e-02  1.13481470e-01
  7.10337436e-04  4.38739385e-12  1.56250000e-03  2.08383602e-02
  4.08438221e-03  1.05119278e-02  3.16069062e-03]
[0.057092288051441106, -1.3598628654597504e-08, 0.0665239274076678, 0.11348147027357197]
[0.004463181743790854, 2.7566808598253664e-11, 0.0098174770424681, 0.1309312783245979, 0.025662930312245744, 0.06604839022847162]
E for cur_iter:  -0.4981514917196403
params in def finance in vqe.py:  [5.71282672e-02 4.99514464e-05 6.65382869e-02 1.13510658e-01
 7.08703075e-04 2.09674587e-06 1.56250000e-03 2.08403330e-02
 4.07361362e-03 1.05164078e-02 3.16266349e-03]
[0.05712826719629788, 4.99514463566649e-05, 0.06653828685302511, 0.11351065788314557]
[0.004452912748124963, 1.3174242864691729e-05, 0.0098174770424681, 0.13094367420280076, 0.025595269247569843, 0.06607653913803756]
E for cur_iter:  -0.4981514917196403
params in def finance in vqe.py:  [ 5.71279627e-02 -2.09712243e-06  6.65377650e-02  1.13511294e-01
  7.08480021e-04  4.99498307e-05  1.56250000e-03  2.08406317e-02
  4.07367228e-03  1.05162408e-02  3.16296214e-03]
[0.05712796274036469, -2.0971224317916526e-06, 0.06653776502341432, 0.11351129369729894]
[0.00445151125660734, 0.00031384404261835413, 0.0098174770424681, 0.13094555072854547, 0.02559563780375831, 0.06607548947315768]
E for cur_iter:  -0.4981514917196403
params in def finance in vqe.py:  [ 5.71247242e-02 -2.09470371e-08  6.65357919e-02  1.13523120e-01
  7.52646553e-04  1.31278730e-07  1.56250000e-03  2.08279817e-02
  4.08237524e-03  1.05198591e-02  3.15031217e-03]
[0.057124724204819365, -2.094703712591225e-08, 0.066535791887469, 0.11352311992316297]
[0.004729017764727552, 8.248485889008481e-07, 0.0098174770424681, 0.13086606856745542, 0.025650320147223724, 0.06609822405579246]
E for cur_iter:  -0.4981514917196403
{'IZ': -0.0007402843679709115, 'ZI': 0.000603358204620319, 'ZZ': 0.5017135551883147}
The optimized loss func value: -0.4981514917196403

   Normal return from subroutine COBYLA

   NFVALS =   97   F =-4.981515E-01    MAXCV = 0.000000E+00
   X = 5.712793E-02   4.028226E-11   6.653848E-02   1.135111E-01   7.086063E-04
       3.883943E-10   1.562500E-03   2.084046E-02   4.073830E-03   1.051620E-02
       3.162794E-03
