lb in gen_LC_finance:  [0. 0. 0. 0. 0. 0. 0. 0. 0. 0. 0. 0. 0. 0. 0. 0. 0. 0. 0. 0. 0.]
ub in gen_LC_finance:  [1. 1. 1. 1. 1. 1. 1. 1. 1. 1. 1. 1. 1. 1. 1. 1. 1. 1. 1. 1. 1.]
<scipy.optimize._constraints.LinearConstraint object at 0x7f187bb42c10>
params in def finance in vqe.py:  [0. 0. 0. 0. 0. 0. 0. 0. 0. 0. 0. 0. 0. 0. 0. 0. 0. 0. 0. 0. 0.]
[0.0, 0.0, 0.0, 0.0, 0.0, 0.0, 0.0]
[0.0, 0.0, 0.0, 0.0, 0.0, 0.0, 0.0, 0.0, 0.0, 0.0, 0.0]
E for cur_iter:  3.0197664087732115
params in def finance in vqe.py:  [0.1 0.  0.  0.  0.  0.  0.  0.  0.  0.  0.  0.  0.  0.  0.  0.  0.  0.
 0.  0.  0. ]
[0.1, 0.0, 0.0, 0.0, 0.0, 0.0, 0.0]
[0.0, 0.0, 0.0, 0.0, 0.0, 0.0, 0.0, 0.0, 0.0, 0.0, 0.0]
E for cur_iter:  1.096986575107674
params in def finance in vqe.py:  [0.1 0.1 0.  0.  0.  0.  0.  0.  0.  0.  0.  0.  0.  0.  0.  0.  0.  0.
 0.  0.  0. ]
[0.1, 0.1, 0.0, 0.0, 0.0, 0.0, 0.0]
[0.0, 0.0, 0.0, 0.0, 0.0, 0.0, 0.0, 0.0, 0.0, 0.0, 0.0]
E for cur_iter:  -0.007747549082135135
params in def finance in vqe.py:  [0.1 0.1 0.1 0.  0.  0.  0.  0.  0.  0.  0.  0.  0.  0.  0.  0.  0.  0.
 0.  0.  0. ]
[0.1, 0.1, 0.1, 0.0, 0.0, 0.0, 0.0]
[0.0, 0.0, 0.0, 0.0, 0.0, 0.0, 0.0, 0.0, 0.0, 0.0, 0.0]
E for cur_iter:  -0.24450863734220565
params in def finance in vqe.py:  [0.1 0.1 0.1 0.1 0.  0.  0.  0.  0.  0.  0.  0.  0.  0.  0.  0.  0.  0.
 0.  0.  0. ]
[0.1, 0.1, 0.1, 0.1, 0.0, 0.0, 0.0]
[0.0, 0.0, 0.0, 0.0, 0.0, 0.0, 0.0, 0.0, 0.0, 0.0, 0.0]
E for cur_iter:  0.2687845987385672
params in def finance in vqe.py:  [0.1 0.1 0.1 0.  0.1 0.  0.  0.  0.  0.  0.  0.  0.  0.  0.  0.  0.  0.
 0.  0.  0. ]
[0.1, 0.1, 0.1, 0.0, 0.1, 0.0, 0.0]
[0.0, 0.0, 0.0, 0.0, 0.0, 0.0, 0.0, 0.0, 0.0, 0.0, 0.0]
E for cur_iter:  -0.2631223612429626
params in def finance in vqe.py:  [0.1 0.1 0.1 0.  0.1 0.1 0.  0.  0.  0.  0.  0.  0.  0.  0.  0.  0.  0.
 0.  0.  0. ]
[0.1, 0.1, 0.1, 0.0, 0.1, 0.1, 0.0]
[0.0, 0.0, 0.0, 0.0, 0.0, 0.0, 0.0, 0.0, 0.0, 0.0, 0.0]
E for cur_iter:  -0.2828386501126783
params in def finance in vqe.py:  [0.1 0.1 0.1 0.  0.1 0.1 0.1 0.  0.  0.  0.  0.  0.  0.  0.  0.  0.  0.
 0.  0.  0. ]
[0.1, 0.1, 0.1, 0.0, 0.1, 0.1, 0.1]
[0.0, 0.0, 0.0, 0.0, 0.0, 0.0, 0.0, 0.0, 0.0, 0.0, 0.0]
E for cur_iter:  -0.3786701148204024
params in def finance in vqe.py:  [0.1 0.1 0.1 0.  0.1 0.1 0.1 0.1 0.  0.  0.  0.  0.  0.  0.  0.  0.  0.
 0.  0.  0. ]
[0.1, 0.1, 0.1, 0.0, 0.1, 0.1, 0.1]
[0.6283185307179586, 0.0, 0.0, 0.0, 0.0, 0.0, 0.0, 0.0, 0.0, 0.0, 0.0]
E for cur_iter:  -0.4232619707115102
params in def finance in vqe.py:  [0.1 0.1 0.1 0.  0.1 0.1 0.1 0.1 0.1 0.  0.  0.  0.  0.  0.  0.  0.  0.
 0.  0.  0. ]
[0.1, 0.1, 0.1, 0.0, 0.1, 0.1, 0.1]
[0.6283185307179586, 0.6283185307179586, 0.0, 0.0, 0.0, 0.0, 0.0, 0.0, 0.0, 0.0, 0.0]
E for cur_iter:  -0.4222798058511286
params in def finance in vqe.py:  [0.1 0.1 0.1 0.  0.1 0.1 0.1 0.1 0.  0.1 0.  0.  0.  0.  0.  0.  0.  0.
 0.  0.  0. ]
[0.1, 0.1, 0.1, 0.0, 0.1, 0.1, 0.1]
[0.6283185307179586, 0.0, 0.6283185307179586, 0.0, 0.0, 0.0, 0.0, 0.0, 0.0, 0.0, 0.0]
E for cur_iter:  -0.4222780990618024
params in def finance in vqe.py:  [0.1 0.1 0.1 0.  0.1 0.1 0.1 0.1 0.  0.  0.1 0.  0.  0.  0.  0.  0.  0.
 0.  0.  0. ]
[0.1, 0.1, 0.1, 0.0, 0.1, 0.1, 0.1]
[0.6283185307179586, 0.0, 0.0, 0.6283185307179586, 0.0, 0.0, 0.0, 0.0, 0.0, 0.0, 0.0]
E for cur_iter:  -0.43729215651077635
params in def finance in vqe.py:  [0.1 0.1 0.1 0.  0.1 0.1 0.1 0.1 0.  0.  0.1 0.1 0.  0.  0.  0.  0.  0.
 0.  0.  0. ]
[0.1, 0.1, 0.1, 0.0, 0.1, 0.1, 0.1]
[0.6283185307179586, 0.0, 0.0, 0.6283185307179586, 0.6283185307179586, 0.0, 0.0, 0.0, 0.0, 0.0, 0.0]
E for cur_iter:  -0.4017422989589023
params in def finance in vqe.py:  [0.1 0.1 0.1 0.  0.1 0.1 0.1 0.1 0.  0.  0.1 0.  0.1 0.  0.  0.  0.  0.
 0.  0.  0. ]
[0.1, 0.1, 0.1, 0.0, 0.1, 0.1, 0.1]
[0.6283185307179586, 0.0, 0.0, 0.6283185307179586, 0.0, 0.6283185307179586, 0.0, 0.0, 0.0, 0.0, 0.0]
E for cur_iter:  -0.43729215651077635
params in def finance in vqe.py:  [0.1 0.1 0.1 0.  0.1 0.1 0.1 0.1 0.  0.  0.1 0.  0.  0.1 0.  0.  0.  0.
 0.  0.  0. ]
[0.1, 0.1, 0.1, 0.0, 0.1, 0.1, 0.1]
[0.6283185307179586, 0.0, 0.0, 0.6283185307179586, 0.0, 0.0, 0.6283185307179586, 0.0, 0.0, 0.0, 0.0]
E for cur_iter:  -0.43630828486106865
params in def finance in vqe.py:  [0.1 0.1 0.1 0.  0.1 0.1 0.1 0.1 0.  0.  0.1 0.  0.  0.  0.1 0.  0.  0.
 0.  0.  0. ]
[0.1, 0.1, 0.1, 0.0, 0.1, 0.1, 0.1]
[0.6283185307179586, 0.0, 0.0, 0.6283185307179586, 0.0, 0.0, 0.0, 0.6283185307179586, 0.0, 0.0, 0.0]
E for cur_iter:  -0.4372946085584265
params in def finance in vqe.py:  [0.1 0.1 0.1 0.  0.1 0.1 0.1 0.1 0.  0.  0.1 0.  0.  0.  0.1 0.1 0.  0.
 0.  0.  0. ]
[0.1, 0.1, 0.1, 0.0, 0.1, 0.1, 0.1]
[0.6283185307179586, 0.0, 0.0, 0.6283185307179586, 0.0, 0.0, 0.0, 0.6283185307179586, 0.6283185307179586, 0.0, 0.0]
E for cur_iter:  -0.42129526090067976
params in def finance in vqe.py:  [0.1 0.1 0.1 0.  0.1 0.1 0.1 0.1 0.  0.  0.1 0.  0.  0.  0.1 0.  0.1 0.
 0.  0.  0. ]
[0.1, 0.1, 0.1, 0.0, 0.1, 0.1, 0.1]
[0.6283185307179586, 0.0, 0.0, 0.6283185307179586, 0.0, 0.0, 0.0, 0.6283185307179586, 0.0, 0.6283185307179586, 0.0]
E for cur_iter:  -0.42638477578305845
params in def finance in vqe.py:  [0.1 0.1 0.1 0.  0.1 0.1 0.1 0.1 0.  0.  0.1 0.  0.  0.  0.1 0.  0.  0.1
 0.  0.  0. ]
[0.1, 0.1, 0.1, 0.0, 0.1, 0.1, 0.1]
[0.6283185307179586, 0.0, 0.0, 0.6283185307179586, 0.0, 0.0, 0.0, 0.6283185307179586, 0.0, 0.0, 0.6283185307179586]
E for cur_iter:  -0.4372946085584265
params in def finance in vqe.py:  [0.1 0.1 0.1 0.  0.1 0.1 0.1 0.1 0.  0.  0.1 0.  0.  0.  0.1 0.  0.  0.
 0.1 0.  0. ]
[0.1, 0.1, 0.1, 0.0, 0.1, 0.1, 0.1]
[0.6283185307179586, 0.0, 0.0, 0.6283185307179586, 0.0, 0.0, 0.0, 0.6283185307179586, 0.0, 0.0, 0.0]
E for cur_iter:  -0.4372946085584265
params in def finance in vqe.py:  [0.1 0.1 0.1 0.  0.1 0.1 0.1 0.1 0.  0.  0.1 0.  0.  0.  0.1 0.  0.  0.
 0.  0.1 0. ]
[0.1, 0.1, 0.1, 0.0, 0.1, 0.1, 0.1]
[0.6283185307179586, 0.0, 0.0, 0.6283185307179586, 0.0, 0.0, 0.0, 0.6283185307179586, 0.0, 0.0, 0.0]
E for cur_iter:  -0.4372946085584265
params in def finance in vqe.py:  [0.1 0.1 0.1 0.  0.1 0.1 0.1 0.1 0.  0.  0.1 0.  0.  0.  0.1 0.  0.  0.
 0.  0.  0.1]
[0.1, 0.1, 0.1, 0.0, 0.1, 0.1, 0.1]
[0.6283185307179586, 0.0, 0.0, 0.6283185307179586, 0.0, 0.0, 0.0, 0.6283185307179586, 0.0, 0.0, 0.0]
E for cur_iter:  -0.4372946085584265
params in def finance in vqe.py:  [ 1.86112732e-01  1.49476114e-01  1.10603473e-01  0.00000000e+00
  1.00833626e-01  1.00883005e-01  1.04291864e-01  1.01997070e-01
  7.95940889e-21  1.61622736e-20  1.00628349e-01 -3.42340324e-20
  0.00000000e+00 -1.59701548e-20  1.00000110e-01  2.08017860e-20
  0.00000000e+00  0.00000000e+00  0.00000000e+00  0.00000000e+00
  0.00000000e+00]
[0.1861127323799871, 0.14947611386480997, 0.11060347309367528, 0.0, 0.10083362566883447, 0.10088300463591178, 0.10429186385745812]
[0.6408664936589052, 5.001044100406715e-20, 1.015505597502024e-19, 0.6322665666977505, -2.1509876949632157e-19, 0.0, -1.0034344228339454e-19, 0.6283192207139776, 1.3070147589345735e-19, 0.0, 0.0]
E for cur_iter:  -0.5701772170447907
params in def finance in vqe.py:  [ 1.61203823e-01  1.92829848e-01  1.10603473e-01  0.00000000e+00
  1.00833626e-01  1.00883005e-01  1.04291864e-01  1.01997070e-01
  7.95940889e-21  1.61622736e-20  1.00628349e-01 -3.42340324e-20
  0.00000000e+00 -1.59701548e-20  1.00000110e-01  2.08017860e-20
  0.00000000e+00  0.00000000e+00  0.00000000e+00  0.00000000e+00
  0.00000000e+00]
[0.1612038228068542, 0.19282984754343893, 0.11060347309367528, 0.0, 0.10083362566883447, 0.10088300463591178, 0.10429186385745812]
[0.6408664936589052, 5.001044100406715e-20, 1.015505597502024e-19, 0.6322665666977505, -2.1509876949632157e-19, 0.0, -1.0034344228339454e-19, 0.6283192207139776, 1.3070147589345735e-19, 0.0, 0.0]
E for cur_iter:  -0.7743753938406046
params in def finance in vqe.py:  [ 1.38180870e-01  2.74648905e-01  1.58380922e-01  1.10307815e-17
  1.04589801e-01  1.04861674e-01  1.23630274e-01  1.10995530e-01
 -1.20782658e-19  9.13405448e-21  1.03459585e-01 -3.42340324e-20
  0.00000000e+00 -7.77518015e-20  1.00000605e-01 -7.23095571e-19
 -1.31353852e-18  0.00000000e+00  0.00000000e+00  0.00000000e+00
  0.00000000e+00]
[0.13818087043342697, 0.2746489046831643, 0.1583809220475538, 1.1030781516247048e-17, 0.10458980135650972, 0.10486167356312176, 0.12363027350448319]
[0.6974054836285059, -7.588998235039428e-19, 5.739095691060268e-20, 0.6500557463208961, -2.1509876949632152e-19, 0.0, -4.885289769907252e-19, 0.6283223297188558, -4.543343468936724e-18, -8.253205906082846e-18, 0.0]
E for cur_iter:  -0.33142826719768115
params in def finance in vqe.py:  [ 1.61203823e-01  1.92829848e-01  1.10603473e-01 -5.00000000e-02
  1.00833626e-01  1.00883005e-01  1.04291864e-01  1.01997070e-01
  7.95940889e-21  1.61622736e-20  1.00628349e-01 -3.42340324e-20
  0.00000000e+00 -1.59701548e-20  1.00000110e-01  2.08017860e-20
  0.00000000e+00  0.00000000e+00  0.00000000e+00  0.00000000e+00
  0.00000000e+00]
[0.1612038228068542, 0.19282984754343893, 0.1106034730936753, -0.05000000000000001, 0.10083362566883447, 0.10088300463591178, 0.10429186385745812]
[0.6408664936589052, 5.001044100406715e-20, 1.015505597502024e-19, 0.6322665666977505, -2.1509876949632157e-19, 0.0, -1.0034344228339454e-19, 0.6283192207139776, 1.3070147589345735e-19, 0.0, 0.0]
E for cur_iter:  -0.583302452356715
params in def finance in vqe.py:  [ 1.65158496e-01  2.19412739e-01  1.64949416e-02  1.97243117e-02
  1.01794366e-01  1.01900653e-01  1.09238168e-01  1.04298662e-01
 -4.50281910e-20 -3.42340324e-20  1.01352512e-01 -3.42340324e-20
  0.00000000e+00 -3.42727271e-20  1.00000236e-01  1.40556212e-19
 -1.76363752e-19  0.00000000e+00  0.00000000e+00  0.00000000e+00
  0.00000000e+00]
[0.1651584964095866, 0.21941273870915395, 0.016494941619861925, 0.019724311667710548, 0.10179436581514713, 0.1019006532458529, 0.1092381677736192]
[0.655327818690638, -2.8292046812014756e-19, -2.150987694963216e-19, 0.6368166145269831, -2.1509876949632147e-19, 0.0, -2.153418954863523e-19, 0.6283200159232676, 8.831407287241905e-19, -1.1081261364102386e-18, 0.0]
E for cur_iter:  -0.7340794295087412
params in def finance in vqe.py:  [ 1.63209196e-01  1.91048936e-01  1.10694396e-01  9.50426259e-19
  1.50761559e-01  1.00883005e-01  1.04291864e-01  1.01997070e-01
  7.95940889e-21  1.61622736e-20  1.00628349e-01 -3.42340324e-20
  0.00000000e+00 -1.59701548e-20  1.00000110e-01  2.08017860e-20
  0.00000000e+00  0.00000000e+00  0.00000000e+00  0.00000000e+00
  0.00000000e+00]
[0.16320919556082578, 0.19104893564989897, 0.11069439554108963, 9.50426258924626e-19, 0.15076155939389096, 0.10088300463591178, 0.10429186385745812]
[0.6408664936589052, 5.001044100406715e-20, 1.015505597502024e-19, 0.6322665666977505, -2.1509876949632157e-19, 0.0, -1.0034344228339454e-19, 0.6283192207139776, 1.3070147589345735e-19, 0.0, 0.0]
E for cur_iter:  -0.7871697816296507
params in def finance in vqe.py:  [ 2.52336740e-01  1.62595620e-01  1.17626297e-01  3.32277755e-02
  1.48382346e-01  1.02597346e-01  1.12624458e-01  1.05874354e-01
 -2.33116231e-20 -2.33920107e-20  1.01848281e-01 -3.42340324e-20
  0.00000000e+00 -2.34548392e-20  1.00000323e-01 -3.82037242e-19
 -1.87623530e-19  0.00000000e+00  0.00000000e+00  0.00000000e+00
  0.00000000e+00]
[0.2523367402315926, 0.16259562041952855, 0.11762629709134993, 0.03322777552857954, 0.1483823457455197, 0.10259734580774846, 0.11262445761237169]
[0.6652281885101822, -1.4647124761554466e-19, -1.469763378945905e-19, 0.639931623428807, -2.1509876949632147e-19, 0.0, -1.473711011213715e-19, 0.6283205603316145, -2.4004107877094865e-18, -1.1788734096906402e-18, 0.0]
E for cur_iter:  -0.22196260767928114
params in def finance in vqe.py:  [ 1.61421199e-01  1.88337022e-01  1.10384628e-01  1.88586468e-18
  1.50737206e-01  1.50047948e-01  1.04291864e-01  1.01997070e-01
  7.95940889e-21  1.61622736e-20  1.00628349e-01 -3.42340324e-20
  0.00000000e+00 -1.59701548e-20  1.03210814e-01 -3.21070430e-03
 -3.21070430e-03 -3.21070430e-03 -3.21070430e-03 -3.21070430e-03
 -3.21070430e-03]
[0.16142119882167927, 0.18833702229071336, 0.11038462771212657, 1.885864678682277e-18, 0.15073720601351065, 0.1500479483429694, 0.10429186385745812]
[0.6408664936589052, 5.001044100406715e-20, 1.015505597502024e-19, 0.6322665666977505, -2.1509876949632157e-19, 0.0, -1.0034344228339454e-19, 0.6484926707926362, -0.02017345007865857, -0.02017345007865857, -0.02017345007865857]
E for cur_iter:  -0.7694318369027432
params in def finance in vqe.py:  [ 1.19400468e-01  1.58720793e-01  1.05017778e-01  1.68390388e-02
  1.52507538e-01  6.27190168e-02  1.08514622e-01  1.03961985e-01
 -4.50760531e-20 -5.59180759e-20  1.01246582e-01 -3.42340324e-20
  0.00000000e+00 -5.59180748e-20  1.72376184e-01 -2.77897998e-17
 -6.19130686e-18  5.77742534e-18 -6.43555573e-19 -5.03572281e-18
  1.92018800e-17]
[0.11940046766008372, 0.15872079313784487, 0.10501777765435795, 0.016839038767883393, 0.15250753836778816, 0.06271901676883582, 0.1085146222890398]
[0.653212415633103, -2.832211947162904e-19, -3.5134363269978365e-19, 0.6361510333946341, -2.150987694963216e-19, 0.0, -3.513436262616862e-19, 1.0830715078638802, -1.7460846195903313e-16, -3.8901128285180106e-17, 3.63006340295369e-17]
E for cur_iter:  -0.5260779534046457
params in def finance in vqe.py:  [ 1.63209196e-01  1.91048936e-01  1.10694396e-01  1.41183219e-18
  1.50761559e-01  1.00883005e-01  8.31979056e-02  1.47329674e-01
  7.95940889e-21  1.61622736e-20  1.00628349e-01 -3.42340324e-20
  0.00000000e+00 -1.59701548e-20  1.00000110e-01 -9.85784214e-19
 -1.00658600e-18 -1.00658600e-18 -1.00658600e-18 -1.00658600e-18
 -1.00658600e-18]
[0.16320919556082578, 0.19104893564989897, 0.11069439554108963, 1.4118321905891767e-18, 0.15076155939389096, 0.10088300463591178, 0.08319790561080681]
[0.9256996408945314, 5.001044100406715e-20, 1.015505597502024e-19, 0.6322665666977505, -2.1509876949632157e-19, 0.0, -1.0034344228339454e-19, 0.6283192207139776, -6.1938648888553286e-18, -6.324566364748786e-18, -6.324566364748786e-18]
E for cur_iter:  -0.457914128765882
params in def finance in vqe.py:  [ 1.60994330e-01  2.04098677e-01  1.11230820e-01  8.09876129e-03
  1.51858105e-01  1.00289426e-01  2.15238977e-02  4.80912611e-02
 -3.15235270e-20 -2.88130216e-20  1.00925689e-01 -3.42340324e-20
  0.00000000e+00 -3.69407537e-20  1.00951569e-01 -9.01446588e-19
  1.24742064e-18  5.03366158e-19  1.10405122e-18  7.47316100e-19
  1.68544995e-18]
[0.1609943301057801, 0.2040986773085748, 0.11123082033572224, 0.008098761291585219, 0.15185810497501878, 0.10028942570006241, 0.02152389768118211]
[0.30216630508188375, -1.9806816196610542e-19, -1.810375536954561e-19, 0.6341348068601982, -2.1509876949632167e-19, 0.0, -2.3210560083656806e-19, 0.6342974132411866, -5.663955957669577e-18, 7.837775023073359e-18, 3.162742846139984e-18]
E for cur_iter:  -0.3109536328115613
params in def finance in vqe.py:  [ 1.63209196e-01  1.91048936e-01  1.10694396e-01  9.50426259e-19
  1.50761559e-01  1.00883005e-01  1.04291864e-01  1.01997070e-01
 -5.00000000e-02  1.61622736e-20  1.00628349e-01 -3.08002735e-19
 -2.73768703e-19 -2.89738858e-19  1.00000110e-01 -1.09369989e-19
 -1.30171774e-19 -1.30171774e-19 -1.30171774e-19 -1.30171774e-19
 -1.30171774e-19]
[0.16320919556082578, 0.19104893564989897, 0.11069439554108963, 9.50426258924626e-19, 0.15076155939389096, 0.10088300463591178, 0.10429186385745812]
[0.6408664936589052, -0.31415926535897937, 1.015505597502024e-19, 0.6322665666977505, -1.9352382610510948e-18, -1.7201394915547733e-18, -1.820482933838168e-18, 0.6283192207139776, -6.871919048929576e-19, -8.17893380786415e-19, -8.17893380786415e-19]
E for cur_iter:  -0.7861902843158635
params in def finance in vqe.py:  [ 1.39656930e-01  1.70779943e-01  1.07480561e-01  7.62712216e-03
  1.51501864e-01  8.54242621e-02  1.18885079e-01  9.42913206e-02
  3.90989201e-05 -3.15235270e-20  1.82397669e-01 -3.42340324e-20
 -7.20340706e-18  9.73800114e-18  5.79540332e-02 -3.42340213e-20
  6.33902511e-18  8.46345401e-18  1.13755920e-17 -2.32976610e-18
  1.55975084e-17]
[0.13965693033819607, 0.1707799427902263, 0.10748056128284296, 0.007627122159963389, 0.15150186405080415, 0.08542426207172124, 0.11888507911062167]
[0.5924498399734864, 0.0002456657601430723, -1.980681615958889e-19, 1.1460383544786041, -2.1509876949632167e-19, -4.526034137378268e-17, 6.118566567244275e-17, 0.3641359297604347, -2.1509869955821214e-19, 3.982926942411468e-17, 5.317744988416057e-17]
E for cur_iter:  -0.7744103994824247
params in def finance in vqe.py:  [ 1.63209196e-01  1.91048936e-01  1.10694396e-01  9.50426259e-19
  1.50761559e-01  1.00883005e-01  1.04291864e-01  1.01997070e-01
  7.95940889e-21 -5.00000000e-02  1.00628349e-01 -1.70992173e-19
 -1.36758140e-19 -1.52728295e-19  1.00000110e-01 -2.81314260e-20
 -4.89332119e-20 -4.89332119e-20 -4.89332119e-20 -4.89332119e-20
 -4.89332119e-20]
[0.16320919556082578, 0.19104893564989897, 0.11069439554108963, 9.50426258924626e-19, 0.15076155939389096, 0.10088300463591178, 0.10429186385745812]
[0.6408664936589052, 5.001044100406718e-20, -0.31415926535897937, 0.6322665666977505, -1.0743755079889185e-18, -8.592767384925969e-19, -9.596201807759915e-19, 0.6283192207139776, -1.7675496227021523e-19, -3.0745643816367256e-19, -3.0745643816367256e-19]
E for cur_iter:  -0.7871697816296507
params in def finance in vqe.py:  [ 1.29616118e-01  1.65257698e-01  1.06285328e-01  1.24180334e-02
  1.52031623e-01  7.90132607e-02  1.28370413e-01  8.95993304e-02
  6.36585710e-05  2.52705540e-18  4.27975987e-02 -3.42340324e-20
  9.88104033e-18  3.13714625e-18  4.10519057e-02  5.51688109e-18
 -2.77714126e-18  5.71733209e-18  6.96074785e-18 -1.17594436e-17
 -3.18006742e-18]
[0.12961611842703047, 0.16525769769891324, 0.10628532833274243, 0.012418033446553242, 0.15203162287026664, 0.07901326072882775, 0.12837041272629324]
[0.5629691960661208, 0.0003999785977132219, 1.5877957338161077e-17, 0.26890524346640043, -2.1509876949632167e-19, 6.208440743256188e-17, 1.9711271232631375e-17, 0.25793673052495025, 3.466358621058999e-17, -1.7449293136646077e-17, 3.592305696385555e-17]
E for cur_iter:  -0.7419953722387301
params in def finance in vqe.py:  [1.48113073e-01 2.36567938e-01 1.28628385e-01 1.24721429e-02
 1.53795238e-01 1.11525441e-01 1.37387811e-01 9.36924234e-02
 6.39359525e-05 2.89930833e-19 1.02785795e-01 2.58833727e-02
 2.70436178e-02 2.70115071e-02 1.01740308e-01 2.47813266e-02
 2.49474337e-02 2.53034993e-02 2.53034993e-02 2.53034993e-02
 2.53034993e-02]
[0.14811307330961884, 0.23656793842196142, 0.1286283853523818, 0.01247214293837544, 0.15379523764655864, 0.11152544077774708, 0.13738781086378896]
[0.5886868581623684, 0.00040172143716962554, 1.8216891530263346e-18, 0.6458221981005839, 0.16263002687401062, 0.16992006211244168, 0.16971830437020613, 0.639253210527844, 0.15570566723554682, 0.15674934913455082, 0.1589865751279819]
E for cur_iter:  -0.5724103476917906
params in def finance in vqe.py:  [ 1.55394836e-01  2.14611401e-01  1.19977750e-01  6.45608255e-03
  1.52331913e-01  1.06391957e-01  1.21423656e-01  9.76982512e-02
  3.30958191e-05  7.43219853e-19  1.01745130e-01 -3.42340324e-20
  1.39988637e-02  1.39822419e-02  1.00900907e-01  1.28278108e-02
  1.29137946e-02  1.30981084e-02  1.30981084e-02  1.30981084e-02
  1.30981084e-02]
[0.15539483584268368, 0.2146114012786842, 0.11997774958624702, 0.006456082545884219, 0.15233191320667588, 0.10639195739250518, 0.1214236564341485]
[0.6138562167847316, 0.0002079471644634838, 4.669788061629156e-18, 0.6392835064274096, -2.1509876949632167e-19, 0.08795745467479298, 0.08785301675706064, 0.6339790933712238, 0.08059951248968036, 0.08113976419501343, 0.08229784230226052]
E for cur_iter:  -0.7646483740593089
params in def finance in vqe.py:  [ 1.67195383e-01  1.86605554e-01  1.09553951e-01  5.65123951e-19
  1.50445036e-01  1.00053973e-01  1.03667380e-01  1.01706488e-01
 -5.99612285e-20 -5.90843895e-20  1.00536922e-01 -1.36851476e-17
  2.37210210e-02 -1.89491617e-03  9.99543446e-02 -1.84915092e-03
 -1.84915092e-03 -1.84915092e-03 -1.84915092e-03 -1.84915092e-03
 -1.84915092e-03]
[0.16719538303479695, 0.18660555372295326, 0.10955395132442258, 5.651239509168952e-19, 0.15044503575040374, 0.10005397327666384, 0.10366737981991965]
[0.6390407128744965, -3.767475101054931e-19, -3.712381678243009e-19, 0.6316921110461056, -8.598631843131829e-17, 0.14904357091495826, -0.011906109463414385, 0.6280316691423983, -0.011618557891835073, -0.011618557891835073, -0.011618557891835073]
E for cur_iter:  -0.7802579028109775
params in def finance in vqe.py:  [ 2.00650061e-01  1.77770626e-01  1.13486275e-01  1.23701570e-02
  1.49608528e-01  1.00537657e-01  1.28905972e-01  8.99395289e-02
  6.34131418e-05  3.77244336e-19  1.01565993e-01 -3.42340324e-20
 -4.19757037e-18  1.87477496e-03  1.01124321e-01  2.64588651e-04
  4.29337510e-04  7.82491502e-04  7.82491502e-04  7.82491502e-04
  7.82491502e-04]
[0.2006500609187615, 0.1777706256668938, 0.11348627492163924, 0.012370156977762692, 0.1496085277906742, 0.10053765661942778, 0.12890597203858817]
[0.5651067267169815, 0.0003984365207867068, 2.3702960703901437e-18, 0.6381579551702316, -2.1509876949630879e-19, -2.637411250456107e-17, 0.011779558471117467, 0.6353828467459133, 0.0016624595255418718, 0.0026976071332399944, 0.004916539105894025]
E for cur_iter:  -0.8286615100560868
params in def finance in vqe.py:  [ 2.01666153e-01  1.75276193e-01  1.12462696e-01  1.23701570e-02
  1.49480605e-01  9.96513509e-02  1.23435746e-01  8.73941484e-02
  6.34131418e-05  2.90364388e-19  1.01433653e-01 -1.33172525e-17
 -3.32292476e-18  2.53832683e-02  1.00470015e-01 -1.83297025e-03
 -1.66822139e-03 -1.31506740e-03 -1.31506740e-03 -1.31506740e-03
 -1.31506740e-03]
[0.20166615259518508, 0.17527619260260105, 0.11246269581518621, 0.012370156977762692, 0.14948060457652787, 0.09965135088236297, 0.12343574570030735]
[0.5491136291605296, 0.0003984365207867064, 1.8244132562370164e-18, 0.637326440546071, -8.36747654649754e-17, -2.0878552037652027e-17, 0.15948777816960566, 0.6312717238907709, -0.011516891727251566, -0.010481744119553443, -0.008262812146899412]
E for cur_iter:  -0.8069639973285343
params in def finance in vqe.py:  [ 2.07423738e-01  1.88611369e-01  1.19321703e-01  2.68810901e-02
  1.50685585e-01  1.00428188e-01  1.05137165e-01  5.12998881e-02
  1.37800545e-04  8.77544492e-19  1.02317690e-01  1.74277777e-18
  8.79613519e-20  1.51788304e-18  9.57956137e-02 -1.13841228e-18
  2.64252930e-04  1.03167765e-03  1.03167765e-03  1.03167765e-03
  1.03167765e-03]
[0.2074237377916703, 0.18861136924203517, 0.11932170310709306, 0.026881090076981227, 0.150685584982897, 0.10042818767914262, 0.10513716508074626]
[0.322326703417458, 0.0008658263613372174, 5.513774659907837e-18, 0.6428810085004141, 1.0950195707666387e-17, 5.526774741124944e-19, 9.537140424242352e-18, 0.6019015922095828, -7.152855318181765e-18, 0.0016603501245193108, 0.006482221854913045]
E for cur_iter:  -0.761610096972787
params in def finance in vqe.py:  [ 2.00890750e-01  1.80838268e-01  1.14446657e-01  1.23701570e-02
  1.49706533e-01  1.00280784e-01  1.30235296e-01  9.05580839e-02
  6.34131418e-05  3.94141272e-19  1.01635034e-01  1.29736253e-17
 -6.43243283e-18  1.86700521e-03  1.00015735e-01 -2.34220562e-02
  3.59455697e-03  3.94771096e-03  3.94771096e-03  3.94771096e-03
  3.94771096e-03]
[0.2008907499779892, 0.18083826781926068, 0.11444665707113888, 0.012370156977762692, 0.14970653322475008, 0.10028078376214056, 0.1302352960804762]
[0.5689932220411831, 0.0003984365207867068, 2.476462647616283e-18, 0.638591753617759, 8.151569194670249e-17, -4.041616745311958e-17, 0.011730739708744954, 0.6284173970078037, -0.14716511942502347, 0.022585267527476176, 0.024804199500130204]
E for cur_iter:  -0.8188185221750233
params in def finance in vqe.py:  [ 1.80717705e-01  1.85838918e-01  1.20234316e-01  2.52207478e-02
  1.51546349e-01  9.20648912e-02  1.57532968e-01  7.88361279e-02
  1.29289132e-04  1.10846064e-18  1.03134964e-01 -6.46827109e-18
 -2.15832382e-18  6.28837260e-18  1.29407045e-01 -2.60208521e-18
  2.43945489e-18  2.16840434e-18  4.11996826e-18  9.75781955e-19
 -2.81892565e-18]
[0.1807177050371469, 0.1858389175572716, 0.12023431573467135, 0.025220747774232652, 0.15154634948205215, 0.09206489118887806, 0.15753296799120906]
[0.49534200028461073, 0.0008123475727000691, 6.964663594123801e-18, 0.6480160935320304, -4.064134588637611e-17, -1.3561148500533206e-17, 3.9511010329004033e-17, 0.8130884446514706, -1.634938358441546e-17, 1.5327547110389495e-17, 1.3624486320346218e-17]
E for cur_iter:  -0.8729298703149788
params in def finance in vqe.py:  [ 1.81399959e-01  1.89660700e-01  1.19531048e-01  2.52207478e-02
  1.51656549e-01  9.18928144e-02  1.58933606e-01  7.94878665e-02
  1.29289132e-04  1.12798171e-18  1.03214196e-01 -2.95242290e-18
 -2.38612781e-18 -1.13235255e-07  1.27822259e-01 -3.45205982e-04
 -2.32706384e-02  3.96377389e-03  3.96377389e-03  3.96377389e-03
  3.96377389e-03]
[0.18139995861404, 0.18966070018273323, 0.11953104753045207, 0.025220747774232652, 0.15165654888053762, 0.09189281439184944, 0.15893360640260534]
[0.4994369947820075, 0.0008123475727000691, 7.087318078768929e-18, 0.6485139213420419, -1.8550620206058354e-17, -1.4992483192326836e-17, -7.114780873442286e-07, 0.803130940711837, -0.0021689931509352284, -0.14621373317521433, 0.024905125858707407]
E for cur_iter:  -0.850262471968386
params in def finance in vqe.py:  [ 1.82242254e-01  1.94674300e-01  7.20264972e-02  2.90094272e-02
  1.52142119e-01  9.22947401e-02  1.62577285e-01  7.39825179e-02
  1.48711041e-04  1.12470162e-18  1.03583375e-01 -6.46827109e-18
 -8.30636539e-19  4.00223181e-17  1.32405092e-01  6.59610455e-04
  4.42712799e-03  8.10739165e-04  8.10739165e-04  8.10739165e-04
  8.10739165e-04]
[0.1822422540531627, 0.19467429971272648, 0.07202649720377777, 0.029009427189937924, 0.15214211942106098, 0.09229474010320941, 0.1625772851087755]
[0.46484586957313284, 0.0009343790269074377, 7.066708723618659e-18, 0.6508335426627749, -4.0641345886375987e-17, -5.2190432985753026e-18, 2.5146764082184683e-16, 0.8319257301204753, 0.004144454716862936, 0.0278164655620509, 0.005094024410490755]
E for cur_iter:  -0.8108391251549989
params in def finance in vqe.py:  [ 1.81661946e-01  1.90218468e-01  1.20822662e-01  2.52207478e-02
  1.51663569e-01  9.18863648e-02  1.59164254e-01  7.95951903e-02
  1.29289132e-04  1.12822593e-18  1.03036917e-01 -2.56953264e-18
 -1.76942874e-18 -1.24475735e-07  1.27026013e-01 -3.79473411e-04
 -4.42719036e-04 -2.29445856e-02  4.78978010e-03  4.78978010e-03
  4.78978010e-03]
[0.18166194602609284, 0.19021846767148717, 0.12082266212915585, 0.025220747774232652, 0.1516635693107849, 0.09188636482188309, 0.15916425397217887]
[0.5001113305138827, 0.0008123475727000691, 7.088852610908474e-18, 0.6474000449254794, -1.614484969893795e-17, -1.1117648654378341e-17, -7.821041090134722e-07, 0.7981279799907636, -0.002384301759879637, -0.0027816857446714485, -0.14416508331612846]
E for cur_iter:  -0.8482916674316785
params in def finance in vqe.py:  [ 1.67970494e-01  1.87159481e-01  1.22713454e-01  3.26638890e-02
  1.52600053e-01  9.05458284e-02  1.78665257e-01  7.45227859e-02
  1.67444910e-04  1.07550931e-18  7.71335463e-02 -6.46827109e-18
 -5.44263173e-18  1.93135453e-17  9.57983163e-02 -3.07651329e-18
  3.52330858e-19  8.36361463e-18 -2.09695460e-18  3.58566823e-18
  3.86115628e-18]
[0.16797049356728697, 0.18715948064899848, 0.12271345359003592, 0.03266388901186319, 0.1526000526996757, 0.09054582843819066, 0.17866525653911297]
[0.4682404732311941, 0.0010520874000746752, 6.757624290604297e-18, 0.48464436472689587, -4.0641345886376005e-17, -3.419706374509925e-17, 1.213505838888004e-16, 0.6019185736203654, -1.9330303082350176e-17, 2.2137600688175387e-18, 5.255014054479208e-17]
E for cur_iter:  -0.7556432193242674
params in def finance in vqe.py:  [ 1.81657170e-01  1.91113448e-01  1.20946653e-01  2.52207478e-02
  1.51695459e-01  9.18336201e-02  1.59653249e-01  7.98227274e-02
  1.29289132e-04  1.81790637e-19  1.09114154e-01  7.78763910e-18
 -4.15603487e-18 -1.63464247e-07  1.25906397e-01 -4.98332751e-04
 -5.79669861e-04 -5.72528858e-04 -2.18283406e-02  5.69432938e-03
  5.69432938e-03]
[0.1816571702083143, 0.1911134477399502, 0.1209466534263594, 0.025220747774232652, 0.1516954589611723, 0.09183362005821143, 0.15965324934108935]
[0.5015409881104816, 0.0008123475727000691, 1.1422242577224062e-18, 0.685584450232723, 4.8931179556463065e-17, -2.6113137213724633e-17, -1.027076155793829e-06, 0.7910932205729524, -0.0031311170182350256, -0.00364217315437185, -0.003597304909982815]
E for cur_iter:  -0.840405092454886
params in def finance in vqe.py:  [ 1.71763343e-01  1.81648963e-01  1.20811684e-01  2.87980424e-02
  1.51995383e-01  9.13844558e-02  1.67299447e-01  7.65815729e-02
  1.47627419e-04 -7.78210679e-18  1.45869098e-01 -6.46827109e-18
 -7.63406266e-18  4.49662800e-17  1.10154092e-01  2.13683481e-18
  1.09608591e-17  1.95245721e-17  9.54561855e-03  1.30095424e-17
  1.65955513e-17]
[0.17176334291696022, 0.18164896347142334, 0.12081168436260578, 0.028798042382606193, 0.15199538300132898, 0.09138445583332422, 0.16729944685776443]
[0.48117621373538294, 0.0009275704288167412, -4.8896419063984175e-17, 0.9165225726284488, -4.064134588637585e-17, -4.796623033068409e-17, 2.825314696322362e-16, 0.6921185707736459, 1.342612906646129e-17, 6.886910879056998e-17, 1.2267650444227481e-16]
E for cur_iter:  -0.8591209305917078
params in def finance in vqe.py:  [ 1.80717705e-01  1.85838918e-01  1.20234316e-01  2.52207478e-02
  1.51546349e-01  9.20648912e-02  1.57532968e-01  7.88361279e-02
  1.29289132e-04  1.10846064e-18  1.03134964e-01 -6.46827109e-18
 -1.61860454e-18  6.63192616e-18  1.29407045e-01 -1.76797360e-18
  2.73384722e-18  2.95345057e-18  6.18071461e-18  1.76776695e-02
 -1.76776695e-02]
[0.1807177050371469, 0.1858389175572716, 0.12023431573467135, 0.025220747774232652, 0.15154634948205215, 0.09206489118887806, 0.15753296799120906]
[0.49534200028461073, 0.0008123475727000691, 6.964663594123801e-18, 0.6480160935320304, -4.064134588637607e-17, -1.0169992233643549e-17, 4.1669620985395975e-17, 0.8130884446514706, -1.1108505717404174e-17, 1.7177268710511125e-17, 1.8557077254003898e-17]
E for cur_iter:  -0.8729298703149788
params in def finance in vqe.py:  [ 1.68928697e-01  1.52911924e-01  1.16612588e-01  2.78026982e-02
  1.51025099e-01  9.28849232e-02  1.52561535e-01  7.16155583e-02
  1.42524985e-04  9.89997638e-20  1.00081010e-01 -6.46827109e-18
 -7.81566318e-18  6.09257359e-17  1.35357219e-01  2.29067334e-03
  2.87819653e-03  2.79384226e-03  1.89947304e-03  2.35539482e-02
  2.35539482e-02]
[0.16892869703061889, 0.1529119241529563, 0.11661258760638693, 0.027802698178202218, 0.15102509908374698, 0.09288492321110899, 0.1525615347265395]
[0.449973823848993, 0.0008955108937194228, 6.220338616118637e-19, 0.6288275305558816, -4.064134588637563e-17, -4.9107260079478635e-17, 3.828076889499845e-16, 0.8504744909751254, 0.014392725045595679, 0.018084242168654223, 0.01755422866263303]
E for cur_iter:  -0.8778758080934492
params in def finance in vqe.py:  [ 1.68928697e-01  1.52911924e-01  1.16612588e-01  6.17990212e-03
  1.51025099e-01  9.28849232e-02  1.57855315e-01  6.02388020e-02
  1.42524985e-04  9.89997638e-20  1.00081010e-01 -5.02325584e-17
 -1.04432591e-17  5.95440455e-17  1.35357219e-01  2.29067334e-03
  2.87819653e-03  2.79384226e-03  1.89947304e-03  2.35539482e-02
  2.35539482e-02]
[0.1689286970306189, 0.15291192415295632, 0.11661258760638699, 0.0061799021223384945, 0.15102509908374698, 0.09288492321110899, 0.157855314610305]
[0.378491555446146, 0.0008955108937194228, 6.220338616119009e-19, 0.6288275305558816, -3.156204728988938e-16, -6.561693186828761e-17, 3.7412627159271575e-16, 0.8504744909751254, 0.014392725045595679, 0.01808424216865421, 0.017554228662633016]
E for cur_iter:  -0.9871786826968421
params in def finance in vqe.py:  [ 1.80767318e-01  1.38453825e-01  1.32125724e-01 -1.82145965e-17
  1.53266311e-01  8.72389004e-02  1.72449114e-01  4.92705055e-02
  3.91792446e-04  1.39643490e-18  1.09411642e-01 -5.02325584e-17
 -5.65641295e-17 -5.14264663e-17  1.67363449e-01  7.55309416e-03
  1.21045555e-02  1.10941714e-02  1.26687062e-02  1.67507675e-02
  1.67507675e-02]
[0.18076731809257876, 0.13845382483964153, 0.13212572418118126, -1.8214596497756474e-17, 0.1532663114768823, 0.08723890038332684, 0.1724491144321785]
[0.30957571594394667, 0.0024617045384689286, 8.774059231688582e-18, 0.6874536186041806, -3.156204728988937e-16, -3.554029076585309e-16, -3.231220174013213e-16, 1.0515755608456168, 0.047457490243904096, 0.0760551652232101, 0.06970673464269192]
E for cur_iter:  -0.9743707177255723
params in def finance in vqe.py:  [ 1.68928697e-01  1.52911924e-01  1.16612588e-01  6.17990212e-03
  1.51025099e-01  9.28849232e-02  1.57855315e-01  6.02388020e-02
  1.42524985e-04  1.67378834e-19  1.00081010e-01 -2.50000000e-02
 -2.36909444e-17  4.77434416e-17  1.35357219e-01  2.29067334e-03
  2.87819653e-03  2.79384226e-03  1.89947304e-03  2.35539482e-02
  2.35539482e-02]
[0.16892869703061894, 0.15291192415295635, 0.11661258760638699, 0.006179902122338523, 0.15102509908374698, 0.09288492321110899, 0.15785531461030497]
[0.37849155544614616, 0.0008955108937194236, 1.051672230858208e-18, 0.6288275305558817, -0.15707963267948996, -1.488545938495716e-16, 2.9998089086932687e-16, 0.8504744909751256, 0.014392725045595628, 0.01808424216865423, 0.017554228662633033]
E for cur_iter:  -0.9793068111360222
params in def finance in vqe.py:  [ 1.55014033e-01  1.39086340e-01  1.21695092e-01  2.42861287e-17
  1.52454505e-01  9.02413020e-02  1.82848174e-01  4.63938771e-02
  2.47480470e-04  4.32727529e-19  7.83038600e-02  1.68697980e-03
 -5.50582867e-17 -5.23955533e-17  1.11771339e-01  2.76766798e-03
  4.86546061e-03  5.07216479e-03  6.70941913e-04  1.40254726e-02
  1.40254726e-02]
[0.15501403320087978, 0.1390863398559077, 0.1216950916285946, 2.42861286636753e-17, 0.15245450516327338, 0.09024130197625674, 0.1828481742459912]
[0.2915013269773052, 0.001554965650410351, 2.7189072515882907e-18, 0.4919976623544152, 0.010599606699830377, -3.459414179517926e-16, -3.292109707371077e-16, 0.7022800346031152, 0.01738977081290921, 0.030570590622356283, 0.03186935127770925]
E for cur_iter:  -0.9803122970975577
params in def finance in vqe.py:  [ 1.71229772e-01  1.55256427e-01  1.16771921e-01  4.89456552e-03
  1.51016013e-01  6.96675726e-02  1.56674994e-01  6.21325063e-02
  1.42524985e-04  1.77476651e-18  9.89134504e-02 -4.51269831e-17
 -1.04367617e-17 -1.37586843e-06  1.32219378e-01 -1.90376253e-03
  5.67234428e-03  5.61149523e-03  4.45763121e-03  2.65046276e-02
  2.65046276e-02]
[0.1712297720448034, 0.1552564270043674, 0.11677192067159314, 0.004894565524467822, 0.15101601304624912, 0.06966757257333056, 0.15667499378419797]
[0.3903900504992564, 0.0008955108937194228, 1.1151186884757708e-17, 0.6214915380098537, -2.8354119746469966e-16, -6.55761076836291e-17, -8.644836328622672e-06, 0.8307588550773969, -0.011961692779524831, 0.03564039024703889, 0.035258064406230444]
E for cur_iter:  -0.9852207231913778
params in def finance in vqe.py:  [ 1.71010429e-01  1.62143568e-01  1.25057226e-01  6.24500451e-17
  1.52242352e-01  1.24600174e-01  1.71282012e-01  5.77498501e-02
  2.17974221e-04 -2.75123604e-18  9.73717462e-02  1.21271736e-03
 -5.73255539e-17 -5.81903711e-17  1.40440022e-01 -6.59194921e-17
  1.94131327e-02  1.90531727e-02  1.76542668e-02  3.54124490e-02
  3.54124490e-02]
[0.17101042887880943, 0.1621435683556516, 0.12505722604000138, 6.245004513516506e-17, 0.15224235218640916, 0.12460017386912838, 0.1712820123290773]
[0.3628530095910382, 0.0013695724254665018, -1.7286525836541276e-17, 0.6118047253128589, 0.007619727869206779, -3.601870778420937e-16, -3.6562088463700196e-16, 0.882410685227013, -4.14184384138525e-16, 0.12197630986282046, 0.11971461505761793]
E for cur_iter:  -0.9862142685690407
params in def finance in vqe.py:  [ 1.69358093e-01  1.49722794e-01  1.15831257e-01  5.95060432e-03
  1.68384435e-01  9.48254055e-02  1.56987043e-01  6.02705881e-02
  1.42524985e-04 -1.90666531e-19  1.00736258e-01 -5.05360252e-17
 -2.38033420e-03 -2.40079767e-03  1.36646466e-01 -1.46851260e-02
  1.79605611e-03  1.64737475e-03  9.20119697e-04  2.23350442e-02
  2.23350442e-02]
[0.1693580928511668, 0.14972279411986825, 0.11583125656330746, 0.00595060432152436, 0.168384434977842, 0.09482540551602354, 0.15698704342862166]
[0.3786912735973111, 0.000895510893719423, -1.1979931430176784e-18, 0.6329445748765936, -3.1752721115891946e-16, -0.014956080877311333, -0.01508465663874564, 0.858575070025711, -0.09226936788385476, 0.011284953361378976, 0.010350760830368472]
E for cur_iter:  -0.986191790867622
params in def finance in vqe.py:  [ 1.67104205e-01  1.46343501e-01  1.15926005e-01  1.85875929e-03
  1.02931032e-01  9.74214975e-02  1.58566094e-01  5.65771261e-02
  1.67411609e-04 -1.27162635e-18  1.02224895e-01  4.00009883e-04
 -6.13111877e-17 -6.86260831e-17  1.41203552e-01 -7.76288755e-17
  9.47110648e-04  6.15451206e-04  3.15537884e-04  1.95737790e-02
  1.95737790e-02]
[0.16710420467511122, 0.14634350146446026, 0.11592600510696313, 0.0018587592929698114, 0.1029310318432689, 0.09742149749318801, 0.158566093676979]
[0.35548456716878607, 0.001051878160339904, -7.989863990631425e-18, 0.6422979610609701, 0.002513336222216941, -3.852295540184056e-16, -4.311903969162876e-16, 0.8872080855450308, -4.877566102683946e-16, 0.00595087170930521, 0.0038669939735027615]
E for cur_iter:  -0.97828791923949
params in def finance in vqe.py:  [ 1.68934822e-01  1.53157745e-01  1.16711249e-01  6.45819338e-03
  1.51009987e-01  9.28922965e-02  1.57420191e-01  5.95074087e-02
  2.51242330e-02  9.89446416e-20  1.00072583e-01 -5.00634083e-17
  1.92811502e-05 -1.51124366e-04  1.35231684e-01  2.24656664e-03
  2.88872523e-03  2.81121325e-03  1.91307659e-03  2.35695273e-02
  2.35695273e-02]
[0.16893482246677383, 0.15315774533761506, 0.11671124902322434, 0.0064581933814488995, 0.15100998722800626, 0.09289229649224905, 0.15742019121035733]
[0.3738960762161694, 0.15786021148812127, 6.216875184551732e-19, 0.6287745832364132, -3.1455767139800796e-16, 0.00012114703940703799, -0.0009495423991237148, 0.8496857271714044, 0.01411559449464998, 0.018150395929500067, 0.017663373768094827]
E for cur_iter:  -0.9861914210196995
params in def finance in vqe.py:  [ 1.70143667e-01  1.64238820e-01  1.23445102e-01  1.68581422e-02
  1.50897600e-01  9.26275489e-02  1.38198098e-01  1.78570249e-02
 -4.85451523e-17 -1.56768371e-18  1.00069639e-01  4.24083997e-04
  4.16607298e-04 -7.25297636e-17  1.31338941e-01  1.12014737e-03
  4.42544228e-03  4.61904047e-03  3.68733549e-03  2.35784266e-02
  2.35784266e-02]
[0.17014366742442563, 0.16423882014704533, 0.12344510238019177, 0.01685814215804672, 0.15089759986403628, 0.09262754892487625, 0.13819809795287505]
[0.11219899617324713, -3.0501818749675093e-16, -9.850047231610096e-18, 0.6287560879292573, 0.002664598341038591, 0.0026176208565641384, -4.557179452001882e-16, 0.8252269051348782, 0.0070380934990955605, 0.02780587389774525, 0.029022287236074768]
E for cur_iter:  -0.8945822626441138
params in def finance in vqe.py:  [ 1.68928697e-01  1.52911924e-01  1.16612588e-01  6.17990212e-03
  1.51025099e-01  9.28849232e-02  1.57855315e-01  6.02388020e-02
  1.42524985e-04  2.50000000e-02  1.00081010e-01 -5.01641793e-17
 -9.65902134e-18  5.97740700e-17  1.35357219e-01  2.29067334e-03
  2.87819653e-03  2.79384226e-03  1.89947304e-03  2.35539482e-02
  2.35539482e-02]
[0.1689286970306189, 0.15291192415295632, 0.11661258760638699, 0.006179902122338495, 0.15102509908374698, 0.09288492321110899, 0.157855314610305]
[0.378491555446146, 0.0008955108937194227, 0.15707963267948966, 0.6288275305558816, -3.1519083452964745e-16, -6.06894209642252e-17, 3.7557155815141345e-16, 0.8504744909751254, 0.014392725045595672, 0.018084242168654212, 0.01755422866263302]
E for cur_iter:  -0.9871786826968421
params in def finance in vqe.py:  [ 1.29617279e-01  1.62132093e-01  1.19592992e-01 -9.02056208e-17
  1.54604619e-01  8.94266997e-02  1.42620349e-01  6.94976708e-02
  3.88001168e-04  2.50000000e-02  1.01571442e-01  1.59168568e-03
 -4.23155644e-17 -5.10622179e-17  1.45483682e-01  2.00573583e-02
  6.43410511e-03  5.60804093e-03  5.48773137e-03  2.01284143e-02
  2.01284143e-02]
[0.12961727925695865, 0.16213209282158253, 0.11959299153670713, -9.020562075079397e-17, 0.15460461945361126, 0.08942669968547914, 0.14262034874040483]
[0.4366667438846063, 0.0024378832374413514, 0.15707963267948966, 0.6381921943230061, 0.010000856054465731, -2.6587653254503225e-16, -3.208333771515575e-16, 0.9141009310901603, 0.12602409927362465, 0.04042667466426238, 0.03523636037617327]
E for cur_iter:  -0.7992078389155732
params in def finance in vqe.py:  [ 0.1709971   0.15439044  0.09557921  0.00435777  0.15372186  0.09438003
  0.16103061  0.05706132 -0.00347279  0.02130567  0.10153185  0.00369433
  0.00352117  0.00024359  0.13798867  0.01117466  0.00310326  0.00187797
  0.00124353  0.0228374   0.0228374 ]
[0.17099709840135002, 0.15439043965863308, 0.09557921236281802, 0.004357774459994065, 0.15372185635947097, 0.09438002560574828, 0.16103061040346475]
[0.35852683518211165, -0.021820152936237406, 0.1338674671262939, 0.6379434346241025, 0.023212165553195403, 0.022124187145042926, 0.001530510739296946, 0.8670084041620686, 0.07021245635673545, 0.019498351821499244, 0.011799642997707006]
E for cur_iter:  -0.9615946695144522
params in def finance in vqe.py:  [ 1.78226319e-01  1.50165765e-01  1.01240462e-01  4.87976325e-04
  1.42355899e-01  8.24803002e-02  1.76063088e-01  5.37759001e-02
  2.11357395e-02  4.61353817e-02  9.40285338e-02 -5.16541141e-17
  1.49628546e-02 -4.88729969e-17  1.37577795e-01 -6.33174069e-17
  1.60080658e-02  1.43232659e-02  1.26527570e-02  2.44308725e-02
  2.44308725e-02]
[0.1782263189546231, 0.15016576478365964, 0.10124046180077396, 0.00048797632523337776, 0.14235589887712463, 0.0824803001748765, 0.1760630883892676]
[0.3378839452416175, 0.13279976765498172, 0.2898771523593663, 0.5907987020666817, -3.245523710301435e-16, 0.09401438847142825, -3.0707809619100617e-16, 0.8644267788726673, -3.9783500055410954e-16, 0.1005816440422432, 0.08999573358109826]
E for cur_iter:  -0.9773589345201157
params in def finance in vqe.py:  [ 0.17173734  0.15253022  0.11287865  0.0064328   0.149977    0.09263223
  0.15453825  0.06091419  0.00126584  0.02622848  0.09724148 -0.00122848
 -0.01591523 -0.01446667  0.13409138  0.00364977  0.00842725  0.00722934
  0.00466143  0.01621417  0.02354586]
[0.17173733717610928, 0.152530218200676, 0.11287864510487707, 0.006432803845495912, 0.1499770038196219, 0.092632233703898, 0.15453825237457317]
[0.3827351415515625, 0.007953526809433682, 0.1647983903860409, 0.6109862560302577, -0.007718757706551504, -0.09999833995244618, -0.09089675587756155, 0.8425209785377746, 0.022932180614892113, 0.05294998769004438, 0.04542331414821403]
E for cur_iter:  -0.9871661665115578
params in def finance in vqe.py:  [ 1.89701512e-01  1.40428782e-01  1.26564741e-01 -1.55257751e-16
  1.51298096e-01  9.33804002e-02  1.67804016e-01  5.99292444e-02
  3.09461662e-03  2.78825124e-02  1.10894161e-01 -5.14743401e-17
 -5.23510571e-17 -4.25642306e-17  1.21731436e-01  4.50874390e-03
 -6.67868538e-17 -4.85722573e-17 -2.97071395e-17  6.00467500e-02
  2.38373785e-02]
[0.18970151178465608, 0.1404287815166567, 0.12656474147500626, -1.5525775109992423e-16, 0.1512980958659188, 0.09338040021556619, 0.16780401621328922]
[0.37654654790963793, 0.019444049664727573, 0.17519099198044638, 0.6967685608506142, -3.2342281761842205e-16, -3.28931392760615e-16, -2.674389485639332e-16, 0.764861169702259, 0.028329273427701376, -4.196341786666635e-16, -3.051884935757553e-16]
E for cur_iter:  -0.9261443939647092
params in def finance in vqe.py:  [1.73305364e-01 1.61250424e-01 1.21782579e-01 1.56419992e-03
 1.50838881e-01 9.21258983e-02 1.65912316e-01 6.02364843e-02
 5.32932743e-04 2.53546572e-02 1.03036953e-01 8.13428230e-05
 2.08814721e-03 5.80183470e-17 1.38347292e-01 6.49157579e-04
 1.46838392e-02 1.22137641e-02 2.05998413e-17 1.69334839e-02
 3.46079093e-02]
[0.17330536429447213, 0.16125042400247536, 0.121782579398848, 0.0015641999244666513, 0.1508388807371471, 0.09212589826322096, 0.16591231576820928]
[0.378476993172266, 0.0033485151786682727, 0.15930800927375885, 0.6474002694291757, 0.0005110920301352595, 0.013120215841330543, 3.6454002553636137e-16, 0.8692616717387973, 0.004078777360350048, 0.09226128282100524, 0.0767413429611881]
E for cur_iter:  -0.9901613576602855
params in def finance in vqe.py:  [ 0.17003417  0.1640185   0.12026773  0.00493825  0.15029077  0.09058302
  0.17127804  0.05808943  0.00134737  0.02615966  0.10366316 -0.00072366
 -0.00484477  0.00322021  0.1413837  -0.00141727  0.01364982  0.0113062
 -0.00146622  0.01998238  0.03532296]
[0.17003416591708173, 0.16401850414501312, 0.12026772508441823, 0.004938252932776744, 0.15029077079663455, 0.09058301512433706, 0.17127804020702697]
[0.3649866478896919, 0.00846580397474992, 0.16436596661347927, 0.6513348575798558, -0.0045468653095851385, -0.030440570985444976, 0.02023319620419028, 0.8883400131811331, -0.008904976305228672, 0.08576435117726099, 0.07103897832748546]
E for cur_iter:  -0.9852256988704566
params in def finance in vqe.py:  [ 1.79697114e-01  1.56680706e-01  1.19705845e-01 -1.34657910e-16
  1.51113312e-01  9.36766192e-02  1.59279143e-01  6.24936851e-02
  1.31580119e-03  2.59937458e-02  1.01315485e-01 -2.33103467e-18
 -9.54097912e-18  2.02546378e-02  1.34137417e-01  1.96240593e-17
  1.81963267e-02  1.51153759e-02  3.80557082e-03  1.13300693e-02
  3.33646956e-02]
[0.17969711421054402, 0.1566807056626173, 0.11970584527576958, -1.3465790982269965e-16, 0.15111331164922703, 0.0936766191577414, 0.15927914288974462]
[0.39265940383054376, 0.008267422728259772, 0.16332352159963995, 0.6365839696175631, -1.4646322794372184e-17, -5.994773980952335e-17, 0.1272636429238713, 0.8428102464120032, 1.2330160119913327e-16, 0.11433089277641151, 0.09497270774292628]
E for cur_iter:  -0.9832653860112506
params in def finance in vqe.py:  [ 0.17538185  0.16318134  0.12216857  0.00053962  0.15085099  0.0923394
  0.16416875  0.06107341  0.00040025  0.02521855  0.09632591  0.00021745
  0.00220988  0.00031893  0.14172524  0.00080754  0.01727373  0.01416452
 -0.0068319   0.01990755  0.03007503]
[0.1753818515872431, 0.16318134220523814, 0.12216856620208148, 0.0005396154469002124, 0.15085098834221117, 0.09233939958676149, 0.1641687475870112]
[0.38373556441267015, 0.0025148420030453493, 0.15845279397206521, 0.6052335481416836, 0.001366307331828912, 0.01388507629771188, 0.002003880025429584, 0.8904859452872184, 0.00507395413307327, 0.10853407027222636, 0.08899831376364643]
E for cur_iter:  -0.9872120099521131
params in def finance in vqe.py:  [ 1.78636552e-01  1.59930600e-01  1.23388346e-01 -9.67108338e-17
  1.50994358e-01  9.19929175e-02  1.66135574e-01  6.00897864e-02
  1.09606020e-03  2.58749332e-02  8.93233440e-02 -1.72117095e-18
  7.74022408e-04  1.23739320e-20  1.44065530e-01  7.07896367e-04
  5.01602580e-03  4.57642265e-03  2.60816148e-03  1.46928834e-02
  4.88554905e-02]
[0.1786365522231841, 0.15993060036657872, 0.12338834607363616, -9.6710833785707e-17, 0.15099435843876968, 0.09199291745123293, 0.16613557405901946]
[0.3775552629083185, 0.0068867493398933975, 0.16257700015296467, 0.561235122901637, -1.081443601677481e-17, 0.004863326223926442, 7.774770791574631e-20, 0.9051904191687532, 0.004447844051463581, 0.03151661960735128, 0.028754511574427596]
E for cur_iter:  -0.9832740554747468
params in def finance in vqe.py:  [ 1.72982385e-01  1.60094269e-01  1.21236188e-01  1.61405001e-03
  1.50872971e-01  9.21152668e-02  1.65595569e-01  6.00462748e-02
  5.56141716e-04  2.53782860e-02  1.03489942e-01  5.77139870e-05
  2.02715985e-03 -8.53739657e-06  1.38459311e-01  7.74727570e-04
  7.17377524e-03  2.19585224e-02 -1.42773870e-03  1.69329189e-02
  3.54631284e-02]
[0.1729823846865518, 0.16009426869948387, 0.12123618794932732, 0.0016140500141763933, 0.1508729706903058, 0.09211526679580402, 0.16559556868776987]
[0.37728187185306766, 0.0034943414563010865, 0.1594564736286915, 0.650246480599387, 0.0003626276752026081, 0.012737020986373207, -5.364204468036549e-05, 0.8699655078584849, 0.00486775688490823, 0.045074159181527795, 0.1379694656142403]
E for cur_iter:  -0.9911459825527187
params in def finance in vqe.py:  [ 1.80774884e-01  1.75502942e-01  1.24236323e-01 -9.28077060e-17
  1.50423680e-01  9.25833609e-02  1.70996660e-01  6.32791493e-02
  6.84871139e-04  2.54671321e-02  1.03714804e-01  2.90807271e-04
  1.20045583e-03 -2.49366500e-18  1.36106230e-01  1.25767452e-17
 -4.68375339e-17  1.94860253e-02  5.43035480e-03  1.15509646e-02
  2.38582036e-02]
[0.18077488444778234, 0.17550294249301943, 0.12423632282073095, -9.280770596475918e-17, 0.15042367996692046, 0.09258336085643128, 0.1709966596114355]
[0.3975946210477063, 0.004303172280937826, 0.16001471025647673, 0.6516593301868394, 0.0018271959718593282, 0.007542686418475587, -1.566815926839815e-17, 0.8551806636953218, 7.902202065800807e-17, -2.942889045194783e-16, 0.12243430797783449]
E for cur_iter:  -0.9428583050825204
params in def finance in vqe.py:  [ 1.71794872e-01  1.57398886e-01  1.19318245e-01 -2.92343548e-03
  1.44962874e-01  9.33460448e-02  1.68295027e-01  6.75673235e-02
 -1.65381034e-04  2.43047531e-02  1.04731171e-01  1.13124684e-03
  1.17393716e-03 -1.28728207e-04  1.39872424e-01 -2.43868358e-03
  6.28985082e-03  2.08523938e-02 -3.06222430e-03  1.60586262e-02
  3.50918599e-02]
[0.1717948724800139, 0.15739888580200165, 0.11931824465995226, -0.0029234354832821203, 0.14496287407378292, 0.09334604481322673, 0.1682950266596199]
[0.42453801449293915, -0.0010391196803132923, 0.1527112677909748, 0.6580453572699281, 0.007107833512919297, 0.007376064739162129, -0.0008088231767258844, 0.8788443605734046, -0.015322700864879494, 0.03952029823166461, 0.13101945428811237]
E for cur_iter:  -0.9753904764463681
params in def finance in vqe.py:  [ 1.74358417e-01  1.61462348e-01  1.20809092e-01 -7.06899816e-17
  1.37743784e-01  9.45107637e-02  1.56940724e-01  4.15772626e-02
 -6.17995238e-18  2.39258339e-02  1.06113090e-01  2.04667131e-03
  3.45970065e-03  1.35864085e-18  1.37718466e-01  1.62630326e-17
  6.96994158e-03  2.10145161e-02  3.20923843e-17  1.52999523e-02
  3.69557203e-02]
[0.17435841678106762, 0.16146234847862942, 0.12080909199555008, -7.068998164605489e-17, 0.1377437837016767, 0.09451076370761112, 0.1569407236166685]
[0.2612376454430071, -3.882978601298672e-17, 0.15033044830879083, 0.6667282062650459, 0.01285961513412364, 0.021737940303976026, 8.536592210091927e-18, 0.8653106441389598, 1.0218364740259663e-16, 0.04379343455404528, 0.1320380985933422]
E for cur_iter:  -0.9960641313358061
params in def finance in vqe.py:  [ 0.17321332  0.15809547  0.12255988  0.00100098  0.13677399  0.09508166
  0.16340177  0.03881233 -0.00173795  0.02216522  0.10207549  0.00380729
  0.00339496  0.00027305  0.13165072  0.00173696  0.00700659  0.02083054
 -0.0028002   0.01166662  0.03541744]
[0.1732133178554762, 0.1580954685896499, 0.12255987718096414, 0.0010009790046337798, 0.13677399491964157, 0.09508165654654166, 0.16340177203274409]
[0.24386503261298142, -0.010919864109440245, 0.13926816664770197, 0.6413591976495155, 0.023921896795212318, 0.02133118397658753, 0.0017156295720716637, 0.8271858974453745, 0.010913615139942044, 0.04402368235738468, 0.13088216751770518]
E for cur_iter:  -0.9970511681179952
params in def finance in vqe.py:  [1.54583255e-01 1.56500871e-01 1.27926838e-01 8.67361738e-19
 1.45785629e-01 9.15402839e-02 1.58361288e-01 3.18312872e-02
 1.08320625e-03 2.52673613e-02 9.83561898e-02 2.08594385e-03
 1.97904234e-03 8.64335395e-04 1.30036854e-01 5.52892848e-03
 9.90649813e-03 2.30634079e-02 1.99493200e-17 1.17942416e-02
 3.70638000e-02]
[0.15458325533941747, 0.15650087063762125, 0.1279268377011878, 8.673617379884035e-19, 0.1457856289482826, 0.09154028388057378, 0.15836128789360976]
[0.20000187611634923, 0.0068059856134624185, 0.1587595135432918, 0.6179901663672389, 0.013106371764567516, 0.012434689754114013, 0.005430779452471075, 0.8170456532256292, 0.03473928219392553, 0.06224436351630857, 0.14491166542387837]
E for cur_iter:  -0.964562873792131
params in def finance in vqe.py:  [ 1.71971236e-01  1.62850312e-01  1.19059741e-01  1.04735552e-03
  1.36480038e-01  9.66645479e-02  1.61456542e-01  4.03859446e-02
 -6.43345684e-04  2.33333409e-02  1.00346203e-01  2.63916433e-03
  3.90990087e-03 -1.07002804e-04  1.23480285e-01 -1.74368755e-03
  6.86555893e-03  2.05718896e-02 -5.18066780e-03  1.41996943e-02
  3.89706612e-02]
[0.171971235910241, 0.1628503116871644, 0.1190597410124232, 0.001047355523890441, 0.13648003751152055, 0.09666454789468401, 0.16145654151941086]
[0.2537523738616712, -0.004042260148202011, 0.14660770489556335, 0.6304937877350759, 0.016582358547351014, 0.02456663169206195, -0.0006723184476254884, 0.7758495106085989, -0.010955912009567317, 0.04313757898393247, 0.12925699449456304]
E for cur_iter:  -0.9941009792407112
params in def finance in vqe.py:  [ 1.85335390e-01  1.49901228e-01  1.28385717e-01 -1.08420217e-17
  1.42124211e-01  9.40515521e-02  1.65011178e-01  3.35728419e-02
  2.98155217e-04  2.43136594e-02  1.10615298e-01  2.53976666e-03
 -3.90312782e-18  9.75781955e-19  1.25633159e-01  6.00476837e-03
  6.83565843e-03  1.90794135e-02  2.73218947e-17  2.36633099e-02
  3.88901283e-02]
[0.18533538982122028, 0.14990122802080372, 0.12838571663447781, -1.0842021724855044e-17, 0.14212421116617732, 0.09405155213418785, 0.1650111783059242]
[0.21094438708596336, 0.001873364480714544, 0.15276722763207923, 0.695016415077583, 0.015957824552007834, -2.4524075376623192e-17, 6.131018844155798e-18, 0.7893764215641995, 0.03772907238202185, 0.04294970859669339, 0.11987949040762817]
E for cur_iter:  -0.9704664881651357
params in def finance in vqe.py:  [ 0.17208252  0.15862318  0.12328886  0.00312639  0.1346776   0.09986245
  0.16458172  0.04009079 -0.00431007  0.01958087  0.09875184  0.00639164
  0.00343118  0.00022454  0.13180223  0.00243758  0.00930265  0.02385286
  0.00398127  0.01688948  0.03581221]
[0.1720825180564379, 0.1586231821210321, 0.1232888577606085, 0.0031263915269754802, 0.13467759845054722, 0.09986244801145945, 0.16458171525296517]
[0.25189786985228396, -0.027080969773681615, 0.12303022016474646, 0.6204761131616744, 0.040159843278167885, 0.02155874177600386, 0.001410831259305969, 0.8281378545862946, 0.015315795368898485, 0.05845025719606512, 0.14987196097771444]
E for cur_iter:  -0.9980343581783961
params in def finance in vqe.py:  [1.74463274e-01 1.54908065e-01 1.24144751e-01 2.43440712e-02
 1.31385900e-01 9.91551823e-02 1.60908217e-01 4.22777926e-02
 0.00000000e+00 1.98191117e-02 9.99884174e-02 7.15779004e-03
 9.49691901e-03 1.43656788e-18 1.33994813e-01 2.60208521e-17
 1.24321066e-02 2.52695410e-02 3.14283674e-04 1.23523427e-02
 3.91014392e-02]
[0.17446327426945574, 0.15490806522756426, 0.1241447513627532, 0.024344071178125187, 0.13138590038197742, 0.09915518234157109, 0.16090821694070598]
[0.2656392054512938, 0.0, 0.1245271513451238, 0.6282457549229452, 0.044973721189788936, 0.059670902008228575, 9.02622218722937e-18, 0.8419142417475151, 1.634938358441546e-16, 0.07811322975445278, 0.1587732087143691]
E for cur_iter:  -0.9428698588666931
params in def finance in vqe.py:  [ 0.17171607  0.15990517  0.1238481   0.00425557  0.12999481  0.09522749
  0.16402522  0.04223468 -0.01011725  0.02353317  0.09848651  0.00243933
  0.00361077  0.00104942  0.13068687  0.0084133   0.00947008  0.024059
  0.00408702  0.01782444  0.03676627]
[0.17171606503068915, 0.15990517045968175, 0.12384809604363227, 0.004255565362235744, 0.12999481372038887, 0.09522748901742495, 0.1640252202493985]
[0.2653682914260692, -0.06356854359537502, 0.1478632924152997, 0.6188089668207507, 0.015326771027614688, 0.022687161408360683, 0.006593677311771963, 0.8211297957340782, 0.052862348831863894, 0.05950224668038821, 0.15116713818027067]
E for cur_iter:  -1.0039379719430728
params in def finance in vqe.py:  [ 1.75272660e-01  1.52456429e-01  1.19161249e-01  3.93772499e-03
  1.40091902e-01  9.05235651e-02  1.65503084e-01  3.36091362e-02
 -6.93889390e-18  3.19658824e-02  9.52368352e-02  1.73472348e-17
  7.87672240e-03  1.30104261e-18  1.32971150e-01  3.98986399e-17
  1.20822327e-02  2.65642103e-02  9.02693334e-03  1.66581313e-02
  3.36050097e-02]
[0.17527266040731945, 0.1524564291499724, 0.11916124924642667, 0.0039377249915253185, 0.14009190195957444, 0.09052356508925878, 0.16550308355744134]
[0.2111724308116144, -4.35983562251079e-17, 0.20084756288741068, 0.5983906835045918, 1.0899589056276974e-16, 0.04949090645313596, 8.17469179220773e-18, 0.8354823736820318, 2.506905482943704e-16, 0.07591490718503328, 0.16690785613489253]
E for cur_iter:  -0.9645586484872803
params in def finance in vqe.py:  [ 0.17202658  0.16037628  0.12415793  0.00448825  0.13133472  0.09155526
  0.16260881  0.04248844 -0.01415367  0.02752272  0.09891403  0.01241773
  0.00275117  0.00091773  0.1301916   0.006158    0.00931712  0.02392161
  0.0037563   0.0180499   0.03718993]
[0.17202657641213537, 0.16037627804897406, 0.12415793382077386, 0.004488245946062399, 0.13133471726581677, 0.09155525580009916, 0.16260881176618538]
[0.26696274607461135, -0.08893010145654964, 0.1729303493075518, 0.6214951855152946, 0.07802289099212104, 0.01728611196642034, 0.0057662727212476695, 0.8180179566187075, 0.038691843274841646, 0.05854122276825887, 0.15030388489960939]
E for cur_iter:  -1.0039379719430728
params in def finance in vqe.py:  [1.73431972e-01 1.56297828e-01 1.25255574e-01 5.51290439e-03
 1.43966076e-01 1.04003995e-01 1.60073076e-01 3.55786284e-02
 3.46944695e-18 1.71464582e-02 1.01478478e-01 1.21430643e-17
 1.65862713e-03 2.38524478e-18 1.33875758e-01 1.73472348e-17
 9.60188265e-03 2.33543213e-02 8.36123659e-04 1.36224088e-02
 3.75908268e-02]
[0.17343197217591713, 0.1562978275280942, 0.12525557359660092, 0.005512904386765066, 0.14396607559079846, 0.10400399493179081, 0.16007307621814193]
[0.22354711552146783, 2.179917811255395e-17, 0.10773437430963084, 0.6376080828394187, 7.629712339393882e-17, 0.01042146163728422, 1.4986934952380838e-17, 0.8411661968756495, 1.0899589056276974e-16, 0.06033040798607138, 0.14673952867707427]
E for cur_iter:  -0.991136886214717
params in def finance in vqe.py:  [ 0.17259784  0.16027511  0.12349335  0.00464492  0.13105639  0.08732886
  0.16291888  0.04166252 -0.01204208  0.01513703  0.09751139  0.00116357
  0.00374061  0.00090435  0.12959328  0.00552829  0.00993842  0.02472651
  0.00553433  0.01875576  0.03693619]
[0.17259784376377937, 0.16027510571805434, 0.123493349342505, 0.004644921612792227, 0.1310563917184369, 0.08732886436841397, 0.16291887762745655]
[0.2617733049330256, -0.07566261931980112, 0.09510877589840784, 0.6126821376538841, 0.007310956629437236, 0.023502971218549364, 0.005682197032524578, 0.8142585862751791, 0.034735259152418665, 0.06244492949635954, 0.15536126768017247]
E for cur_iter:  -1.001971293931931
params in def finance in vqe.py:  [ 1.66160986e-01  1.47239054e-01  1.24065314e-01  4.33680869e-18
  1.22036244e-01  1.03691039e-01  1.65268505e-01  4.77285878e-02
 -1.73472348e-17  2.35918193e-02  1.03323615e-01  1.17093835e-17
  1.19580731e-03  2.81892565e-18  1.34825401e-01  1.38777878e-17
  1.03311461e-02  2.28891671e-02  2.08166817e-17  1.68882387e-02
  3.83816459e-02]
[0.16616098580520128, 0.1472390536829226, 0.12406531425283843, 4.336808689942018e-18, 0.12203624385327826, 0.10369103873997683, 0.16526850505982799]
[0.2998875618820464, -1.0899589056276974e-16, 0.1482317721859957, 0.6492014191846616, 7.357222612986957e-17, 0.007513478922190939, 1.7711832216450085e-17, 0.8471329814702487, 8.71967124502158e-17, 0.06491250542760155, 0.14381687835048795]
E for cur_iter:  -0.9901311824622431
params in def finance in vqe.py:  [ 0.17114881  0.1609565   0.1193294   0.00224244  0.12994692  0.09630288
  0.16573589  0.04235001 -0.0040634   0.01942706  0.09741538  0.00848748
  0.00399192  0.00131418  0.13093824  0.01295863  0.01033035  0.02498209
  0.00662889  0.02024507  0.03717279]
[0.1711488130248258, 0.16095649608294268, 0.11932940350745204, 0.002242444640580175, 0.12994692442195438, 0.09630288141397751, 0.1657358855163664]
[0.2660929682140458, -0.025531083251557087, 0.12206380656377654, 0.6120788899706914, 0.05332842679348705, 0.02508197978281315, 0.008257229227592023, 0.8227092366904483, 0.0814214873006306, 0.06490752756395429, 0.1569670960770733]
E for cur_iter:  -0.9970536519653337
params in def finance in vqe.py:  [ 1.70672228e-01  1.56572144e-01  1.06411434e-01  1.73472348e-18
  1.33553385e-01  1.01050783e-01  1.65590498e-01  4.05551991e-02
 -2.08166817e-17  2.02563839e-02  1.03747242e-01  9.54097912e-18
  5.40269745e-03  3.33023070e-04  1.35415035e-01  1.26857593e-02
  1.07103036e-02  2.24681329e-02  1.47451495e-17  1.47177991e-02
  4.09291983e-02]
[0.17067222832849394, 0.15657214380451068, 0.10641143371902198, 1.734723475976807e-18, 0.133553384638323, 0.10105078283036059, 0.16559049823310645]
[0.2548158310007382, -1.307950686753237e-16, 0.12727461345822422, 0.6518631475854584, 5.994773980952335e-17, 0.033946149248030875, 0.00209244565972998, 0.8508377572505117, 0.0797069764171607, 0.06729482238469668, 0.14117144275513097]
E for cur_iter:  -0.9743894768292728
params in def finance in vqe.py:  [ 0.17080218  0.16099172  0.12544805  0.00243971  0.1307202   0.09641922
  0.16526963  0.04352912 -0.01106827  0.02283611  0.1028559   0.00298199
  0.00893575 -0.0035648   0.12815707  0.00779925  0.01376096  0.02041264
  0.009028    0.01468088  0.03682891]
[0.1708021759797085, 0.16099171798899087, 0.12544804866162437, 0.0024397131500215694, 0.1307202044761678, 0.09641921786904878, 0.1652696349836258]
[0.2735015200946606, -0.06954400575275226, 0.14348351239807042, 0.6462626498340915, 0.01873642381762553, 0.05614497871479485, -0.02239830389639315, 0.8052345975212097, 0.049004124081501226, 0.08646263799798153, 0.12825641052934275]
E for cur_iter:  -1.007876761418744
params in def finance in vqe.py:  [ 1.72852696e-01  1.71473261e-01  1.28380194e-01 -3.90312782e-18
  1.27985514e-01  1.04748020e-01  1.68978733e-01  4.53368705e-02
 -1.21430643e-17  1.90286595e-02  1.02618631e-01  3.01436347e-03
  4.54875866e-03  3.90312782e-18  1.29405962e-01  3.18035205e-03
  4.44347421e-03  2.08894880e-02  1.37514160e-02  1.15793680e-02
  2.72565999e-02]
[0.1728526957503344, 0.17147326066572435, 0.12838019363893102, -3.903127820947816e-18, 0.12798551435646177, 0.10474802031581579, 0.16897873323782445]
[0.2848599587436317, -7.629712339393882e-17, 0.11956059362627554, 0.6447718749066045, 0.018939804261267627, 0.02858069359558806, 2.4524075376623192e-17, 0.8130816411736802, 0.019982741247423462, 0.02791917187137309, 0.13125252438769514]
E for cur_iter:  -0.9950574715852629
params in def finance in vqe.py:  [ 0.1727444   0.16363226  0.12848076  0.00386962  0.12922736  0.09825215
  0.16368828  0.04330619 -0.01184114  0.02699554  0.09968764 -0.00307387
  0.00873548 -0.00273347  0.12936867  0.01291975  0.01424594  0.02100883
  0.00401179  0.01583157  0.0343755 ]
[0.17274439542240239, 0.1636322613791235, 0.12848076360061275, 0.003869623789380761, 0.1292273578064197, 0.09825214889377276, 0.1636882752771521]
[0.2721008394699425, -0.07440006363825823, 0.169617995458509, 0.6263559208807874, -0.019313703299821967, 0.0548866487280101, -0.017174926824472723, 0.8128472970021776, 0.08117720477066832, 0.08950988040499176, 0.13200236932314757]
E for cur_iter:  -1.0078778264028538
params in def finance in vqe.py:  [ 1.75956575e-01  1.66138355e-01  1.30594109e-01 -2.60208521e-18
  1.29427115e-01  1.01836131e-01  1.61540983e-01  4.46989222e-02
 -3.46944695e-17  1.94868836e-02  9.44408684e-02  3.83839616e-03
  1.38255732e-02 -1.73472348e-18  1.33139007e-01  8.16225020e-03
  2.52773397e-02  1.99322026e-02  2.34187669e-17  2.07681248e-02
  2.63704930e-02]
[0.17595657514191632, 0.16613835492869933, 0.13059410946536906, -2.6020852139652106e-18, 0.12942711501988916, 0.10183613075682185, 0.1615409833440527]
[0.28085161095836886, -2.1799178112553949e-16, 0.12243970067214348, 0.5933894764344668, 0.024117354337646873, 0.08686863832638886, -1.0899589056276974e-17, 0.8365370541165954, 0.051284930556774105, 0.15882220912466544, 0.12523772277448755]
E for cur_iter:  -1.0029648070120074
params in def finance in vqe.py:  [ 0.17482096  0.16354899  0.13098071  0.00219706  0.12870679  0.09794651
  0.16339289  0.04409197 -0.00914258  0.02680262  0.09307979 -0.00205014
  0.00959448 -0.00382639  0.13139139  0.01472913  0.01159383  0.01669873
  0.00590821  0.01473134  0.0414514 ]
[0.1748209596247263, 0.16354899141266543, 0.13098071260969396, 0.0021970618743158326, 0.12870679230034182, 0.09794650806550242, 0.16339289354457412]
[0.2770380026157846, -0.05744455180220039, 0.1684058338014457, 0.5848375926347213, -0.012881394841250135, 0.06028387207824381, -0.024041939891858863, 0.8255564251868255, 0.09254587545607973, 0.07284618914592403, 0.10492124253502359]
E for cur_iter:  -1.0059114303132484
params in def finance in vqe.py:  [ 1.77444364e-01  1.66480713e-01  1.30258624e-01  8.23993651e-18
  1.30226412e-01  1.05894575e-01  1.62642723e-01  4.50514622e-02
 -1.38777878e-17  2.15488445e-02  9.64278720e-02  6.50521303e-18
  1.13644100e-02 -1.73472348e-18  1.36183970e-01  8.67361738e-18
  1.46797714e-02  1.44022379e-02  1.12757026e-17  1.09254472e-02
  3.09972143e-02]
[0.17744436437855984, 0.16648071281102023, 0.1302586240597878, 8.239936510889834e-18, 0.1302264122480621, 0.10589457487119068, 0.16264272307767236]
[0.28306668558727577, -8.71967124502158e-17, 0.13539538317795227, 0.6058741888324672, 4.087345896103865e-17, 0.07140469376025789, -1.0899589056276974e-17, 0.8556691179153395, 5.449794528138487e-17, 0.09223572387994437, 0.0904919298563544]
E for cur_iter:  -1.0009926246698506
params in def finance in vqe.py:  [ 0.17700817  0.15979804  0.13174433  0.0031022   0.12893081  0.09444108
  0.16795996  0.04156564 -0.00962644  0.0256714   0.10309047 -0.00104084
  0.00793108 -0.00312566  0.12814997  0.01690622  0.01316144  0.01868859
  0.00059937  0.01248152  0.03187265]
[0.1770081723188129, 0.15979803692970135, 0.13174433098222527, 0.003102196107912187, 0.12893081046165006, 0.09444107568206557, 0.16795996412757924]
[0.26116463876394574, -0.06048469765208538, 0.16129815997610394, 0.647736512488417, -0.006539811905265524, 0.0498324259223128, -0.01963910306250408, 0.8051900330101296, 0.10622492708719315, 0.08269573723995163, 0.11742386931431319]
E for cur_iter:  -1.003941298773118
params in def finance in vqe.py:  [ 1.81576582e-01  1.66267218e-01  1.35558568e-01  1.12757026e-17
  1.31061158e-01  1.04619602e-01  1.60003928e-01  4.53792036e-02
 -4.16333634e-17  2.32518383e-02  1.06207310e-01  1.25767452e-17
  5.76571114e-03  1.30104261e-18  1.25609397e-01  8.89132989e-03
  1.52592484e-02  1.74668739e-02  2.53310382e-03  2.74360210e-02
  3.75290209e-02]
[0.18157658154978043, 0.1662672178729568, 0.13555856796125487, 1.1275702593849246e-17, 0.13106115814675684, 0.10461960186651428, 0.16000392762911714]
[0.28512594544793196, -2.615901373506474e-16, 0.14609560846085953, 0.6673202115102739, 7.902202065800807e-17, 0.03622703151807901, 8.17469179220773e-18, 0.7892271167399261, 0.0558658733237731, 0.09587668553723207, 0.1097476056528822]
E for cur_iter:  -0.9852497154665605
{'IIIZ': -0.0007389802430548542, 'IIZI': 0.000618927047458695, 'IZII': -0.0012772629794151058, 'ZIII': 0.00025785020171742445, 'IIZZ': 0.5034804120100986, 'IZIZ': 0.5035016658557945, 'IZZI': 0.5035002207273829, 'ZIIZ': 0.503484434448624, 'ZIZI': 0.5034716148591135, 'ZZII': 0.503467526845492}
The optimized loss func value: -1.0029648070120074

   Return from subroutine COBYLA because the MAXFUN limit has been reached.

   NFVALS =  100   F =-1.002965E+00    MAXCV = 3.469447E-17
   X = 1.759566E-01   1.661384E-01   1.305941E-01  -2.602085E-18   1.294271E-01
       1.018361E-01   1.615410E-01   4.469892E-02  -3.469447E-17   1.948688E-02
       9.444087E-02   3.838396E-03   1.382557E-02  -1.734723E-18   1.331390E-01
       8.162250E-03   2.527734E-02   1.993220E-02   2.341877E-17   2.076812E-02
       2.637049E-02
