lb in gen_LC_finance:  [0. 0. 0. 0. 0. 0. 0. 0. 0. 0. 0. 0. 0. 0. 0. 0. 0. 0. 0. 0. 0.]
ub in gen_LC_finance:  [1. 1. 1. 1. 1. 1. 1. 1. 1. 1. 1. 1. 1. 1. 1. 1. 1. 1. 1. 1. 1.]
<scipy.optimize._constraints.LinearConstraint object at 0x7f1dadeec730>
params in def chemistry in vqe.py:  [0. 0. 0. 0. 0. 0. 0. 0. 0. 0. 0. 0. 0. 0. 0. 0. 0. 0. 0. 0. 0.]
[0.0, 0.0, 0.0, 0.0, 0.0, 0.0, 0.0]
[0.0, 0.0, 0.0, 0.0, 0.0, 0.0, 0.0, 0.0, 0.0, 0.0, 0.0]
E for cur_iter:  -0.021463654751857797
params in def chemistry in vqe.py:  [0.1 0.  0.  0.  0.  0.  0.  0.  0.  0.  0.  0.  0.  0.  0.  0.  0.  0.
 0.  0.  0. ]
[0.1, 0.0, 0.0, 0.0, 0.0, 0.0, 0.0]
[0.0, 0.0, 0.0, 0.0, 0.0, 0.0, 0.0, 0.0, 0.0, 0.0, 0.0]
E for cur_iter:  -1.578644545299536
params in def chemistry in vqe.py:  [0.1 0.1 0.  0.  0.  0.  0.  0.  0.  0.  0.  0.  0.  0.  0.  0.  0.  0.
 0.  0.  0. ]
[0.1, 0.1, 0.0, 0.0, 0.0, 0.0, 0.0]
[0.0, 0.0, 0.0, 0.0, 0.0, 0.0, 0.0, 0.0, 0.0, 0.0, 0.0]
E for cur_iter:  -4.26282424094253
params in def chemistry in vqe.py:  [0.1 0.1 0.1 0.  0.  0.  0.  0.  0.  0.  0.  0.  0.  0.  0.  0.  0.  0.
 0.  0.  0. ]
[0.1, 0.1, 0.1, 0.0, 0.0, 0.0, 0.0]
[0.0, 0.0, 0.0, 0.0, 0.0, 0.0, 0.0, 0.0, 0.0, 0.0, 0.0]
E for cur_iter:  -5.068541580742268
params in def chemistry in vqe.py:  [0.1 0.1 0.1 0.1 0.  0.  0.  0.  0.  0.  0.  0.  0.  0.  0.  0.  0.  0.
 0.  0.  0. ]
[0.1, 0.1, 0.1, 0.1, 0.0, 0.0, 0.0]
[0.0, 0.0, 0.0, 0.0, 0.0, 0.0, 0.0, 0.0, 0.0, 0.0, 0.0]
E for cur_iter:  -6.861580734579912
params in def chemistry in vqe.py:  [0.1 0.1 0.1 0.1 0.1 0.  0.  0.  0.  0.  0.  0.  0.  0.  0.  0.  0.  0.
 0.  0.  0. ]
[0.1, 0.1, 0.1, 0.1, 0.1, 0.0, 0.0]
[0.0, 0.0, 0.0, 0.0, 0.0, 0.0, 0.0, 0.0, 0.0, 0.0, 0.0]
E for cur_iter:  -6.920516195899664
params in def chemistry in vqe.py:  [0.1 0.1 0.1 0.1 0.1 0.1 0.  0.  0.  0.  0.  0.  0.  0.  0.  0.  0.  0.
 0.  0.  0. ]
[0.1, 0.1, 0.1, 0.1, 0.1, 0.1, 0.0]
[0.0, 0.0, 0.0, 0.0, 0.0, 0.0, 0.0, 0.0, 0.0, 0.0, 0.0]
E for cur_iter:  -6.90847882002503
params in def chemistry in vqe.py:  [0.1 0.1 0.1 0.1 0.1 0.  0.1 0.  0.  0.  0.  0.  0.  0.  0.  0.  0.  0.
 0.  0.  0. ]
[0.1, 0.1, 0.1, 0.1, 0.1, 0.0, 0.1]
[0.0, 0.0, 0.0, 0.0, 0.0, 0.0, 0.0, 0.0, 0.0, 0.0, 0.0]
E for cur_iter:  -7.446610282305148
params in def chemistry in vqe.py:  [0.1 0.1 0.1 0.1 0.1 0.  0.1 0.1 0.  0.  0.  0.  0.  0.  0.  0.  0.  0.
 0.  0.  0. ]
[0.1, 0.1, 0.1, 0.1, 0.1, 0.0, 0.1]
[0.6283185307179586, 0.0, 0.0, 0.0, 0.0, 0.0, 0.0, 0.0, 0.0, 0.0, 0.0]
E for cur_iter:  -7.464587203374984
params in def chemistry in vqe.py:  [0.1 0.1 0.1 0.1 0.1 0.  0.1 0.1 0.1 0.  0.  0.  0.  0.  0.  0.  0.  0.
 0.  0.  0. ]
[0.1, 0.1, 0.1, 0.1, 0.1, 0.0, 0.1]
[0.6283185307179586, 0.6283185307179586, 0.0, 0.0, 0.0, 0.0, 0.0, 0.0, 0.0, 0.0, 0.0]
E for cur_iter:  -7.460717192332277
params in def chemistry in vqe.py:  [0.1 0.1 0.1 0.1 0.1 0.  0.1 0.1 0.  0.1 0.  0.  0.  0.  0.  0.  0.  0.
 0.  0.  0. ]
[0.1, 0.1, 0.1, 0.1, 0.1, 0.0, 0.1]
[0.6283185307179586, 0.0, 0.6283185307179586, 0.0, 0.0, 0.0, 0.0, 0.0, 0.0, 0.0, 0.0]
E for cur_iter:  -7.466498847173419
params in def chemistry in vqe.py:  [0.1 0.1 0.1 0.1 0.1 0.  0.1 0.1 0.  0.1 0.1 0.  0.  0.  0.  0.  0.  0.
 0.  0.  0. ]
[0.1, 0.1, 0.1, 0.1, 0.1, 0.0, 0.1]
[0.6283185307179586, 0.0, 0.6283185307179586, 0.6283185307179586, 0.0, 0.0, 0.0, 0.0, 0.0, 0.0, 0.0]
E for cur_iter:  -7.251298255804453
params in def chemistry in vqe.py:  [0.1 0.1 0.1 0.1 0.1 0.  0.1 0.1 0.  0.1 0.  0.1 0.  0.  0.  0.  0.  0.
 0.  0.  0. ]
[0.1, 0.1, 0.1, 0.1, 0.1, 0.0, 0.1]
[0.6283185307179586, 0.0, 0.6283185307179586, 0.0, 0.6283185307179586, 0.0, 0.0, 0.0, 0.0, 0.0, 0.0]
E for cur_iter:  -7.456081819923923
params in def chemistry in vqe.py:  [0.1 0.1 0.1 0.1 0.1 0.  0.1 0.1 0.  0.1 0.  0.  0.1 0.  0.  0.  0.  0.
 0.  0.  0. ]
[0.1, 0.1, 0.1, 0.1, 0.1, 0.0, 0.1]
[0.6283185307179586, 0.0, 0.6283185307179586, 0.0, 0.0, 0.6283185307179586, 0.0, 0.0, 0.0, 0.0, 0.0]
E for cur_iter:  -7.472365175172723
params in def chemistry in vqe.py:  [0.1 0.1 0.1 0.1 0.1 0.  0.1 0.1 0.  0.1 0.  0.  0.1 0.1 0.  0.  0.  0.
 0.  0.  0. ]
[0.1, 0.1, 0.1, 0.1, 0.1, 0.0, 0.1]
[0.6283185307179586, 0.0, 0.6283185307179586, 0.0, 0.0, 0.6283185307179586, 0.6283185307179586, 0.0, 0.0, 0.0, 0.0]
E for cur_iter:  -7.482960625583881
params in def chemistry in vqe.py:  [0.1 0.1 0.1 0.1 0.1 0.  0.1 0.1 0.  0.1 0.  0.  0.1 0.1 0.1 0.  0.  0.
 0.  0.  0. ]
[0.1, 0.1, 0.1, 0.1, 0.1, 0.0, 0.1]
[0.6283185307179586, 0.0, 0.6283185307179586, 0.0, 0.0, 0.6283185307179586, 0.6283185307179586, 0.6283185307179586, 0.0, 0.0, 0.0]
E for cur_iter:  -7.482960625583881
params in def chemistry in vqe.py:  [0.1 0.1 0.1 0.1 0.1 0.  0.1 0.1 0.  0.1 0.  0.  0.1 0.1 0.  0.1 0.  0.
 0.  0.  0. ]
[0.1, 0.1, 0.1, 0.1, 0.1, 0.0, 0.1]
[0.6283185307179586, 0.0, 0.6283185307179586, 0.0, 0.0, 0.6283185307179586, 0.6283185307179586, 0.0, 0.6283185307179586, 0.0, 0.0]
E for cur_iter:  -7.297604289692206
params in def chemistry in vqe.py:  [0.1 0.1 0.1 0.1 0.1 0.  0.1 0.1 0.  0.1 0.  0.  0.1 0.1 0.  0.  0.1 0.
 0.  0.  0. ]
[0.1, 0.1, 0.1, 0.1, 0.1, 0.0, 0.1]
[0.6283185307179586, 0.0, 0.6283185307179586, 0.0, 0.0, 0.6283185307179586, 0.6283185307179586, 0.0, 0.0, 0.6283185307179586, 0.0]
E for cur_iter:  -7.490150282512662
params in def chemistry in vqe.py:  [0.1 0.1 0.1 0.1 0.1 0.  0.1 0.1 0.  0.1 0.  0.  0.1 0.1 0.  0.  0.1 0.1
 0.  0.  0. ]
[0.1, 0.1, 0.1, 0.1, 0.1, 0.0, 0.1]
[0.6283185307179586, 0.0, 0.6283185307179586, 0.0, 0.0, 0.6283185307179586, 0.6283185307179586, 0.0, 0.0, 0.6283185307179586, 0.6283185307179586]
E for cur_iter:  -7.490150282512662
params in def chemistry in vqe.py:  [0.1 0.1 0.1 0.1 0.1 0.  0.1 0.1 0.  0.1 0.  0.  0.1 0.1 0.  0.  0.1 0.
 0.1 0.  0. ]
[0.1, 0.1, 0.1, 0.1, 0.1, 0.0, 0.1]
[0.6283185307179586, 0.0, 0.6283185307179586, 0.0, 0.0, 0.6283185307179586, 0.6283185307179586, 0.0, 0.0, 0.6283185307179586, 0.0]
E for cur_iter:  -7.490150282512662
params in def chemistry in vqe.py:  [0.1 0.1 0.1 0.1 0.1 0.  0.1 0.1 0.  0.1 0.  0.  0.1 0.1 0.  0.  0.1 0.
 0.  0.1 0. ]
[0.1, 0.1, 0.1, 0.1, 0.1, 0.0, 0.1]
[0.6283185307179586, 0.0, 0.6283185307179586, 0.0, 0.0, 0.6283185307179586, 0.6283185307179586, 0.0, 0.0, 0.6283185307179586, 0.0]
E for cur_iter:  -7.490150282512662
params in def chemistry in vqe.py:  [0.1 0.1 0.1 0.1 0.1 0.  0.1 0.1 0.  0.1 0.  0.  0.1 0.1 0.  0.  0.1 0.
 0.  0.  0.1]
[0.1, 0.1, 0.1, 0.1, 0.1, 0.0, 0.1]
[0.6283185307179586, 0.0, 0.6283185307179586, 0.0, 0.0, 0.6283185307179586, 0.6283185307179586, 0.0, 0.0, 0.6283185307179586, 0.0]
E for cur_iter:  -7.490150282512662
params in def chemistry in vqe.py:  [ 1.41956566e-01  1.72322339e-01  1.21709188e-01  1.48311514e-01
  1.01587953e-01 -8.08057908e-22  1.14175040e-01  1.00484369e-01
 -1.63314923e-20  1.00051507e-01 -7.66950044e-19 -9.69545065e-20
  1.00158062e-01  1.00285483e-01  0.00000000e+00  6.93889390e-19
  1.00193718e-01  0.00000000e+00  0.00000000e+00  0.00000000e+00
  0.00000000e+00]
[0.14195656642237223, 0.1723223386399372, 0.12170918824535222, 0.14831151397538922, 0.10158795269869106, -8.080579081913021e-22, 0.11417504004491448]
[0.631361909821295, -1.0261379220304349e-19, 0.6286421599293558, -4.818889250160476e-18, -6.091831305372598e-19, 0.629311662966637, 0.6301122734977419, 0.0, 4.359835622510788e-18, 0.6295356941895124, 0.0]
E for cur_iter:  -6.6858189252445905
params in def chemistry in vqe.py:  [0.05675093 0.1250902  0.1        0.1        0.1        0.
 0.1        0.1        0.         0.1        0.         0.
 0.1        0.1        0.         0.         0.1        0.
 0.         0.         0.        ]
[0.05675093488411358, 0.12509020459465836, 0.1, 0.1, 0.1, 0.0, 0.1]
[0.6283185307179586, 0.0, 0.6283185307179586, 0.0, 0.0, 0.6283185307179586, 0.6283185307179586, 0.0, 0.0, 0.6283185307179586, 0.0]
E for cur_iter:  -7.093943619720271
params in def chemistry in vqe.py:  [ 8.52525388e-02  2.47727923e-02  1.25412657e-01  1.56553193e-01
  1.01858849e-01  8.53333460e-20  1.16593224e-01  1.00566999e-01
 -1.17822685e-20  1.00060294e-01 -2.85837803e-18 -1.35007784e-19
  1.00185026e-01  1.00334185e-01  0.00000000e+00 -6.93889390e-19
  1.00226765e-01  0.00000000e+00  0.00000000e+00  0.00000000e+00
  0.00000000e+00]
[0.08525253881213399, 0.024772792298115034, 0.1254126565468844, 0.15655319296332604, 0.10185884870905634, 8.533334599410074e-20, 0.11659322403622652]
[0.6318810935840119, -7.403017643140808e-20, 0.6286973692956532, -1.795971881361337e-17, -8.482789246998339e-19, 0.6294810858746076, 0.6304182761658728, 0.0, -4.359835622510789e-18, 0.6297433355938679, 0.0]
E for cur_iter:  -8.380297288843517
params in def chemistry in vqe.py:  [ 8.94265407e-02  3.46944695e-18  3.64855183e-02  1.93207219e-01
  1.03063631e-01 -2.85837771e-18  1.27347850e-01  1.00934491e-01
 -2.89093682e-18  1.00099373e-01 -2.85837803e-18 -2.81604379e-18
  1.00304948e-01  1.00550781e-01  0.00000000e+00 -4.24566978e-18
  1.00373739e-01  0.00000000e+00  0.00000000e+00  0.00000000e+00
  0.00000000e+00]
[0.08942654067726473, 3.469446951953614e-18, 0.03648551832399169, 0.19320721860264775, 0.10306363105062201, -2.85837770509506e-18, 0.12734785038698396]
[0.6341901103484358, -1.816429175232028e-17, 0.6289429073141517, -1.7959718813613353e-17, -1.7693724934544632e-17, 0.6302345769559436, 0.6317791917826762, 0.0, -2.6676329949647506e-17, 0.6306667995349131, 0.0]
E for cur_iter:  -8.093539059480278
params in def chemistry in vqe.py:  [ 8.52525388e-02  2.47727923e-02  1.25412657e-01  1.54910628e-01
  1.51831861e-01  8.53333460e-20  1.16593224e-01  1.00566999e-01
 -1.17822685e-20  1.00060294e-01 -2.85837803e-18 -1.35007784e-19
  1.00185026e-01  1.00334185e-01  0.00000000e+00 -6.93889390e-19
  1.00226765e-01  0.00000000e+00  0.00000000e+00  0.00000000e+00
  0.00000000e+00]
[0.08525253881213399, 0.024772792298115028, 0.12541265654688444, 0.15491062841535447, 0.1518318612428805, 8.533334599410074e-20, 0.11659322403622652]
[0.6318810935840119, -7.403017643140808e-20, 0.6286973692956532, -1.795971881361337e-17, -8.482789246998339e-19, 0.6294810858746076, 0.6304182761658728, 0.0, -4.359835622510789e-18, 0.6297433355938679, 0.0]
E for cur_iter:  -8.36662573221484
params in def chemistry in vqe.py:  [ 1.07196908e-01 -4.16333634e-17  1.86329374e-01  1.12150891e-01
  9.74591343e-02 -2.62123029e-18  1.73134525e-01  1.02499047e-01
 -3.06456750e-18  1.00265746e-01 -2.85837803e-18 -2.73237956e-18
  1.00815503e-01  1.01472918e-01  0.00000000e+00  3.25729444e-19
  1.00999464e-01  0.00000000e+00  0.00000000e+00  0.00000000e+00
  0.00000000e+00]
[0.10719690848428011, -4.163336342344337e-17, 0.18632937416439221, 0.11215089117479592, 0.09745913427871988, -2.6212302858420815e-18, 0.17313452515503475]
[0.6440205029793431, -1.925524550512194e-17, 0.6299882592426633, -1.795971881361337e-17, -1.7168047113346093e-17, 0.6334424848791534, 0.637573144887235, 0.0, 2.046618455022172e-18, 0.6345983487816876, 0.0]
E for cur_iter:  -7.996513635431811
params in def chemistry in vqe.py:  [ 8.52525388e-02  2.47727923e-02  1.25412657e-01  1.56553193e-01
  1.01858849e-01 -5.00000000e-02  1.16593224e-01  1.00566999e-01
 -1.17822685e-20  1.00060294e-01 -2.85837803e-18 -1.35007784e-19
  1.00185026e-01  1.00334185e-01  0.00000000e+00 -6.93889390e-19
  1.00226765e-01  0.00000000e+00  0.00000000e+00  0.00000000e+00
  0.00000000e+00]
[0.08525253881213399, 0.024772792298115034, 0.1254126565468844, 0.15655319296332604, 0.10185884870905634, -0.05000000000000001, 0.11659322403622652]
[0.6318810935840119, -7.403017643140808e-20, 0.6286973692956532, -1.795971881361337e-17, -8.482789246998339e-19, 0.6294810858746076, 0.6304182761658728, 0.0, -4.359835622510789e-18, 0.6297433355938679, 0.0]
E for cur_iter:  -8.383993810230413
params in def chemistry in vqe.py:  [ 9.44802250e-02 -5.55111512e-17  1.51028355e-01  1.67593436e-01
  1.00985344e-01  1.38777878e-17  3.89963689e-02  1.01379432e-01
 -2.65054799e-20  1.00146687e-01 -1.36611761e-18 -2.85662596e-20
  1.00450144e-01  1.00813026e-01  0.00000000e+00  6.29944241e-19
  1.00551688e-01  0.00000000e+00  0.00000000e+00  0.00000000e+00
  0.00000000e+00]
[0.09448022496339785, -5.551115123125783e-17, 0.15102835478464346, 0.16759343621601022, 0.10098534356972173, 1.3877787807814457e-17, 0.038996368881952154]
[0.636985758773097, -1.665388418126797e-19, 0.6292401931481856, -8.583570104748634e-18, -1.7948710262718632e-19, 0.631146868363693, 0.6334269241243524, 0.0, 3.958056402457795e-18, 0.6317848860519936, 0.0]
E for cur_iter:  -6.57364356106393
params in def chemistry in vqe.py:  [ 8.69500653e-02  2.76988918e-02  1.26299695e-01  1.59826827e-01
  1.01966450e-01 -5.00000000e-02  1.17139363e-01  1.50333886e-01
 -1.17822685e-20  1.00060294e-01 -2.85837803e-18 -1.35007784e-19
  1.00185026e-01  1.00334185e-01  0.00000000e+00 -6.93889390e-19
  1.00226765e-01  0.00000000e+00  0.00000000e+00  0.00000000e+00
  0.00000000e+00]
[0.08695006532701076, 0.02769889178450502, 0.12629969473740224, 0.15982682746235144, 0.10196644990615199, -0.05000000000000001, 0.11713936300501786]
[0.944575662883006, -7.403017643140808e-20, 0.6286973692956532, -1.795971881361337e-17, -8.482789246998339e-19, 0.6294810858746076, 0.6304182761658728, 0.0, -4.359835622510789e-18, 0.6297433355938679, 0.0]
E for cur_iter:  -8.579994395509365
params in def chemistry in vqe.py:  [ 1.18892229e-01  6.93546258e-02  1.46896610e-01  2.20157651e-01
  1.03717240e-01  4.16333634e-17  1.42716410e-01  1.45518117e-01
 -7.53296562e-21  1.00076521e-01 -2.17053695e-18 -1.19310246e-19
  1.00234822e-01  1.00424124e-01  0.00000000e+00 -3.93426471e-19
  1.00287794e-01  0.00000000e+00  0.00000000e+00  0.00000000e+00
  0.00000000e+00]
[0.11889222901905186, 0.06935462581408847, 0.14689660974063434, 0.22015765126111375, 0.10371723983999435, 4.163336342344337e-17, 0.1427164102220472]
[0.9143172965036379, -4.733101888500663e-20, 0.6287993258044288, -1.3637885845660357e-17, -7.496483865132208e-19, 0.6297939633691655, 0.6309833788977262, 0.0, -2.4719714198014457e-18, 0.6301267921354854, 0.0]
E for cur_iter:  -7.7352634670404665
params in def chemistry in vqe.py:  [ 8.69500653e-02  2.76988918e-02  1.26299695e-01  1.59826827e-01
  1.01966450e-01 -5.00000000e-02  1.17139363e-01  1.50333886e-01
 -5.00000000e-02  1.00060294e-01 -2.85837803e-18 -1.35007784e-19
  1.00185026e-01  1.00334185e-01  0.00000000e+00 -6.93889390e-19
  1.00226765e-01  0.00000000e+00  0.00000000e+00  0.00000000e+00
  0.00000000e+00]
[0.08695006532701076, 0.027698891784505023, 0.12629969473740224, 0.15982682746235144, 0.10196644990615199, -0.05000000000000001, 0.11713936300501786]
[0.944575662883006, -0.31415926535897937, 0.6286973692956532, -1.795971881361337e-17, -8.482789246998339e-19, 0.6294810858746076, 0.6304182761658728, 0.0, -4.359835622510789e-18, 0.6297433355938679, 0.0]
E for cur_iter:  -8.580556903715456
params in def chemistry in vqe.py:  [ 2.00726950e-02  3.47659068e-02  1.29355500e-01  1.63912948e-01
  1.01761525e-01  5.55111512e-17  1.37458953e-01  1.56537231e-01
 -2.08166817e-17  1.00083998e-01 -2.63645382e-18 -8.54633753e-20
  1.00257768e-01  1.00465566e-01  0.00000000e+00 -1.18454328e-18
  1.00315915e-01  0.00000000e+00  0.00000000e+00  0.00000000e+00
  0.00000000e+00]
[0.02007269496591152, 0.0347659068086692, 0.12935549985349515, 0.16391294794387265, 0.1017615253202061, 5.551115123125783e-17, 0.1374589534792995]
[0.9835524313348586, -1.307950686753237e-16, 0.6288463055626662, -1.656532790281514e-17, -5.369822237058628e-19, 0.6299381317918467, 0.6312437682543313, 0.0, -7.442704956046842e-18, 0.6303034821363112, 0.0]
E for cur_iter:  -8.85991134463929
params in def chemistry in vqe.py:  [ 2.00826686e-02  3.50051539e-02  1.29253696e-01  1.63792656e-01
  1.01757571e-01  5.52364084e-17  1.37389778e-01  1.56533319e-01
 -2.08390958e-17  1.50079846e-01 -2.63645382e-18 -8.54633753e-20
  1.00257768e-01  1.00465566e-01  0.00000000e+00 -1.18454328e-18
  1.00572113e-01 -2.56198053e-04 -2.56198053e-04 -2.56198053e-04
 -2.56198053e-04]
[0.020082668645562605, 0.035005153907343455, 0.12925369638271336, 0.16379265640750443, 0.10175757145384821, 5.5236408396639136e-17, 0.13738977821163972]
[0.9835278509459683, -1.3093590037245822e-16, 0.9429794835601055, -1.656532790281514e-17, -5.369822237058628e-19, 0.6299381317918467, 0.6312437682543313, 0.0, -7.442704956046842e-18, 0.6319132219779636, -0.0016097398416524944]
E for cur_iter:  -8.85123674202967
params in def chemistry in vqe.py:  [ 1.71345281e-02  7.96209681e-02  1.04672340e-01  1.22355231e-01
  1.00015923e-01  2.15387604e-16  1.41431787e-01  1.62599126e-01
  1.08835701e-16  9.75726491e-02 -2.13694218e-17 -2.08600498e-17
  1.00339174e-01  1.00612597e-01  0.00000000e+00 -2.08152684e-17
  1.75023185e-01 -4.34664894e-18 -2.96346390e-17  5.51598426e-18
 -1.52430410e-17]
[0.01713452814800026, 0.07962096808695138, 0.1046723398004877, 0.1223552314643789, 0.10001592287864347, 2.153876035859705e-16, 0.14143178739255427]
[1.0216404397925327, 6.838348760672706e-16, 0.6130670354423435, -1.3426803692815145e-16, -1.3106755835481488e-16, 0.6304496208468525, 0.6321675926499, 0.0, -1.3078618878952235e-16, 1.0997031054148418, -2.731080077755161e-17]
E for cur_iter:  -7.719555629157528
params in def chemistry in vqe.py:  [ 2.00726950e-02  3.47659068e-02  1.29355500e-01  1.63912948e-01
  1.01761525e-01  5.55111512e-17  1.37458953e-01  1.56537231e-01
 -2.08166817e-17  1.00083998e-01 -5.00000000e-02 -8.54633753e-20
  1.00257768e-01  1.00465566e-01 -7.85234981e-18 -9.03689309e-18
  1.00315915e-01  3.11582236e-18  3.11582236e-18  3.11582236e-18
  3.11582236e-18]
[0.02007269496591152, 0.0347659068086692, 0.12935549985349515, 0.16391294794387265, 0.1017615253202061, 5.551115123125783e-17, 0.1374589534792995]
[0.9835524313348586, -1.307950686753237e-16, 0.6288463055626662, -0.31415926535897937, -5.369822237058628e-19, 0.6299381317918467, 0.6312437682543314, -4.9337768923075693e-17, -5.678047387912254e-17, 0.6303034821363112, 1.9577289279562153e-17]
E for cur_iter:  -8.836063065367279
params in def chemistry in vqe.py:  [ 1.85620291e-02  5.89878298e-02  1.16114903e-01  1.41771840e-01
  1.00834759e-01  3.89922469e-16  1.39336654e-01  1.59703329e-01
  1.93241388e-16  9.91677018e-02  3.46960142e-04 -2.08275237e-17
  1.00300441e-01  1.83433516e-01 -1.35083077e-17 -8.27761350e-18
  5.73458908e-02 -1.33423743e-17 -2.63677985e-17 -1.43673506e-17
 -2.90879425e-17]
[0.018562029091342525, 0.05898782977903687, 0.11611490270044145, 0.14177184009606547, 0.10083475850226037, 3.89922469312687e-16, 0.13933665385252803]
[1.0034456104131018, 1.2141714515026687e-15, 0.6230890471844697, 0.002180014867805704, -1.3086319111181182e-16, 0.6302062576828604, 1.1525467706239854, -8.48752006552845e-17, -5.2009779539314515e-17, 0.3603148587636585, -8.383260999539348e-17]
E for cur_iter:  -8.438284912320086
params in def chemistry in vqe.py:  [ 2.00726950e-02  3.47659068e-02  1.29355500e-01  1.63912948e-01
  1.01761525e-01  5.55111512e-17  1.37458953e-01  1.56537231e-01
 -2.08166817e-17  1.00083998e-01 -2.63645382e-18 -5.00000000e-02
  1.00257768e-01  1.00465566e-01 -2.00861510e-17 -2.12706943e-17
  1.00315915e-01 -3.45832376e-18 -3.45832376e-18 -3.45832376e-18
 -3.45832376e-18]
[0.02007269496591152, 0.0347659068086692, 0.12935549985349515, 0.16391294794387265, 0.1017615253202061, 5.551115123125783e-17, 0.1374589534792995]
[0.9835524313348586, -1.307950686753237e-16, 0.6288463055626662, -1.6565327902815105e-17, -0.31415926535897937, 0.629938131791847, 0.6312437682543312, -1.2620500890342225e-16, -1.336477138594691e-16, 0.6303034821363112, -2.172928904356406e-17]
E for cur_iter:  -8.860618327180108
params in def chemistry in vqe.py:  [1.90802215e-02 4.91580312e-02 1.21377805e-01 1.50382205e-01
 1.01191045e-01 5.69675861e-16 1.38908931e-01 1.58552537e-01
 2.31441326e-16 9.95266596e-02 2.19215647e-04 2.77555756e-17
 1.75895900e-01 7.53134977e-02 1.88170801e-18 1.45235797e-17
 7.41519025e-02 3.86221210e-17 2.47293416e-17 1.79969486e-17
 8.38761489e-18]
[0.01908022150388681, 0.04915803121718552, 0.12137780490281776, 0.15038220474127975, 0.10119104477526625, 5.696758611715493e-16, 0.13890893098672455]
[0.9962149698505609, 1.4541887397801223e-15, 0.6253444451557505, 0.001377372534810429, 1.743934249004316e-16, 1.1051865319172127, 0.4732086624180075, 1.1823120132535309e-17, 9.125434242189532e-17, 0.46591014449638124, 2.426699431681433e-16]
E for cur_iter:  -8.692883482198935
params in def chemistry in vqe.py:  [ 2.23324739e-02  4.30695223e-02  1.25703548e-01  1.56324636e-01
  9.78103268e-02  3.69978000e-03  1.35078396e-01  1.56570844e-01
 -2.08911961e-17  9.97762011e-02  2.35898083e-18 -5.00000000e-02
  8.99991155e-02  9.01651171e-02 -2.44662073e-02 -2.44662073e-02
  9.00440763e-02 -1.41943687e-02 -1.41943687e-02 -1.41943687e-02
 -1.41943687e-02]
[0.022332473944836985, 0.04306952231300031, 0.12570354824440044, 0.1563246355188483, 0.09781032679914947, 0.0036997800049623237, 0.13507839579383352]
[0.9837636276325975, -1.3126325667718232e-16, 0.6269123607896886, 1.4821913715619436e-17, -0.3141592653589792, 0.5654811201287611, 0.5665241392406217, -0.15372571405879717, -0.15372571405879717, 0.5657636171584705, -0.08918584908095635]
E for cur_iter:  -8.800006373364699
params in def chemistry in vqe.py:  [-2.08166817e-17  2.13761605e-02  1.25686801e-01  1.70779958e-01
  1.40541707e-01  9.13543086e-17  1.73278517e-01  1.67859608e-01
 -2.80538398e-18  1.00339406e-01  1.25654076e-03  2.08166817e-17
  7.66746634e-02  7.40163780e-02  3.15630914e-17  2.38321161e-17
  6.77394886e-02  2.01460701e-02  2.01460701e-02  2.01460701e-02
  2.01460701e-02]
[-2.0816681711721685e-17, 0.021376160469609013, 0.12568680065756285, 0.17077995842111113, 0.1405417066129445, 9.135430864231468e-17, 0.17327851741609127]
[1.054693023438904, -1.76267474103334e-17, 0.6304510813995208, 0.00789507844481648, 1.307950686753237e-16, 0.4817611188006602, 0.4650586187738772, 1.9831675228199635e-16, 1.4974160160373223e-16, 0.4256197594199351, 0.12658149175330333]
E for cur_iter:  -8.687533845381731
params in def chemistry in vqe.py:  [ 1.20554402e-02  2.47176197e-02  1.39977408e-01  1.68612609e-01
  8.49013818e-02  1.70054332e-02  1.12276544e-01  1.57215836e-01
 -2.08923988e-17  8.29170692e-02  1.72306191e-02 -3.27693809e-02
  9.16156334e-02  9.62485831e-02  1.70892354e-03  1.70892354e-03
  1.00956163e-01  1.06867583e-03  1.06867583e-03  1.06867583e-03
  1.06867583e-03]
[0.012055440217483202, 0.024717619737775694, 0.13997740787437904, 0.16861260853673585, 0.08490138178457299, 0.01700543320211215, 0.11227654405287535]
[0.9878162310172965, -1.3127081294443473e-16, 0.520983311202492, 0.10826317271589725, -0.20589609264308215, 0.5756380016546417, 0.6047476832890678, 0.010737483288701874, 0.010737483288701867, 0.6343262771518704, 0.006714688273142661]
E for cur_iter:  -8.61678358713446
params in def chemistry in vqe.py:  [-3.81639165e-17  6.93889390e-18  1.43981707e-01  1.68834504e-01
  1.25540417e-01  1.01518264e-16  9.78313488e-02  1.82099970e-01
  3.02442839e-18  1.42027417e-01 -3.82476666e-18 -2.77555756e-17
  1.25092256e-01  1.07857249e-01  2.50056551e-17  1.66914111e-17
  8.31508694e-02  5.82573241e-03  5.82573241e-03  5.82573241e-03
  5.82573241e-03]
[-3.8163916471489756e-17, 6.938893903907228e-18, 0.14398170650177744, 0.16883450436634873, 0.12554041730166593, 1.0151826360926765e-16, 0.09783134875835435]
[1.1441678542374896, 1.9003044052480913e-17, 0.8923845815483764, -2.4031717657151444e-17, -1.743934249004316e-16, 0.7859778261231005, 0.6776870808173235, 1.57115164843661e-16, 1.0487522913964051e-16, 0.5224523208397474, 0.036604156279476094]
E for cur_iter:  -7.76945362415529
params in def chemistry in vqe.py:  [ 2.81542710e-02  5.81715934e-02  1.45140006e-01  2.02444525e-01
  9.95977537e-02  3.11318420e-03  1.48476319e-01  1.55527344e-01
 -1.32131494e-17  1.50903200e-01 -1.26391937e-18  2.28806871e-18
  1.03334792e-01  1.02135566e-01  1.96348036e-18 -5.07244098e-18
  9.99839252e-02  2.60208521e-18  1.19262239e-18 -2.98155597e-18
 -1.30104261e-18]
[0.028154270951900828, 0.05817159344872766, 0.1451400058046681, 0.20244452547727543, 0.09959775371780794, 0.0031131842015034374, 0.148476318877428]
[0.9772071235847509, -8.302066645641079e-17, 0.9481527720043234, -7.941439637789569e-18, 1.4376359691153087e-17, 0.6492716485417807, 0.6417366858705684, 1.2336910958142323e-17, -3.187108662392224e-17, 0.628217529953121, 1.634938358441546e-17]
E for cur_iter:  -8.306769959452968
params in def chemistry in vqe.py:  [ 2.00826686e-02  3.50051539e-02  1.29253696e-01  1.63792656e-01
  1.01757571e-01  5.61195854e-17  1.37389778e-01  1.56533319e-01
 -2.08390958e-17  1.50079846e-01 -3.07804232e-18 -4.41588504e-19
  1.00257768e-01  1.00465566e-01  1.76776695e-02 -1.76776695e-02
  1.00572113e-01 -2.56198053e-04 -2.56198053e-04 -2.56198053e-04
 -2.56198053e-04]
[0.020082668645562605, 0.035005153907343455, 0.12925369638271336, 0.16379265640750443, 0.10175757145384821, 5.611958540464875e-17, 0.13738977821163972]
[0.9835278509459683, -1.3093590037245822e-16, 0.9429794835601055, -1.9339910302997583e-17, -2.774582400182445e-18, 0.6299381317918467, 0.6312437682543313, 0.1110720734539592, -0.11107207345395913, 0.6319132219779637, -0.0016097398416525142]
E for cur_iter:  -8.834110251026019
params in def chemistry in vqe.py:  [ 1.84810943e-02  4.09549212e-02  1.24943407e-01  1.55671201e-01
  1.03397772e-01  1.01061473e-16  1.37181522e-01  1.59300400e-01
 -1.04836840e-17  1.53090277e-01 -4.64180190e-19 -4.16599820e-17
  8.73845631e-02  8.59649834e-02  2.88340057e-02  2.94373053e-02
  8.37245057e-02  2.54787511e-18 -5.42101086e-19 -3.41523684e-18
 -1.19262239e-18]
[0.018481094319848946, 0.04095492118820629, 0.1249434074628686, 0.1556712008609579, 0.10339777192919168, 1.0106147333213529e-16, 0.13718152188225016]
[1.0009139356629866, -6.587092938844429e-17, 0.961894581331098, -2.916530148080679e-18, -2.61757386795999e-16, 0.5490534031173983, 0.5401339205822966, 0.18116940088543873, 0.18496004417227843, 0.5260565837980936, 1.6008771426406807e-17]
E for cur_iter:  -8.803619131705608
params in def chemistry in vqe.py:  [ 1.88973636e-02  3.20717613e-02  1.30175384e-01  1.64733634e-01
  1.02885356e-01 -1.09626356e-03  1.40434520e-01  1.56632045e-01
 -2.09333045e-17  1.48584061e-01  1.45789705e-03  1.45789705e-03
  1.00834762e-01  1.01446751e-01  1.33171575e-03  1.33171575e-03
  1.01942546e-01 -2.33782881e-02  3.97312032e-03  3.97312032e-03
  3.97312032e-03]
[0.01889736361578152, 0.03207176126208958, 0.1301753840490631, 0.16473363363661717, 0.10288535605472487, -0.001096263563161428, 0.14043452031100026]
[0.9841481658147617, -1.3152783157348998e-16, 0.9335811886968817, 0.009160237353718514, 0.009160237353718534, 0.6335634972857834, 0.637408738428657, 0.008367416854781972, 0.00836741685478198, 0.6405239079819092, -0.14689011639372687]
E for cur_iter:  -8.869965951160209
params in def chemistry in vqe.py:  [ 3.71012117e-02  1.34604003e-02  1.43344749e-01  1.47305613e-01
  8.54550747e-02  1.55064454e-02  1.64321945e-01  1.60577579e-01
 -1.02855237e-17  1.53297836e-01 -3.23437869e-18 -5.52989709e-17
  1.02787079e-01  1.01546968e-01  1.07307262e-03  1.75815949e-03
  9.89899416e-02  1.48404469e-03 -9.75781955e-19 -5.36680075e-18
 -4.87890978e-18]
[0.037101211681621296, 0.013460400340625019, 0.143344749229939, 0.14730561306877604, 0.08545507469701623, 0.015506445359434764, 0.1643219446994687]
[1.0089386862918495, -6.462585136957009e-17, 0.9631987104945411, -2.0322200671965673e-17, -3.474536811544295e-16, 0.6458302647114941, 0.6380384181157486, 0.006742314120860338, 0.01104684187993419, 0.6219721467553558, 0.009324527773259244]
E for cur_iter:  -8.75130661918492
params in def chemistry in vqe.py:  [ 1.84076454e-02  3.12924826e-02  1.26841425e-01  1.66765397e-01
  1.03058345e-01 -1.20241329e-03  1.40204131e-01  1.56622498e-01
 -2.09756708e-17  1.48266629e-01  1.76439689e-03  1.76439689e-03
  1.00948178e-01  1.01637460e-01  1.60798263e-03  1.60798263e-03
  1.02220621e-01 -7.14395794e-04 -2.28163626e-02  4.95264403e-03
  4.95264403e-03]
[0.018407645402464343, 0.031292482613134186, 0.1268414253395123, 0.16676539673356944, 0.10305834519577144, -0.0012024132927775165, 0.1402041312026216]
[0.9840881790496603, -1.3179402657838626e-16, 0.9315867062851017, 0.01108603259390982, 0.011086032593909837, 0.6342761098712287, 0.6386069961080386, 0.010103252856014948, 0.010103252856014962, 0.6422711036914998, -0.004488681154570474]
E for cur_iter:  -8.867884689088783
params in def chemistry in vqe.py:  [ 2.67821079e-02  2.17013022e-02  8.75047381e-02  1.79776849e-01
  9.12231373e-02  1.09151954e-02  1.39240615e-01  1.58354238e-01
 -1.07252431e-17  1.52432049e-01 -1.54593197e-17 -8.02719628e-17
  1.01352514e-01  1.00479565e-01  4.00013181e-05  4.26719370e-04
  9.90097688e-02  1.58835618e-17  5.50964526e-03 -1.35525272e-18
  8.02309608e-18]
[0.026782107914651923, 0.021701302237471756, 0.08750473813004042, 0.179776848542249, 0.09122313727906885, 0.010915195433786263, 0.1392406154213842]
[0.994969021591395, -6.738868976486251e-17, 0.9577588087152663, -9.713377053290396e-17, -5.043636169814158e-16, 0.6368166244971754, 0.6313317282829598, 0.0002513356939383459, 0.002681156875050332, 0.6220967247973728, 9.979936229653604e-17]
E for cur_iter:  -8.757401402740362
params in def chemistry in vqe.py:  [ 2.42082188e-02  3.87356201e-02  1.29113465e-01  1.61410938e-01
  1.01853154e-01  4.67310351e-03  1.33543088e-01  1.56374436e-01
 -2.09399270e-17  1.52243127e-01 -2.11035629e-03 -2.11035629e-03
  9.96641901e-02  9.92909453e-02 -1.72063433e-03 -1.72063433e-03
  9.88311173e-02  4.16877334e-05  3.10895467e-05  2.13481380e-02
 -8.03514491e-03]
[0.024208218777085937, 0.03873562007413764, 0.12911346501409185, 0.1614109380720257, 0.10185315360787259, 0.004673103514172166, 0.13354308798425282]
[0.9825295564467535, -1.3156944141922677e-16, 0.9565717761520524, -0.013259759616019882, -0.013259759616019868, 0.6262085748286044, 0.6238634086774614, -0.010811064367246308, -0.010811064367246333, 0.6209742243707469, 0.00026193175410265697]
E for cur_iter:  -8.852975225959733
params in def chemistry in vqe.py:  [-2.08166817e-16  3.57009160e-02  1.28281351e-01  1.60588373e-01
  6.22749663e-02  1.05100323e-16  1.42208656e-01  1.59356862e-01
 -3.22955848e-17  1.55946832e-01 -2.82334968e-18 -4.27864423e-17
  9.69731664e-02  9.51737283e-02 -7.19328744e-18 -3.24493437e-17
  9.25531950e-02  3.35774392e-03  3.41045396e-03  1.25489285e-02
  1.26638042e-02]
[-2.0816681711721685e-16, 0.035700916041607175, 0.12828135100585672, 0.16058837310214, 0.06227496627714135, 1.0510032306233288e-16, 0.14220865630277105]
[1.0012686948714729, -2.0291914371923347e-16, 0.9798428428724931, -1.77396292092322e-17, -2.6883514551778856e-16, 0.6093003742852169, 0.5979941714249057, -4.5196757968990755e-17, -2.038852392946733e-16, 0.581528875139604, 0.02109732723582845]
E for cur_iter:  -8.838839905488706
params in def chemistry in vqe.py:  [ 1.28639164e-02  2.99466011e-02  1.29453255e-01  1.67298075e-01
  9.87279619e-02 -9.15640738e-03  1.43311474e-01  1.59172848e-01
 -2.05595711e-17  1.47177657e-01  2.83625028e-03  2.83625028e-03
  1.00883535e-01  1.01880092e-01  2.15353346e-03  2.15353346e-03
  1.02742182e-01 -4.53205580e-04 -4.38818827e-04  9.23951223e-05
 -1.91992408e-02]
[0.012863916361954112, 0.029946601087182813, 0.12945325489303922, 0.16729807457827356, 0.09872796188542599, -0.00915640738268149, 0.1433114738858383]
[1.000112497488401, -1.2917959514546675e-16, 0.9247444934162947, 0.017820686065435052, 0.017820686065435073, 0.6338699468327638, 0.640131496423584, 0.013531049805858337, 0.013531049805858363, 0.645548166094438, -0.0028475746423687483]
E for cur_iter:  -8.864601522349725
params in def chemistry in vqe.py:  [ 1.21119209e-02  2.59992203e-02  1.27935648e-01  1.59308099e-01
  1.03987972e-01  6.08928689e-17  1.39825812e-01  1.08567762e-01
 -3.46726114e-17  1.52562231e-01 -6.15691400e-18 -1.55428010e-17
  1.00716366e-01  9.93941936e-02 -8.12226340e-18  6.62860192e-04
  9.71162980e-02  6.17995238e-18  9.35946093e-05  1.06749505e-03
 -8.13151629e-19]
[0.012111920852390878, 0.025999220293666015, 0.12793564800666143, 0.15930809906666332, 0.10398797175803616, 6.089286885423503e-17, 0.1398258124008119]
[0.6821513674196863, -2.1785444270102325e-16, 0.9585767674547228, -3.8685031572992677e-17, -9.765829877330818e-17, 0.6328195885486728, 0.6245121367788387, -5.1033686073428224e-17, 0.004164873420378008, 0.6101996968159576, 3.882978601298672e-17]
E for cur_iter:  -8.812861570211215
params in def chemistry in vqe.py:  [ 2.05919520e-02  2.94107384e-02  1.31776309e-01  1.67515610e-01
  1.01953193e-01 -1.85426926e-03  1.35602568e-01  1.56862368e-01
 -2.07207157e-17  1.53649806e-01 -3.58337739e-03 -3.58337739e-03
  1.01802358e-01  8.03531250e-02 -4.14906281e-04 -4.14906281e-04
  1.11548853e-01 -2.10334907e-04 -2.00958101e-04 -8.08677706e-07
  2.07344853e-04]
[0.020591951992965173, 0.02941073844244003, 0.13177630911176244, 0.16751560978493743, 0.1019531926763775, -0.0018542692578677577, 0.1356025679117782]
[0.9855953254853209, -1.3019209622163403e-16, 0.9654102053680517, -0.02251502418220687, -0.022515024182206772, 0.639643081905846, 0.5048735743690154, -0.0026069330489649047, -0.002606933048964921, 0.7008821133598262, -0.0013215731981425585]
E for cur_iter:  -8.86483117639386
params in def chemistry in vqe.py:  [ 1.24625155e-02  4.61376332e-02  1.16732255e-01  1.41836333e-01
  1.05257854e-01 -4.98732999e-18  1.45771480e-01  1.57256992e-01
 -3.29615354e-17  1.48330113e-01  1.91890893e-03  1.15936225e-03
  9.69974069e-02  8.14612424e-02 -1.78893358e-18  1.09881765e-03
  1.43629330e-01  7.08042845e-04  9.09370008e-04  2.73089414e-03
  2.18483382e-03]
[0.012462515540047923, 0.046137633233784794, 0.11673225494917286, 0.1418363326847382, 0.10525785394657158, -4.9873299934333204e-18, 0.14577148039710136]
[0.9880748211177105, -2.0710343513038885e-16, 0.9319855844742287, 0.012056860371052122, 0.007284487868745474, 0.609452681829932, 0.5118360813425561, -1.124020121428563e-17, 0.006904074892275312, 0.9024496978452863, 0.0044487643989933965]
E for cur_iter:  -8.579186286081383
params in def chemistry in vqe.py:  [ 2.05919520e-02  2.94107384e-02  1.31776309e-01  1.67515610e-01
  1.01953193e-01 -1.85426926e-03  1.35602568e-01  1.56862368e-01
  2.50000000e-02  1.53649806e-01 -3.58337739e-03 -3.58337739e-03
  1.01802358e-01  8.03531250e-02 -4.14906281e-04 -4.14906281e-04
  1.11548853e-01 -2.10334907e-04 -2.00958101e-04 -8.08677706e-07
  2.07344853e-04]
[0.020591951992965155, 0.02941073844244002, 0.13177630911176244, 0.16751560978493743, 0.1019531926763775, -0.0018542692578677562, 0.1356025679117782]
[0.9855953254853209, 0.15707963267948954, 0.9654102053680518, -0.022515024182206966, -0.02251502418220687, 0.6396430819058456, 0.5048735743690155, -0.002606933048964924, -0.002606933048964941, 0.7008821133598262, -0.0013215731981425578]
E for cur_iter:  -8.865032397442414
params in def chemistry in vqe.py:  [ 2.04917558e-02  1.57776311e-02  1.36120868e-01  1.73188088e-01
  1.03319212e-01 -3.62123526e-17  1.31772189e-01  1.58103110e-01
  2.50029070e-02  1.64744838e-01  1.30104261e-17 -6.24500451e-17
  5.97182661e-02  9.48398963e-02 -3.52365706e-18 -2.98697699e-17
  1.21769867e-01  1.83224508e-04  2.69337040e-04  1.53456429e-03
  2.27988891e-03]
[0.02049175579774617, 0.015777631119991645, 0.13612086834461642, 0.17318808807819147, 0.103319211764973, -3.621235256101585e-17, 0.1317721892467566]
[0.9933911388140899, 0.15709789764290333, 1.0351223425614895, 8.17469179220773e-17, -3.9238520602597107e-16, 0.3752209318512735, 0.59589664289237, -2.2139790270562603e-17, -1.8767729906276914e-16, 0.7651026392152384, 0.0011512335389534882]
E for cur_iter:  -8.746622754708383
params in def chemistry in vqe.py:  [ 0.01829263  0.03117236  0.13348708  0.16690787  0.09572054  0.00641016
  0.12765981  0.15583444  0.025       0.16106092 -0.01115874 -0.01115874
  0.1062778   0.08727389  0.00389361  0.00389361  0.11807933 -0.00529954
 -0.00525703 -0.00575515 -0.00612113]
[0.01829262957299905, 0.031172356468889405, 0.13348708041657728, 0.1669078704129043, 0.09572053846995059, 0.00641015596301375, 0.12765981342405605]
[0.979136648911566, 0.15707963267948943, 1.011975589378225, -0.07011244626720169, -0.07011244626720162, 0.6677631067884393, 0.5483579992464248, 0.024464276732680867, 0.02446427673268089, 0.7419143287439921, -0.03329796401294215]
E for cur_iter:  -8.836605483681243
params in def chemistry in vqe.py:  [ 5.74567616e-02  2.93278538e-02  1.28854587e-01  1.58032992e-01
  7.94127680e-02  8.02309608e-18  1.16195502e-01  1.49789399e-01
  2.50058116e-02  1.52404139e-01  1.30104261e-17 -2.86229374e-17
  1.04095282e-01  8.57187830e-02  2.23282513e-03  2.93234846e-03
  1.15962146e-01  6.42389787e-18  9.13440330e-18 -1.90614177e-18
  2.50848334e-03]
[0.05745676155195627, 0.029327853834518237, 0.1288545869252523, 0.15803299211047708, 0.079412767993612, 8.023096076392733e-18, 0.11619550223939352]
[0.9411545535139647, 0.1571161477451367, 0.95758344993254, 8.17469179220773e-17, -1.7984321942857008e-16, 0.6540499491572814, 0.5385869976837988, 0.014029254079267363, 0.0184244887365685, 0.7286116499755367, 4.036254072402567e-17]
E for cur_iter:  -8.648307727303196
params in def chemistry in vqe.py:  [ 2.07525270e-02  3.72476413e-02  1.30762300e-01  1.60530530e-01
  1.03837567e-01  1.63550256e-03  1.31598766e-01  1.59438497e-01
  2.50000000e-02  1.55718540e-01 -2.60174670e-03 -2.60174670e-03
  9.66500488e-02  7.98839337e-02 -1.33631780e-02 -4.45303885e-03
  1.03185975e-01  9.50372862e-05 -1.38237412e-03 -1.36046851e-02
 -1.17527726e-03]
[0.020752527028097205, 0.03724764134903717, 0.1307622998527211, 0.16053053000045817, 0.10383756698700689, 0.0016355025616814753, 0.1315987662430679]
[1.001781620642284, 0.15707963267948954, 0.9784084421671699, -0.01634725662730406, -0.016347256627303956, 0.6072701666183009, 0.5019255587737886, -0.0839633237463272, -0.02797926826958272, 0.6483365994712228, 0.0005971368801863438]
E for cur_iter:  -8.842298445569847
params in def chemistry in vqe.py:  [ 1.99282240e-02  2.00193914e-02  1.21521813e-01  1.63483431e-01
  9.02212027e-02 -7.15573434e-18  1.48140638e-01  1.51438612e-01
  2.50153095e-02  1.52796968e-01  9.10729825e-18  1.43114687e-17
  8.69518298e-02  4.57086277e-02  4.85499900e-03  4.71627945e-18
  9.45127474e-02  1.24683250e-18  2.33103467e-18  1.40263783e-02
 -3.33392168e-18]
[0.01992822396658924, 0.02001939140026029, 0.12152181332011305, 0.1634834306574195, 0.09022120269642621, -7.15573433840433e-18, 0.148140638327265]
[0.9515168627321438, 0.15717582493645213, 0.9600516663474801, 5.722284254545412e-17, 8.992160971428504e-17, 0.5463344593267752, 0.28719577809280766, 0.03050485838903464, 2.963325774675302e-17, 0.5938411058089023, 7.834079634199075e-18]
E for cur_iter:  -8.841271725292835
params in def chemistry in vqe.py:  [ 2.75873052e-02  2.92367375e-02  1.24216881e-01  1.60835969e-01
  1.04192613e-01 -8.23993651e-18  1.45536459e-01  1.58276387e-01
  2.50046673e-02  1.70216293e-01  3.03576608e-18 -1.34441069e-17
  1.01261388e-01  8.44568521e-02 -6.12574227e-18 -5.36680075e-18
  1.05611680e-01 -7.58941521e-19 -2.41234983e-18  2.40934584e-03
  2.73450497e-03]
[0.027587305237373787, 0.029236737487550086, 0.12421688117879923, 0.16083596921998503, 0.10419261334124609, -8.239936510889834e-18, 0.1455364594002885]
[0.9944798704101663, 0.1571089581426776, 1.069500512069623, 1.9074280848484705e-17, -8.447181518614655e-17, 0.6362440650438569, 0.5306580519415155, -3.8489173854978064e-17, -3.372060364285689e-17, 0.6635777591287445, -4.768570212121176e-18]
E for cur_iter:  -8.817437250378834
params in def chemistry in vqe.py:  [ 1.87100988e-02  2.84105902e-02  1.33128212e-01  1.68258479e-01
  1.02417646e-01  2.65759143e-03  1.33160411e-01  1.57171020e-01
  2.50000000e-02  1.54612108e-01  7.14160493e-03 -4.58599715e-03
  1.03687476e-01  7.94070168e-02  1.78419337e-04  4.87445181e-05
  1.12036668e-01  1.27923915e-04  1.45970961e-04  1.09102087e-04
 -2.82246659e-04]
[0.01871009881938527, 0.028410590224922736, 0.13312821205443556, 0.16825847886066742, 0.1024176462825316, 0.0026575914293987648, 0.13316041128419798]
[0.9875346449583882, 0.15707963267948957, 0.9714565240456068, 0.04487202716856901, -0.02881466988302957, 0.6514876268935458, 0.49892900154241465, 0.0011210417550589831, 0.0003062708399186798, 0.7039471492997076, 0.0008037696636369435]
E for cur_iter:  -8.844903131991984
params in def chemistry in vqe.py:  [ 1.23606918e-02  1.49562599e-02  1.32398767e-01  1.61270821e-01
  1.08317342e-01  5.85469173e-18  1.26309188e-01  1.62742170e-01
  2.50113639e-02  1.53759697e-01  7.37257477e-18 -8.23993651e-18
  1.08546053e-01  8.04532149e-02  8.13151629e-19  1.95156391e-18
  1.04077296e-01 -6.77626358e-19 -2.71050543e-19  3.58730933e-03
  2.14160069e-03]
[0.012360691767687625, 0.014956259939205385, 0.13239876650851978, 0.16127082055537614, 0.10831734244911512, 5.854691731421724e-18, 0.1263091876552842]
[1.0225392130577342, 0.1571510343731182, 0.9661006678803189, 4.6323253489177144e-17, -5.1773048017315625e-17, 0.6820149673082904, 0.5055024575514802, 5.109182370129831e-18, 1.2262037688311596e-17, 0.653936936439223, -4.257651975108193e-18]
E for cur_iter:  -8.62814136827536
params in def chemistry in vqe.py:  [ 0.01604136  0.03076715  0.13223426  0.16656999  0.09485567 -0.00609039
  0.13492565  0.15799036  0.025       0.15586589 -0.00252435 -0.00698569
  0.1020302   0.0821453  -0.00208798 -0.00026794  0.11044687  0.00215329
  0.00185297  0.00111803  0.00536329]
[0.016041359322904687, 0.030767148123933656, 0.13223425886298157, 0.1665699900763591, 0.09485567064768369, -0.006090392590317985, 0.1349256519559982]
[0.9926827162734784, 0.1570796326794895, 0.9793342908144097, -0.015860943934848683, -0.04389238772563785, 0.641074634826277, 0.5161341255862049, -0.013119149340165233, -0.0016835430674216035, 0.6939581248826046, 0.013529544932741283]
E for cur_iter:  -8.865031898246324
params in def chemistry in vqe.py:  [ 3.26242455e-02  2.37304426e-02  1.25747914e-01  1.63215654e-01
  1.15619134e-01  4.33680869e-19  1.42311958e-01  1.56536973e-01
  2.50055673e-02  1.45928269e-01  2.75460158e-03 -2.90566182e-17
  9.68348936e-02  8.13284504e-02 -1.12757026e-17 -1.12214925e-17
  1.07181096e-01 -2.08708918e-18 -2.81892565e-18 -5.73441305e-18
 -8.37546178e-18]
[0.03262424553624929, 0.023730442645213005, 0.1257479144594463, 0.16321565365211355, 0.11561913403736104, 4.336808689942018e-19, 0.14231195832958174]
[0.9835508091147328, 0.15711461289009515, 0.9168943554610582, 0.01730767216176109, -1.8256811669263932e-16, 0.6084315808681703, 0.5110017245548967, -7.084732886580034e-17, -7.050671670779167e-17, 0.6734386876057976, -1.3113568083333235e-17]
E for cur_iter:  -8.844924775759454
params in def chemistry in vqe.py:  [ 2.11158175e-02  2.49180981e-02  1.35259435e-01  1.66390659e-01
  9.81536965e-02  3.39567000e-03  1.41048191e-01  1.57400011e-01
  2.50000000e-02  1.51789489e-01 -4.73199441e-03 -3.30378113e-03
  1.03434277e-01  8.18869213e-02 -4.65111388e-03 -4.74604287e-03
  1.13357142e-01  5.09881910e-04 -1.07503853e-04  2.38136329e-04
  3.47154603e-04]
[0.021115817467880674, 0.024918098070319993, 0.13525943462838702, 0.16639065943507966, 0.09815369654396164, 0.003395669995919585, 0.14104819145689346]
[0.9889734396065845, 0.15707963267948954, 0.9537214858631188, -0.029731997726305907, -0.020758269073363637, 0.64989672989712, 0.5145107004684488, -0.02922381037018567, -0.02982026679964132, 0.7122439279769633, 0.0032036825244002613]
E for cur_iter:  -8.862693527069876
params in def chemistry in vqe.py:  [ 2.62694714e-02  2.32519734e-02  1.20500146e-01  1.74773558e-01
  1.06700971e-01 -3.90312782e-18  1.34535847e-01  1.50132562e-01
  2.50062716e-02  1.60334134e-01  5.24288319e-03 -3.42607887e-17
  1.04144509e-01  7.71595857e-02 -1.70761842e-17 -1.68593438e-17
  1.18511533e-01  2.71050543e-19 -4.55364912e-18  1.01253391e-02
 -1.38235777e-17]
[0.026269471366618904, 0.02325197342691037, 0.12050014568066394, 0.17477355839134084, 0.1067009710194213, -3.903127820947816e-18, 0.13453584710439978]
[0.9433107063559112, 0.15711903850854358, 1.007409076598167, 0.03294200664197809, -2.1526688386147025e-16, 0.6543592492503408, 0.48480797534917536, -1.0729282977272647e-16, -1.0593038114069184e-16, 0.7446299241004033, 1.7030607900432772e-18]
E for cur_iter:  -8.807696728835511
params in def chemistry in vqe.py:  [ 0.0226015   0.0297916   0.12881708  0.16976257  0.10080663 -0.00275475
  0.13524117  0.16716627  0.025       0.15313822 -0.00299124 -0.00579587
  0.10149768  0.07926182 -0.00058469 -0.0031379   0.11279473 -0.00289174
 -0.00201868  0.00136857 -0.00108809]
[0.022601503338752923, 0.02979160071807241, 0.1288170783466724, 0.1697625723183393, 0.10080662568056006, -0.0027547476250380193, 0.1352411673628336]
[1.0503366262516198, 0.15707963267948954, 0.9621958431737205, -0.018794501545114264, -0.036416534141413374, 0.6377287467587892, 0.4980167275857646, -0.0036737325050714225, -0.019715999087613054, 0.7087101602656487, -0.018169336107619283]
E for cur_iter:  -8.86790598868013
params in def chemistry in vqe.py:  [ 2.50438190e-02  2.83572248e-02  1.46559624e-01  1.59499558e-01
  1.08044066e-01  9.75781955e-18  1.39089844e-01  1.45276153e-01
  2.50042521e-02  1.59378493e-01  2.78773132e-03 -4.33680869e-17
  1.01633214e-01  7.68282971e-02 -1.95698492e-17 -1.65340831e-17
  1.12897737e-01 -2.98155597e-18 -5.12285526e-18  5.77284512e-03
 -9.26992857e-18]
[0.025043818982290723, 0.02835722475492396, 0.14655962406463185, 0.15949955840052282, 0.10804406560865212, 9.75781955236954e-18, 0.13908984382640163]
[0.9127969884674181, 0.15710634936954007, 1.001404604350818, 0.017515832443516993, -2.7248972640692437e-16, 0.6385803182617318, 0.4827264276796517, -1.229609890411246e-16, -1.0388670819263992e-16, 0.7093574001373225, -1.873366869047605e-17]
E for cur_iter:  -8.83814325112998
params in def chemistry in vqe.py:  [ 0.02393768  0.02654685  0.13497846  0.17465853  0.10241593 -0.00302597
  0.13528735  0.15543618  0.025       0.1556948  -0.00400092 -0.00793099
  0.10262454  0.08102463 -0.00145968 -0.00110904  0.10487177 -0.00050247
 -0.0004835  -0.00091904 -0.00034821]
[0.023937675668134865, 0.02654684544311675, 0.1349784588090434, 0.17465853084580824, 0.10241592541936564, -0.0030259748080670237, 0.13528734804349749]
[0.9766342992480371, 0.15707963267948954, 0.978259276944861, -0.02513854044309348, -0.04983185445878828, 0.6448089745263359, 0.5090927886392871, -0.009171460994325868, -0.006968318389137216, 0.6589287482338851, -0.0031571192805212177]
E for cur_iter:  -8.840549241336142
params in def chemistry in vqe.py:  [ 1.85005839e-02  4.60096443e-02  1.32899661e-01  1.74513219e-01
  1.03024485e-01  8.40613876e-04  1.48503230e-01  1.56744462e-01
  2.50147461e-02  1.47417452e-01  1.34441069e-17 -1.95156391e-17
  1.00290042e-01  7.84932185e-02  2.48289214e-04  3.94494003e-03
  1.16519143e-01  8.25499524e-04  8.20559682e-04  4.13553541e-05
  2.07359888e-03]
[0.01850058386303493, 0.046009644254926, 0.13289966108731333, 0.1745132192189435, 0.10302448497744024, 0.00084061387645577, 0.1485032298445423]
[0.9848545029600331, 0.15717228501555516, 0.9262511664614634, 8.447181518614655e-17, -1.2262037688311596e-16, 0.6301409159014735, 0.4931874373058781, 0.0015600471406388738, 0.02478678921291951, 0.7321113657089933, 0.005186766478416782]
E for cur_iter:  -8.671896697078262
params in def chemistry in vqe.py:  [ 2.23184041e-02  2.95543570e-02  1.32882440e-01  1.70227505e-01
  1.03559915e-01 -1.56044047e-03  1.34823636e-01  1.57505510e-01
  2.50000000e-02  1.54608042e-01 -1.04054711e-02  5.41354229e-03
  1.02134868e-01  7.92225843e-02 -3.79502607e-05 -1.44959890e-03
  1.10869718e-01 -1.94159147e-03 -1.69425588e-03  1.58602125e-04
 -1.85751371e-03]
[0.022318404059916273, 0.029554356974469377, 0.13288244043218342, 0.1702275052237826, 0.10355991483076356, -0.0015604404658522172, 0.13482363595563618]
[0.9896363040161605, 0.15707963267948954, 0.9714309801358811, -0.06537950321535903, 0.03401428936275706, 0.6417323000514895, 0.49777017788226313, -0.00023844852018544414, -0.009108098509443201, 0.6966149860668736, -0.012199378965720584]
E for cur_iter:  -8.839314059276505
params in def chemistry in vqe.py:  [ 1.97010774e-02  2.92096147e-02  1.22864015e-01  1.55608177e-01
  1.06611981e-01 -3.25260652e-18  1.42629672e-01  1.43171994e-01
  2.50096507e-02  1.51318967e-01 -4.77048956e-18  1.73472348e-18
  9.91470778e-02  8.14755179e-02 -2.71050543e-19  9.21571847e-19
  1.19602394e-01  1.40946282e-18 -1.00288701e-18  6.01957068e-03
  8.67361738e-19]
[0.01970107737119843, 0.029209614672046136, 0.12286401454108017, 0.15560817708569064, 0.10661198061402893, -3.2526065174565133e-18, 0.14262967210045716]
[0.8995761668324308, 0.15714026979490112, 0.9507651088265013, -2.9973869904761676e-17, 1.0899589056276974e-17, 0.6229594624536926, 0.5119257771275851, -1.7030607900432772e-18, 5.790406686147143e-18, 0.7514840067134287, 8.855916108225042e-18]
E for cur_iter:  -8.808742936496394
params in def chemistry in vqe.py:  [ 2.75491476e-02  2.92382544e-02  1.31918141e-01  1.65230238e-01
  9.46604700e-02 -5.42101086e-18  1.32819701e-01  1.56095330e-01
  2.50021610e-02  1.51497416e-01 -1.04083409e-17 -4.33680869e-18
  1.02397049e-01  8.13579834e-02 -1.78893358e-18  1.17682158e-03
  1.12278038e-01  4.32271673e-04  1.51677628e-04 -4.39398341e-19
  1.67965496e-03]
[0.027549147580096103, 0.029238254418035087, 0.1319181408734134, 0.16523023757020167, 0.09466046999332907, -5.421010862427522e-18, 0.132819701198907]
[0.9807758858516807, 0.1570932107859969, 0.9518863353135136, -6.539753433766185e-17, -2.7248972640692436e-17, 0.6433796345795084, 0.5111872860147876, -1.124020121428563e-17, 0.007394188059883494, 0.7054637181944133, 0.002716043022042005]
E for cur_iter:  -8.83769692418887
params in def chemistry in vqe.py:  [ 0.01911774  0.02817989  0.13178995  0.16813913  0.10050504  0.00030923
  0.13576323  0.15682608  0.025       0.15401123 -0.00308828 -0.00331228
  0.0971953   0.07888509  0.00091949  0.00024029  0.11046881 -0.00081516
 -0.00064148  0.00043023 -0.00027101]
[0.01911773588760268, 0.02817989489055944, 0.13178994931225774, 0.16813912853248283, 0.10050504015432672, 0.0003092320738560142, 0.1357632335336437]
[0.9853672946733337, 0.1570796326794895, 0.9676810978831061, -0.0194042209555956, -0.020811679730003436, 0.6106960809614845, 0.4956496147321157, 0.005777298128836195, 0.0015097636151778714, 0.6940960019821037, -0.005121810009821085]
E for cur_iter:  -8.849287982338275
params in def chemistry in vqe.py:  [ 2.17468871e-02  2.80304354e-02  1.33818383e-01  1.68468387e-01
  1.03408802e-01 -9.75781955e-18  1.33728890e-01  1.58144175e-01
  2.50014439e-02  1.55225567e-01 -9.10729825e-18 -1.43114687e-17
  9.59339435e-02  8.61422558e-02 -7.69783542e-18 -7.42678488e-18
  1.16398528e-01  2.19730768e-03  1.82608672e-03 -1.39643969e-18
  2.91592284e-03]
[0.02174688710744363, 0.028030435442783785, 0.13381838259507478, 0.1684683873373155, 0.10340880150573603, -9.75781955236954e-18, 0.13372888994068785]
[0.9936491545943047, 0.15708870502647862, 0.9753110010201196, -5.722284254545412e-17, -8.992160971428504e-17, 0.6027707445688792, 0.541247756260884, -4.8366926437229076e-17, -4.66638656471858e-17, 0.7313535207251532, 0.013806091335319948]
E for cur_iter:  -8.840229411551006
params in def chemistry in vqe.py:  [ 2.02888765e-02  3.03615548e-02  1.31488402e-01  1.67738404e-01
  1.02080037e-01 -8.39364515e-04  1.35165113e-01  1.56164012e-01
  2.50000000e-02  1.53577698e-01 -2.50303392e-03 -3.30561610e-03
  1.02510887e-01  8.04485114e-02  3.10985305e-03 -4.87950521e-03
  1.10939233e-01  1.03951460e-04  2.64949326e-04 -1.16852910e-03
  4.08953252e-04]
[0.020288876530470505, 0.030361554808416694, 0.13148840169988044, 0.16773840402845178, 0.1020800371797961, -0.0008393645146547112, 0.13516511280160262]
[0.9812074236485323, 0.15707963267948954, 0.9649571371174431, -0.015727025962073364, -0.020769798493502002, 0.6440949006011457, 0.5054729047911695, 0.01953978299154309, -0.030658835435564916, 0.697051757377589, 0.0006531462892063178]
E for cur_iter:  -8.862996572618835
params in def chemistry in vqe.py:  [ 2.19999189e-02  2.93439905e-02  1.31656367e-01  1.66607693e-01
  1.01817324e-01 -1.53956708e-17  1.35435268e-01  1.57786342e-01
  2.50009203e-02  1.54195996e-01 -1.25767452e-17 -1.95156391e-17
  1.00996292e-01  7.86431868e-02  6.00196603e-04 -1.38235777e-17
  1.12338390e-01  1.06261809e-02 -4.01154804e-18  4.39007351e-04
 -1.22785896e-17]
[0.02199991893935161, 0.02934399045819384, 0.13165636682476906, 0.1666076927798375, 0.10181732362552746, -1.5395670849294163e-17, 0.13543526765860828]
[0.9914008285602082, 0.15708541506771911, 0.9688420180318484, -7.902202065800807e-17, -1.2262037688311596e-16, 0.6345784194570521, 0.4941297158903303, 0.0037711464760378176, -8.685610029220714e-17, 0.7058429196753389, 0.06676626375235398]
E for cur_iter:  -8.85996568095642
params in def chemistry in vqe.py:  [ 0.02119454  0.0285224   0.1318067   0.16678302  0.10098556 -0.00166786
  0.13644119  0.15794925  0.02500092  0.15440851  0.00187398  0.00114636
  0.1013203   0.07940646  0.00072426  0.00035937  0.11245127  0.0100466
  0.0022241  -0.00089335 -0.00451662]
[0.021194542887171673, 0.028522397569150364, 0.1318067012457733, 0.16678301825285777, 0.10098556305930927, -0.0016678592668665528, 0.13644119399909405]
[0.9924243905762319, 0.15708541506771911, 0.9701772943318718, 0.011774551730137146, 0.0072027915670262455, 0.6366142121011856, 0.4989255280452227, 0.004550688480853935, 0.002258007005453841, 0.7065521483313439, 0.063124646260786]
E for cur_iter:  -8.86132297454201
params in def chemistry in vqe.py:  [ 2.49213811e-02  3.01282299e-02  1.31204056e-01  1.65152643e-01
  1.02565544e-01  2.04178888e-03  1.33861035e-01  1.58569466e-01
  2.50020969e-02  1.54817179e-01 -2.42502415e-17 -2.75644934e-17
  9.99566838e-02  7.54471549e-02  6.22877736e-04 -2.32705934e-17
  1.13254905e-01  1.12884976e-02  1.10463083e-02  1.84494618e-03
 -2.06919985e-17]
[0.024921381096730783, 0.030128229940676106, 0.13120405595058865, 0.16515264334975932, 0.10256554401360442, 0.0020417888811841162, 0.1338610346234927]
[0.9963213418302226, 0.15709280761626765, 0.9727450220513035, -1.523687609510831e-16, -1.731928201255735e-16, 0.6280463669709265, 0.4740484550981544, 0.0039136562396355655, -1.4621345023743188e-16, 0.7116015569255684, 0.07092772204592274]
E for cur_iter:  -8.842261384450472
params in def chemistry in vqe.py:  [ 2.13756912e-02  2.82857842e-02  1.31627709e-01  1.66869353e-01
  1.00800743e-01 -3.92195798e-03  1.36557478e-01  1.57607641e-01
  2.50009203e-02  1.53930701e-01  8.06621318e-04  1.52510196e-03
  9.99157998e-02  7.68530376e-02 -4.63531647e-04 -1.60144677e-03
  1.12029291e-01  1.05305218e-02  7.11235280e-04  1.05208926e-04
  2.81781806e-03]
[0.0213756912127395, 0.02828578417893075, 0.1316277086034984, 0.16686935295243552, 0.1008007429406179, -0.003921957983967353, 0.13655747758903722]
[0.9902780161844348, 0.15708541506771911, 0.9671751157760202, 0.005068151210981786, 0.009582498237111305, 0.6277894854424595, 0.4828818766943569, -0.002912455232859355, -0.0100621868194012, 0.7039007921715368, 0.06616521956825139]
E for cur_iter:  -8.859537135715254
params in def chemistry in vqe.py:  [ 2.54195682e-02  2.46275095e-02  1.31745656e-01  1.65400400e-01
  1.02585840e-01 -1.94910387e-17  1.36840133e-01  1.57759971e-01
  2.50035567e-02  1.57425600e-01 -1.85548991e-17 -3.67364053e-18
  1.01566668e-01  7.34669120e-02  4.51951206e-03  2.28848086e-03
  1.20059202e-01  1.08909100e-02 -2.21756447e-18  1.57209315e-18
  5.08815709e-04]
[0.025419568241570926, 0.024627509515544398, 0.13174565578863504, 0.16540040003405665, 0.10258584045261729, -1.949103869940548e-17, 0.13684013304229525]
[0.9912351301795006, 0.15710197985931956, 0.9891342163683591, -1.165838691594611e-16, -2.308216417193006e-17, 0.6381621979202811, 0.4616062223359196, 0.028396931749516314, 0.014378949307905486, 0.7543542133404689, 0.0684296059944082]
E for cur_iter:  -8.841430593595284
params in def chemistry in vqe.py:  [ 2.20005184e-02  2.93480452e-02  1.31653465e-01  1.66605799e-01
  1.01820502e-01  5.62232725e-06  1.35426333e-01  1.57783762e-01
  3.12508406e-02  1.54202446e-01  3.78168796e-06 -6.46268445e-07
  1.00992651e-01  7.86349203e-02  5.83521547e-04 -5.82912417e-06
  1.12340942e-01  1.06240118e-02 -4.59748475e-06  4.20367071e-04
 -3.05378358e-06]
[0.022000518444490136, 0.02934804518152857, 0.13165346498065075, 0.16660579893248947, 0.10182050241261512, 5.622327254677755e-06, 0.13542633280093283]
[0.991384614179161, 0.19635482253608405, 0.9688825436073121, 2.376104623194677e-05, -4.060624397427534e-06, 0.6345555400569795, 0.4940777755673591, 0.0036663740078783412, -3.662546734547489e-05, 0.7058589570183155, 0.06675263457670066]
E for cur_iter:  -8.859547057249523
params in def chemistry in vqe.py:  [ 2.31283461e-02  3.25885708e-02  1.29246873e-01  1.64640292e-01
  1.04466146e-01  3.50569475e-03  1.29625513e-01  1.55644439e-01
  2.48688901e-02  1.58480001e-01  3.06019519e-03 -7.45983211e-18
  9.84736283e-02  7.27968141e-02 -2.38524478e-18 -1.84278198e-17
  1.14888274e-01  9.28746234e-03 -2.54649812e-18  7.69783542e-18
 -1.40870020e-17]
[0.02312834605903201, 0.0325885707597775, 0.12924687264671314, 0.16464029223776966, 0.10446614575824109, 0.003505694752766314, 0.12962551321407315]
[0.9779428549489497, 0.15625584480612587, 0.9957592147485541, 0.019227773476853255, -4.687150748615864e-17, 0.6187280546124883, 0.45739587280775407, -1.4986934952380838e-17, -1.1578540667705566e-16, 0.721864317300613, 0.058354846909793714]
E for cur_iter:  -8.84908086530507
params in def chemistry in vqe.py:  [ 2.13064985e-02  2.56466888e-02  1.31312565e-01  1.63905405e-01
  1.02058356e-01 -8.06450586e-04  1.32185570e-01  1.58216901e-01
  2.50021398e-02  1.54766579e-01 -8.58665548e-04 -2.14012721e-04
  1.01200300e-01  7.94103702e-02  6.11886284e-04 -1.10156708e-03
  1.11206269e-01  1.10492317e-02 -1.49991694e-04  1.55910792e-03
 -5.88599830e-04]
[0.02130649847698073, 0.025646688795074188, 0.13131256507982778, 0.16390540470688272, 0.10205835636435462, -0.0008064505862051272, 0.13218556973422133]
[0.9941061063812079, 0.15709307751983703, 0.972427094706054, -0.005395154754969692, -0.001344681584898, 0.6358602387118537, 0.49895007149848614, 0.0038445949068252054, -0.006921350114263238, 0.6987295971469663, 0.06942437054151418]
E for cur_iter:  -8.826633888256504
params in def chemistry in vqe.py:  [ 1.66487417e-02  3.17732372e-02  1.33003794e-01  1.67829881e-01
  1.04100162e-01  2.33268205e-03  1.37765284e-01  1.61090875e-01
  2.49337406e-02  1.51736206e-01  4.21700780e-03  1.19119864e-03
  1.06877829e-01  7.69068530e-02  9.06493657e-05  3.77643198e-03
  1.11668293e-01  9.03695452e-03  2.08766042e-04 -2.11419424e-18
  3.28726455e-03]
[0.016648741716596697, 0.03177323720632588, 0.13300379419627545, 0.16782988116828423, 0.10410016176227782, 0.0023326820518547895, 0.13776528421152093]
[1.0121638169657852, 0.1566633127760643, 0.9533866977853229, 0.026496241418506834, 0.007484521806546376, 0.6715332072253203, 0.483220008485255, 0.0005695667627954105, 0.023728021915042426, 0.701632580948731, 0.05678085984451692]
E for cur_iter:  -8.866710419022603
params in def chemistry in vqe.py:  [ 1.62876171e-02  3.14251787e-02  1.34545889e-01  1.69537240e-01
  1.04737618e-01  1.84746203e-03  1.35661305e-01  1.60124266e-01
  2.49343131e-02  1.47347773e-01  4.33256638e-03  6.00501299e-04
  1.06462143e-01  7.56096687e-02 -1.35131901e-04  3.24750883e-03
  1.13558729e-01  9.37860291e-03 -1.50560665e-05  8.07297017e-04
  2.14016642e-03]
[0.016287617107237688, 0.03142517871349234, 0.1345458888324225, 0.16953723995794961, 0.10473761808019694, 0.0018474620346253191, 0.13566130501740892]
[1.0060904346676072, 0.15666690963237723, 0.9258133629787988, 0.02722231741141113, 0.00377306094097287, 0.6689213738244559, 0.47506955970744197, -0.0008490587757428893, 0.0204046997936701, 0.7135105359811619, 0.05892749997811794]
E for cur_iter:  -8.869033340456319
params in def chemistry in vqe.py:  [ 1.54131256e-02  4.05322792e-02  1.33167537e-01  1.69059979e-01
  1.04815124e-01 -3.25260652e-18  1.41917787e-01  1.58933532e-01
  2.48210230e-02  1.45128603e-01  3.19794761e-03 -5.63785130e-18
  1.06145037e-01  7.60981870e-02 -1.24683250e-18  2.63627461e-03
  1.17036912e-01  1.13328229e-02 -6.26804381e-19 -2.38524478e-18
  5.42499165e-04]
[0.015413125602538146, 0.040532279195970494, 0.1331675367756338, 0.16905997945126588, 0.10481512353724838, -3.2526065174565133e-18, 0.14191778713036618]
[0.9986088355637703, 0.15595508685597673, 0.9118699032193167, 0.020093297451236378, -3.542366443290017e-17, 0.6669289363822403, 0.47813901056533836, -7.834079634199075e-18, 0.01656420189609867, 0.7353646029662836, 0.07120622650753186]
E for cur_iter:  -8.809781583830128
params in def chemistry in vqe.py:  [ 0.01836054  0.0302474   0.13274172  0.16788147  0.10786964  0.0023581
  0.13714804  0.16018126  0.02492885  0.14476924  0.00505223  0.00112124
  0.10529684  0.07562309 -0.00037138  0.00342411  0.11225425  0.0087463
 -0.00043196 -0.00117693  0.00209253]
[0.01836054481146567, 0.03024740361599925, 0.13274171762113748, 0.16788146909273324, 0.1078696413327752, 0.0023580991948257413, 0.13714804060440444]
[1.0064485375207624, 0.1566326065879351, 0.9096119568672923, 0.031744111013351645, 0.007044969972024872, 0.6615995671153827, 0.47515390580401934, -0.0023334458175071, 0.021514314881269675, 0.70531428249996, 0.05495464469267795]
E for cur_iter:  -8.86261600891091
params in def chemistry in vqe.py:  [ 2.02219918e-02  3.03804400e-02  1.39247991e-01  1.78313777e-01
  1.05622337e-01  1.59438913e-03  1.34665658e-01  1.60048257e-01
  2.48580873e-02  1.50418640e-01  5.58154577e-03 -2.22261445e-17
  1.08287739e-01  7.42102453e-02 -2.14129929e-18  3.73946574e-03
  1.09437319e-01  1.13631534e-02 -1.69914809e-18 -3.03576608e-18
  2.60225089e-03]
[0.0202219917895657, 0.03038044002290447, 0.13924799082965073, 0.17831377666949677, 0.10562233731820689, 0.0015943891291802983, 0.1346656583886616]
[1.0056128587795838, 0.15618796873010365, 0.9451081903038671, 0.03506988636116843, -1.3965098478354873e-16, 0.6803919304973142, 0.46627672279290794, -1.345418024134189e-17, 0.023495756167460403, 0.6876149528974121, 0.07139679829293277]
E for cur_iter:  -8.862911904203562
params in def chemistry in vqe.py:  [ 0.01680881  0.03251941  0.13762632  0.16751998  0.1032403   0.00154037
  0.13433433  0.16173368  0.0249248   0.14682466  0.00344266  0.00027812
  0.10592694  0.07506558  0.00028881  0.00396975  0.11326028  0.00948024
 -0.00018897 -0.00301742  0.00250928]
[0.01680881425730946, 0.03251941468894933, 0.13762632220621895, 0.16751998430692397, 0.10324029848201217, 0.0015403718326699306, 0.13433433061679365]
[1.0162026520781469, 0.15660712536504395, 0.9225265163357481, 0.02163088558164608, 0.0017474992319013308, 0.6655586113759069, 0.47165094474688485, 0.0018146549654193588, 0.024942704699310037, 0.7116353264897401, 0.05956612373713139]
E for cur_iter:  -8.88418310399641
params in def chemistry in vqe.py:  [ 2.21908324e-02  3.36297215e-02  1.35990384e-01  1.66913765e-01
  9.60781785e-02  2.00133903e-03  1.32445671e-01  1.59890097e-01
  2.49189499e-02  1.43716220e-01  7.01115909e-03  2.97181432e-03
  1.08471678e-01  7.61229952e-02  1.65490943e-03  6.52904837e-03
  1.12362496e-01  6.83032360e-03 -4.58075418e-18 -4.33680869e-18
  3.88835696e-03]
[0.022190832399872018, 0.03362972153959289, 0.13599038407917002, 0.16691376471312144, 0.09607817846311964, 0.002001339032272474, 0.13244567069513888]
[1.004619105686983, 0.1565703798924321, 0.9029956396860928, 0.04405241180311806, 0.018672460043511422, 0.6815476532287181, 0.47829488506123613, 0.010398102590984159, 0.04102322080707232, 0.705994384908266, 0.04291618886067603]
E for cur_iter:  -8.870234325863528
params in def chemistry in vqe.py:  [ 1.61402570e-02  3.19466771e-02  1.34281025e-01  1.69775552e-01
  1.01740210e-01  2.77898266e-03  1.33311484e-01  1.61408631e-01
  2.43304301e-02  1.46151396e-01  1.75773349e-03 -1.06011075e-04
  1.06340925e-01  7.58064838e-02 -2.17276508e-04  4.71106320e-03
  1.13974574e-01  1.07974172e-02  1.36253835e-04 -5.96627171e-03
  3.35002813e-03]
[0.016140256985506623, 0.03194667708490686, 0.13428102469079556, 0.1697755516187966, 0.10174020981606502, 0.0027789826574234717, 0.1333114840664999]
[1.0141603382347695, 0.15287260094012586, 0.9182963068134535, 0.011044165210883845, -0.0006660872262898895, 0.668159740433194, 0.4763061852451595, -0.0013651885595575908, 0.029600483095360567, 0.7161233716488604, 0.06784217328096676]
E for cur_iter:  -8.874886994031517
params in def chemistry in vqe.py:  [ 1.33167222e-02  2.92909906e-02  1.38370431e-01  1.66737037e-01
  1.02674913e-01 -8.67361738e-19  1.32611164e-01  1.61857777e-01
  3.06451790e-02  1.48537087e-01  7.95682738e-03  1.58035874e-03
  1.08831648e-01  7.14493165e-02 -4.11996826e-18  2.77680567e-03
  1.14722526e-01  4.79696810e-03  3.36373269e-03  1.30104261e-18
  2.01825230e-03]
[0.013316722235217172, 0.029290990592112445, 0.13837043052091919, 0.16673703666942516, 0.10267491312067237, -8.673617379884035e-19, 0.13261116428630587]
[1.0169824072811038, 0.1925493385722817, 0.9332860397038211, 0.04999422090828272, 0.009929686808820089, 0.6838094140756095, 0.44892929560843964, -2.5886524008657812e-17, 0.017447184570442777, 0.7208228921739597, 0.030140239487292175]
E for cur_iter:  -8.873070802220719
params in def chemistry in vqe.py:  [ 1.44100994e-02  3.17704592e-02  1.37585198e-01  1.68638905e-01
  1.01585791e-01  3.33447757e-03  1.35041743e-01  1.61631809e-01
  2.46198475e-02  1.45946935e-01  2.99465308e-03  1.14855011e-04
  1.02624825e-01  7.36160351e-02  2.42565835e-03  4.90724212e-03
  1.12253220e-01  9.27782691e-03 -4.92143515e-04 -1.00065851e-03
  1.98798406e-03]
[0.014410099364730696, 0.031770459193490704, 0.1375851975511682, 0.16863890521505753, 0.10158579068204429, 0.0033344775701611732, 0.13504174284188036]
[1.0155626088886123, 0.1546910640725422, 0.91701164005668, 0.018815960223038882, 0.0007216553201274501, 0.644810793005801, 0.46254318990130905, 0.015240860911537509, 0.030833111557893558, 0.7053077830522578, 0.05829430569860701]
E for cur_iter:  -8.88680036852512
params in def chemistry in vqe.py:  [ 1.65536947e-02  3.16361618e-02  1.40712962e-01  1.66099082e-01
  1.00240583e-01  3.82206092e-03  1.39217950e-01  1.64329502e-01
  2.67415429e-02  1.48136554e-01  5.80039575e-03 -8.22638398e-18
  9.89412820e-02  7.04983700e-02  2.93739855e-03  7.67400528e-03
  1.05241342e-01  6.22127516e-03  6.50521303e-19  1.51788304e-17
  2.69418836e-03]
[0.016553694703600772, 0.03163616176181663, 0.14071296189517576, 0.1660990815400222, 0.10024058303270046, 0.003822060918059015, 0.1392179503040537]
[1.0325127147421556, 0.16802206966154254, 0.9307694219557312, 0.03644496138291914, -5.1687894977813464e-17, 0.6216664093985729, 0.4429543227125015, 0.018456219391952258, 0.04821719724993171, 0.6612508567292749, 0.0390894247058573]
E for cur_iter:  -8.894617749650108
params in def chemistry in vqe.py:  [ 1.62522698e-02  3.11011814e-02  1.41005792e-01  1.66080431e-01
  9.99727209e-02  3.60311073e-03  1.39206070e-01  1.63980499e-01
  2.66255922e-02  1.48183869e-01  9.14191824e-03 -3.96235974e-03
  9.74782661e-02  7.28256429e-02  3.00606039e-03  8.00683448e-03
  1.06377146e-01  6.76758481e-03  5.53707761e-04 -4.27436342e-05
  4.07510468e-03]
[0.016252269818615637, 0.0311011814407032, 0.14100579181462367, 0.16608043144624568, 0.09997272091937082, 0.0036031107260092385, 0.1392060702477857]
[1.0303198614630293, 0.16729352994513766, 0.9310667055947845, 0.05744036636722753, -0.024896240483193312, 0.6124740094836776, 0.45757700972338666, 0.018887634502760854, 0.05030842473723531, 0.6683873211932215, 0.04252198946446883]
E for cur_iter:  -8.892371906402573
{'IIII': -5.813150775102699, 'IIIZ': 1.6350361341896409, 'IIZX': -0.018528464954738835, 'IIIX': 0.018528464954738835, 'IIXX': -0.039181655773017215, 'IIYY': -0.039181655773017215, 'IIZZ': 0.43974504331935893, 'IIXZ': -0.01041684794876437, 'IIXI': 0.01041684794876437, 'IIZI': 0.26987265865534293, 'IZII': 1.6350361341896409, 'ZXII': -0.01852846495473884, 'IXII': 0.01852846495473884, 'XXII': -0.03918165577301717, 'YYII': -0.03918165577301717, 'ZZII': 0.4397450433193589, 'XZII': -0.010416847948764369, 'XIII': 0.010416847948764369, 'ZIII': 0.26987265865534293, 'IZIZ': 0.4145416937880461, 'IZZX': -0.02921398098101309, 'IZIX': 0.02921398098101309, 'IZXX': -0.03440891595156642, 'IZYY': -0.03440891595156642, 'ZXIZ': -0.02921398098101309, 'IXIZ': 0.02921398098101309, 'ZXZX': 0.0036744565021391805, 'IXZX': -0.0036744565021391805, 'ZXIX': -0.0036744565021391805, 'IXIX': 0.0036744565021391805, 'ZXXX': 0.0028858915562676364, 'IXXX': -0.0028858915562676364, 'ZXYY': 0.0028858915562676364, 'IXYY': -0.0028858915562676364, 'XXIZ': -0.03440891595156642, 'YYIZ': -0.03440891595156642, 'XXZX': 0.002885891556267637, 'YYZX': 0.002885891556267637, 'XXIX': -0.002885891556267637, 'YYIX': -0.002885891556267637, 'XXXX': 0.005378238376572773, 'YYXX': 0.005378238376572773, 'XXYY': 0.005378238376572773, 'YYYY': 0.005378238376572773, 'ZZIZ': 0.09486647602250174, 'ZZZX': 0.001813596900254525, 'ZZIX': -0.001813596900254525, 'ZZXX': -0.004272564381343007, 'ZZYY': -0.004272564381343007, 'XZIZ': 0.0028574469714675007, 'XIIZ': -0.0028574469714675007, 'XZZX': -0.0009148940971910117, 'XIZX': 0.0009148940971910117, 'XZIX': 0.0009148940971910117, 'XIIX': -0.0009148940971910117, 'XZXX': 5.8455790961363716e-05, 'XIXX': -5.8455790961363716e-05, 'XZYY': 5.8455790961363716e-05, 'XIYY': -5.8455790961363716e-05, 'ZIIZ': 0.09899076578197513, 'ZIZX': -0.002918335854983015, 'ZIIX': 0.002918335854983015, 'ZIXX': 0.0005001754547304005, 'ZIYY': 0.0005001754547304005, 'IZZZ': 0.09486647602250174, 'IZXZ': 0.002857446971467501, 'IZXI': -0.002857446971467501, 'ZXZZ': 0.0018135969002545254, 'IXZZ': -0.0018135969002545254, 'ZXXZ': -0.0009148940971910117, 'IXXZ': 0.0009148940971910117, 'ZXXI': 0.0009148940971910117, 'IXXI': -0.0009148940971910117, 'XXZZ': -0.004272564381343007, 'YYZZ': -0.004272564381343007, 'XXXZ': 5.8455790961363716e-05, 'YYXZ': 5.8455790961363716e-05, 'XXXI': -5.8455790961363716e-05, 'YYXI': -5.8455790961363716e-05, 'ZZZZ': 0.12357087224900379, 'ZZXZ': -0.011733623912034502, 'ZZXI': 0.011733623912034502, 'XZZZ': -0.0117336239120345, 'XIZZ': 0.0117336239120345, 'XZXZ': 0.003034656830187893, 'XIXZ': -0.003034656830187893, 'XZXI': -0.003034656830187893, 'XIXI': 0.003034656830187893, 'ZIZZ': 0.05665606755280266, 'ZIXZ': 0.0015406700896943646, 'ZIXI': -0.0015406700896943646, 'IZZI': 0.09899076578197513, 'ZXZI': -0.002918335854983015, 'IXZI': 0.002918335854983015, 'XXZI': 0.0005001754547304005, 'YYZI': 0.0005001754547304005, 'ZZZI': 0.05665606755280266, 'XZZI': 0.001540670089694365, 'XIZI': -0.001540670089694365, 'ZIZI': 0.08470391802240194}
The optimized loss func value: -8.894617749650108

   Return from subroutine COBYLA because the MAXFUN limit has been reached.

   NFVALS =  100   F =-8.894618E+00    MAXCV = 8.226384E-18
   X = 1.655369E-02   3.163616E-02   1.407130E-01   1.660991E-01   1.002406E-01
       3.822061E-03   1.392180E-01   1.643295E-01   2.674154E-02   1.481366E-01
       5.800396E-03  -8.226384E-18   9.894128E-02   7.049837E-02   2.937399E-03
       7.674005E-03   1.052413E-01   6.221275E-03   6.505213E-19   1.517883E-17
       2.694188E-03
