lb in gen_LC_finance:  [0. 0. 0. 0. 0. 0. 0. 0. 0. 0. 0. 0. 0. 0. 0. 0. 0. 0. 0. 0. 0. 0. 0. 0.
 0. 0.]
ub in gen_LC_finance:  [1. 1. 1. 1. 1. 1. 1. 1. 1. 1. 1. 1. 1. 1. 1. 1. 1. 1. 1. 1. 1. 1. 1. 1.
 1. 1.]
<scipy.optimize._constraints.LinearConstraint object at 0x7f9054ff9790>
params in def chemistry in vqe.py:  [0. 0. 0. 0. 0. 0. 0. 0. 0. 0. 0. 0. 0. 0. 0. 0. 0. 0. 0. 0. 0. 0. 0. 0.
 0. 0.]
[0.0, 0.0, 0.0, 0.0, 0.0, 0.0, 0.0, 0.0, 0.0, 0.0]
[0.0, 0.0, 0.0, 0.0, 0.0, 0.0, 0.0, 0.0, 0.0, 0.0, 0.0, 0.0, 0.0]
E for cur_iter:  -0.18149776822230057
params in def chemistry in vqe.py:  [0.1 0.  0.  0.  0.  0.  0.  0.  0.  0.  0.  0.  0.  0.  0.  0.  0.  0.
 0.  0.  0.  0.  0.  0.  0.  0. ]
[0.1, 0.0, 0.0, 0.0, 0.0, 0.0, 0.0, 0.0, 0.0, 0.0]
[0.0, 0.0, 0.0, 0.0, 0.0, 0.0, 0.0, 0.0, 0.0, 0.0, 0.0, 0.0, 0.0]
E for cur_iter:  -1.8663274587795702
params in def chemistry in vqe.py:  [0.1 0.1 0.  0.  0.  0.  0.  0.  0.  0.  0.  0.  0.  0.  0.  0.  0.  0.
 0.  0.  0.  0.  0.  0.  0.  0. ]
[0.1, 0.1, 0.0, 0.0, 0.0, 0.0, 0.0, 0.0, 0.0, 0.0]
[0.0, 0.0, 0.0, 0.0, 0.0, 0.0, 0.0, 0.0, 0.0, 0.0, 0.0, 0.0, 0.0]
E for cur_iter:  -4.841252698734872
params in def chemistry in vqe.py:  [0.1 0.1 0.1 0.  0.  0.  0.  0.  0.  0.  0.  0.  0.  0.  0.  0.  0.  0.
 0.  0.  0.  0.  0.  0.  0.  0. ]
[0.1, 0.1, 0.1, 0.0, 0.0, 0.0, 0.0, 0.0, 0.0, 0.0]
[0.0, 0.0, 0.0, 0.0, 0.0, 0.0, 0.0, 0.0, 0.0, 0.0, 0.0, 0.0, 0.0]
E for cur_iter:  -4.772476758828417
params in def chemistry in vqe.py:  [0.1 0.1 0.  0.1 0.  0.  0.  0.  0.  0.  0.  0.  0.  0.  0.  0.  0.  0.
 0.  0.  0.  0.  0.  0.  0.  0. ]
[0.1, 0.1, 0.0, 0.1, 0.0, 0.0, 0.0, 0.0, 0.0, 0.0]
[0.0, 0.0, 0.0, 0.0, 0.0, 0.0, 0.0, 0.0, 0.0, 0.0, 0.0, 0.0, 0.0]
E for cur_iter:  -4.820827611885475
params in def chemistry in vqe.py:  [0.1 0.1 0.  0.  0.1 0.  0.  0.  0.  0.  0.  0.  0.  0.  0.  0.  0.  0.
 0.  0.  0.  0.  0.  0.  0.  0. ]
[0.1, 0.1, 0.0, 0.0, 0.1, 0.0, 0.0, 0.0, 0.0, 0.0]
[0.0, 0.0, 0.0, 0.0, 0.0, 0.0, 0.0, 0.0, 0.0, 0.0, 0.0, 0.0, 0.0]
E for cur_iter:  -5.756682574596427
params in def chemistry in vqe.py:  [0.1 0.1 0.  0.  0.1 0.1 0.  0.  0.  0.  0.  0.  0.  0.  0.  0.  0.  0.
 0.  0.  0.  0.  0.  0.  0.  0. ]
[0.1, 0.1, 0.0, 0.0, 0.1, 0.1, 0.0, 0.0, 0.0, 0.0]
[0.0, 0.0, 0.0, 0.0, 0.0, 0.0, 0.0, 0.0, 0.0, 0.0, 0.0, 0.0, 0.0]
E for cur_iter:  -3.061538812716436
params in def chemistry in vqe.py:  [0.1 0.1 0.  0.  0.1 0.  0.1 0.  0.  0.  0.  0.  0.  0.  0.  0.  0.  0.
 0.  0.  0.  0.  0.  0.  0.  0. ]
[0.1, 0.1, 0.0, 0.0, 0.1, 0.0, 0.1, 0.0, 0.0, 0.0]
[0.0, 0.0, 0.0, 0.0, 0.0, 0.0, 0.0, 0.0, 0.0, 0.0, 0.0, 0.0, 0.0]
E for cur_iter:  -6.07407749707728
params in def chemistry in vqe.py:  [0.1 0.1 0.  0.  0.1 0.  0.1 0.1 0.  0.  0.  0.  0.  0.  0.  0.  0.  0.
 0.  0.  0.  0.  0.  0.  0.  0. ]
[0.1, 0.1, 0.0, 0.0, 0.1, 0.0, 0.1, 0.1, 0.0, 0.0]
[0.0, 0.0, 0.0, 0.0, 0.0, 0.0, 0.0, 0.0, 0.0, 0.0, 0.0, 0.0, 0.0]
E for cur_iter:  -7.742848970240911
params in def chemistry in vqe.py:  [0.1 0.1 0.  0.  0.1 0.  0.1 0.1 0.1 0.  0.  0.  0.  0.  0.  0.  0.  0.
 0.  0.  0.  0.  0.  0.  0.  0. ]
[0.1, 0.1, 0.0, 0.0, 0.1, 0.0, 0.1, 0.1, 0.1, 0.0]
[0.0, 0.0, 0.0, 0.0, 0.0, 0.0, 0.0, 0.0, 0.0, 0.0, 0.0, 0.0, 0.0]
E for cur_iter:  -7.840307777505175
params in def chemistry in vqe.py:  [0.1 0.1 0.  0.  0.1 0.  0.1 0.1 0.1 0.1 0.  0.  0.  0.  0.  0.  0.  0.
 0.  0.  0.  0.  0.  0.  0.  0. ]
[0.1, 0.1, 0.0, 0.0, 0.1, 0.0, 0.1, 0.1, 0.1, 0.1]
[0.0, 0.0, 0.0, 0.0, 0.0, 0.0, 0.0, 0.0, 0.0, 0.0, 0.0, 0.0, 0.0]
E for cur_iter:  -7.380442316923128
params in def chemistry in vqe.py:  [0.1 0.1 0.  0.  0.1 0.  0.1 0.1 0.1 0.  0.1 0.  0.  0.  0.  0.  0.  0.
 0.  0.  0.  0.  0.  0.  0.  0. ]
[0.1, 0.1, 0.0, 0.0, 0.1, 0.0, 0.1, 0.1, 0.1, 0.0]
[0.6283185307179586, 0.0, 0.0, 0.0, 0.0, 0.0, 0.0, 0.0, 0.0, 0.0, 0.0, 0.0, 0.0]
E for cur_iter:  -7.835040945773816
params in def chemistry in vqe.py:  [0.1 0.1 0.  0.  0.1 0.  0.1 0.1 0.1 0.  0.  0.1 0.  0.  0.  0.  0.  0.
 0.  0.  0.  0.  0.  0.  0.  0. ]
[0.1, 0.1, 0.0, 0.0, 0.1, 0.0, 0.1, 0.1, 0.1, 0.0]
[0.0, 0.6283185307179586, 0.0, 0.0, 0.0, 0.0, 0.0, 0.0, 0.0, 0.0, 0.0, 0.0, 0.0]
E for cur_iter:  -7.765695666227384
params in def chemistry in vqe.py:  [0.1 0.1 0.  0.  0.1 0.  0.1 0.1 0.1 0.  0.  0.  0.1 0.  0.  0.  0.  0.
 0.  0.  0.  0.  0.  0.  0.  0. ]
[0.1, 0.1, 0.0, 0.0, 0.1, 0.0, 0.1, 0.1, 0.1, 0.0]
[0.0, 0.0, 0.6283185307179586, 0.0, 0.0, 0.0, 0.0, 0.0, 0.0, 0.0, 0.0, 0.0, 0.0]
E for cur_iter:  -7.7709740290274265
params in def chemistry in vqe.py:  [0.1 0.1 0.  0.  0.1 0.  0.1 0.1 0.1 0.  0.  0.  0.  0.1 0.  0.  0.  0.
 0.  0.  0.  0.  0.  0.  0.  0. ]
[0.1, 0.1, 0.0, 0.0, 0.1, 0.0, 0.1, 0.1, 0.1, 0.0]
[0.0, 0.0, 0.0, 0.6283185307179586, 0.0, 0.0, 0.0, 0.0, 0.0, 0.0, 0.0, 0.0, 0.0]
E for cur_iter:  -7.840307777505175
params in def chemistry in vqe.py:  [0.1 0.1 0.  0.  0.1 0.  0.1 0.1 0.1 0.  0.  0.  0.  0.  0.1 0.  0.  0.
 0.  0.  0.  0.  0.  0.  0.  0. ]
[0.1, 0.1, 0.0, 0.0, 0.1, 0.0, 0.1, 0.1, 0.1, 0.0]
[0.0, 0.0, 0.0, 0.0, 0.6283185307179586, 0.0, 0.0, 0.0, 0.0, 0.0, 0.0, 0.0, 0.0]
E for cur_iter:  -7.840307777505175
params in def chemistry in vqe.py:  [0.1 0.1 0.  0.  0.1 0.  0.1 0.1 0.1 0.  0.  0.  0.  0.  0.  0.1 0.  0.
 0.  0.  0.  0.  0.  0.  0.  0. ]
[0.1, 0.1, 0.0, 0.0, 0.1, 0.0, 0.1, 0.1, 0.1, 0.0]
[0.0, 0.0, 0.0, 0.0, 0.0, 0.6283185307179586, 0.0, 0.0, 0.0, 0.0, 0.0, 0.0, 0.0]
E for cur_iter:  -7.673223063573268
params in def chemistry in vqe.py:  [0.1 0.1 0.  0.  0.1 0.  0.1 0.1 0.1 0.  0.  0.  0.  0.  0.  0.  0.1 0.
 0.  0.  0.  0.  0.  0.  0.  0. ]
[0.1, 0.1, 0.0, 0.0, 0.1, 0.0, 0.1, 0.1, 0.1, 0.0]
[0.0, 0.0, 0.0, 0.0, 0.0, 0.0, 0.6283185307179586, 0.0, 0.0, 0.0, 0.0, 0.0, 0.0]
E for cur_iter:  -7.854801691021903
params in def chemistry in vqe.py:  [0.1 0.1 0.  0.  0.1 0.  0.1 0.1 0.1 0.  0.  0.  0.  0.  0.  0.  0.1 0.1
 0.  0.  0.  0.  0.  0.  0.  0. ]
[0.1, 0.1, 0.0, 0.0, 0.1, 0.0, 0.1, 0.1, 0.1, 0.0]
[0.0, 0.0, 0.0, 0.0, 0.0, 0.0, 0.6283185307179586, 0.6283185307179586, 0.0, 0.0, 0.0, 0.0, 0.0]
E for cur_iter:  -7.854801691021903
params in def chemistry in vqe.py:  [0.1 0.1 0.  0.  0.1 0.  0.1 0.1 0.1 0.  0.  0.  0.  0.  0.  0.  0.1 0.
 0.1 0.  0.  0.  0.  0.  0.  0. ]
[0.1, 0.1, 0.0, 0.0, 0.1, 0.0, 0.1, 0.1, 0.1, 0.0]
[0.0, 0.0, 0.0, 0.0, 0.0, 0.0, 0.6283185307179586, 0.0, 0.6283185307179586, 0.0, 0.0, 0.0, 0.0]
E for cur_iter:  -7.785653972921505
params in def chemistry in vqe.py:  [0.1 0.1 0.  0.  0.1 0.  0.1 0.1 0.1 0.  0.  0.  0.  0.  0.  0.  0.1 0.
 0.  0.1 0.  0.  0.  0.  0.  0. ]
[0.1, 0.1, 0.0, 0.0, 0.1, 0.0, 0.1, 0.1, 0.1, 0.0]
[0.0, 0.0, 0.0, 0.0, 0.0, 0.0, 0.6283185307179586, 0.0, 0.0, 0.6283185307179586, 0.0, 0.0, 0.0]
E for cur_iter:  -7.6942324935176
params in def chemistry in vqe.py:  [0.1 0.1 0.  0.  0.1 0.  0.1 0.1 0.1 0.  0.  0.  0.  0.  0.  0.  0.1 0.
 0.  0.  0.1 0.  0.  0.  0.  0. ]
[0.1, 0.1, 0.0, 0.0, 0.1, 0.0, 0.1, 0.1, 0.1, 0.0]
[0.0, 0.0, 0.0, 0.0, 0.0, 0.0, 0.6283185307179586, 0.0, 0.0, 0.0, 0.6283185307179586, 0.0, 0.0]
E for cur_iter:  -7.7035629223973325
params in def chemistry in vqe.py:  [0.1 0.1 0.  0.  0.1 0.  0.1 0.1 0.1 0.  0.  0.  0.  0.  0.  0.  0.1 0.
 0.  0.  0.  0.1 0.  0.  0.  0. ]
[0.1, 0.1, 0.0, 0.0, 0.1, 0.0, 0.1, 0.1, 0.1, 0.0]
[0.0, 0.0, 0.0, 0.0, 0.0, 0.0, 0.6283185307179586, 0.0, 0.0, 0.0, 0.0, 0.6283185307179586, 0.0]
E for cur_iter:  -7.849943979827446
params in def chemistry in vqe.py:  [0.1 0.1 0.  0.  0.1 0.  0.1 0.1 0.1 0.  0.  0.  0.  0.  0.  0.  0.1 0.
 0.  0.  0.  0.  0.1 0.  0.  0. ]
[0.1, 0.1, 0.0, 0.0, 0.1, 0.0, 0.1, 0.1, 0.1, 0.0]
[0.0, 0.0, 0.0, 0.0, 0.0, 0.0, 0.6283185307179586, 0.0, 0.0, 0.0, 0.0, 0.0, 0.6283185307179586]
E for cur_iter:  -7.854801691021903
params in def chemistry in vqe.py:  [0.1 0.1 0.  0.  0.1 0.  0.1 0.1 0.1 0.  0.  0.  0.  0.  0.  0.  0.1 0.
 0.  0.  0.  0.  0.  0.1 0.  0. ]
[0.1, 0.1, 0.0, 0.0, 0.1, 0.0, 0.1, 0.1, 0.1, 0.0]
[0.0, 0.0, 0.0, 0.0, 0.0, 0.0, 0.6283185307179586, 0.0, 0.0, 0.0, 0.0, 0.0, 0.0]
E for cur_iter:  -7.854801691021903
params in def chemistry in vqe.py:  [0.1 0.1 0.  0.  0.1 0.  0.1 0.1 0.1 0.  0.  0.  0.  0.  0.  0.  0.1 0.
 0.  0.  0.  0.  0.  0.  0.1 0. ]
[0.1, 0.1, 0.0, 0.0, 0.1, 0.0, 0.1, 0.1, 0.1, 0.0]
[0.0, 0.0, 0.0, 0.0, 0.0, 0.0, 0.6283185307179586, 0.0, 0.0, 0.0, 0.0, 0.0, 0.0]
E for cur_iter:  -7.854801691021903
params in def chemistry in vqe.py:  [0.1 0.1 0.  0.  0.1 0.  0.1 0.1 0.1 0.  0.  0.  0.  0.  0.  0.  0.1 0.
 0.  0.  0.  0.  0.  0.  0.  0.1]
[0.1, 0.1, 0.0, 0.0, 0.1, 0.0, 0.1, 0.1, 0.1, 0.0]
[0.0, 0.0, 0.0, 0.0, 0.0, 0.0, 0.6283185307179586, 0.0, 0.0, 0.0, 0.0, 0.0, 0.0]
E for cur_iter:  -7.854801691021903
params in def chemistry in vqe.py:  [ 1.42902678e-01  1.75753805e-01  0.00000000e+00  3.80921272e-20
  1.23310601e-01  5.32051376e-18  1.08082177e-01  1.42493770e-01
  1.02481701e-01  1.89724894e-18 -1.00302580e-21 -5.39795410e-19
  4.32222610e-22  0.00000000e+00  0.00000000e+00  6.05419213e-21
  1.00369075e-01  0.00000000e+00 -3.77777963e-19  1.13508479e-19
 -9.47238401e-22  4.33680869e-20  0.00000000e+00  0.00000000e+00
  0.00000000e+00  0.00000000e+00]
[0.1429026780162894, 0.17575380491432308, 0.0, 3.8092127244406595e-20, 0.12331060132112806, 5.320513763691864e-18, 0.10808217723103943, 0.14249376990277732, 0.10248170117807417, 1.897248941360864e-18]
[-6.302196948654428e-21, -3.391634588785758e-18, 2.7157347496055266e-21, 0.0, 0.0, 3.803961102845594e-20, 0.6306374943024204, 0.0, -2.3736489437560388e-18, 7.131948083462827e-19, -5.9516744013079654e-21, 2.7248972640692416e-19, 0.0]
E for cur_iter:  -8.363883343239307
params in def chemistry in vqe.py:  [ 5.58260747e-02  2.16989609e-01 -3.66329374e-19 -4.96427344e-19
  1.35999487e-01 -1.12808326e-17  1.12481627e-01  1.65624816e-01
  1.03832590e-01 -1.94135939e-18 -5.18134458e-19 -5.39795410e-19
 -3.65964681e-19  0.00000000e+00  0.00000000e+00 -2.12876330e-19
  1.00569976e-01  0.00000000e+00 -9.35416368e-19 -8.91258999e-19
 -1.03623415e-19 -5.28953388e-19  0.00000000e+00  0.00000000e+00
  0.00000000e+00  0.00000000e+00]
[0.055826074652232285, 0.21698960948029788, -3.663293738323243e-19, -4.964273444550855e-19, 0.13599948739728665, -1.128083256380168e-17, 0.11248162728036228, 0.16562481649461813, 0.10383258968969357, -1.941359386668462e-18]
[-3.255534814189846e-18, -3.391634588785756e-18, -2.2994239087254526e-18, 0.0, 0.0, -1.3375414310332387e-18, 0.6318997982787373, 0.0, -5.8773943814013985e-18, -5.599945447874782e-18, -6.510851178020215e-19, -3.3235121571840286e-18, 0.0]
E for cur_iter:  -8.148325532987947
params in def chemistry in vqe.py:  [ 1.42902678e-01  1.75753805e-01 -5.00000000e-02  3.80921272e-20
  1.23310601e-01  5.32051376e-18  1.08082177e-01  1.42493770e-01
  1.02481701e-01  1.89724894e-18 -1.00302580e-21 -5.39795410e-19
  4.32222610e-22  0.00000000e+00  0.00000000e+00  6.05419213e-21
  1.00369075e-01  0.00000000e+00 -3.77777963e-19  1.13508479e-19
 -9.47238401e-22  4.33680869e-20  0.00000000e+00  0.00000000e+00
  0.00000000e+00  0.00000000e+00]
[0.1429026780162894, 0.17575380491432308, -0.05000000000000001, 3.8092127244406595e-20, 0.12331060132112806, 5.320513763691864e-18, 0.10808217723103943, 0.14249376990277732, 0.10248170117807417, 1.897248941360864e-18]
[-6.302196948654428e-21, -3.391634588785758e-18, 2.7157347496055266e-21, 0.0, 0.0, 3.803961102845594e-20, 0.6306374943024204, 0.0, -2.3736489437560388e-18, 7.131948083462827e-19, -5.9516744013079654e-21, 2.7248972640692416e-19, 0.0]
E for cur_iter:  -8.370780408198279
params in def chemistry in vqe.py:  [ 1.60857797e-01  1.42126367e-01  0.00000000e+00  3.80921272e-20
  1.60152687e-01  1.91160719e-17  1.20855948e-01  2.09654591e-01
  1.06403996e-01  2.97361945e-18  1.10192879e-19 -2.03422827e-18
  4.32222610e-22  0.00000000e+00  0.00000000e+00 -1.19146482e-18
  1.00952392e-01  0.00000000e+00  1.70418920e-19 -2.10364186e-18
 -1.20429279e-18  8.09259519e-20  0.00000000e+00  0.00000000e+00
  0.00000000e+00  0.00000000e+00]
[0.16085779694079969, 0.14212636652911692, 0.0, 3.8092127244406595e-20, 0.1601526874279969, 1.9116071918167573e-17, 0.1208559476445484, 0.20965459120448332, 0.1064039958985993, 2.973619446359868e-18]
[6.923622751910431e-19, -1.2781433177423589e-17, 2.7157347496055266e-21, 0.0, 0.0, -7.486194220189516e-18, 0.6343025844852294, 0.0, 1.0707736561631755e-18, -1.321757163508308e-17, -7.566794764110558e-18, 5.08472751745592e-19, 0.0]
E for cur_iter:  -8.15030213822314
params in def chemistry in vqe.py:  [ 1.42902678e-01  1.75753805e-01 -5.00000000e-02 -5.00000000e-02
  1.23310601e-01  5.32051376e-18  1.08082177e-01  1.42493770e-01
  1.02481701e-01  1.89724894e-18 -1.00302580e-21 -5.39795410e-19
  4.32222610e-22  0.00000000e+00  0.00000000e+00  6.05419213e-21
  1.00369075e-01  0.00000000e+00 -3.77777963e-19  1.13508479e-19
 -9.47238401e-22  4.33680869e-20  0.00000000e+00  0.00000000e+00
  0.00000000e+00  0.00000000e+00]
[0.1429026780162894, 0.17575380491432308, -0.05000000000000001, -0.05000000000000001, 0.12331060132112806, 5.320513763691864e-18, 0.10808217723103943, 0.14249376990277732, 0.10248170117807417, 1.897248941360864e-18]
[-6.302196948654428e-21, -3.391634588785758e-18, 2.7157347496055266e-21, 0.0, 0.0, 3.803961102845594e-20, 0.6306374943024204, 0.0, -2.3736489437560388e-18, 7.131948083462827e-19, -5.9516744013079654e-21, 2.7248972640692416e-19, 0.0]
E for cur_iter:  -8.57201539580194
params in def chemistry in vqe.py:  [ 1.50911060e-01  1.85068400e-01  2.77555756e-17  1.38777878e-17
  6.07310471e-02  1.69828007e-17  1.13779563e-01  1.72448989e-01
  1.04231132e-01  4.24455789e-18  2.91979875e-20 -6.76399787e-19
  4.32222610e-22  0.00000000e+00  0.00000000e+00  9.86016586e-19
  1.00629247e-01  0.00000000e+00 -1.51795649e-19 -7.85012417e-19
 -1.61416931e-21  4.33680869e-20  0.00000000e+00  0.00000000e+00
  0.00000000e+00  0.00000000e+00]
[0.1509110600413128, 0.1850684003478654, 2.7755575615628914e-17, 1.3877787807814457e-17, 0.06073104712025357, 1.6982800692503963e-17, 0.11377956268425836, 0.1724489885988885, 0.10423113178161189, 4.244557893359447e-18]
[1.834563661545847e-19, -4.249945205208504e-18, 2.7157347496055266e-21, 0.0, 0.0, 6.19532492448078e-18, 0.6322722059667375, 0.0, -9.537601891543393e-19, -4.932378482919505e-18, -1.0142124863380144e-20, 2.7248972640692416e-19, 0.0]
E for cur_iter:  -8.033931373704235
params in def chemistry in vqe.py:  [ 1.42902678e-01  1.75753805e-01 -5.00000000e-02 -5.00000000e-02
  1.23310601e-01 -5.00000000e-02  1.08082177e-01  1.42493770e-01
  1.02481701e-01  1.89724894e-18 -1.00302580e-21 -5.39795410e-19
  4.32222610e-22  0.00000000e+00  0.00000000e+00  6.05419213e-21
  1.00369075e-01  0.00000000e+00 -3.77777963e-19  1.13508479e-19
 -9.47238401e-22  4.33680869e-20  0.00000000e+00  0.00000000e+00
  0.00000000e+00  0.00000000e+00]
[0.1429026780162894, 0.17575380491432308, -0.05000000000000001, -0.05000000000000001, 0.12331060132112806, -0.05, 0.10808217723103941, 0.14249376990277732, 0.10248170117807417, 1.897248941360864e-18]
[-6.302196948654428e-21, -3.391634588785758e-18, 2.7157347496055266e-21, 0.0, 0.0, 3.803961102845594e-20, 0.6306374943024204, 0.0, -2.3736489437560388e-18, 7.131948083462827e-19, -5.9516744013079654e-21, 2.7248972640692416e-19, 0.0]
E for cur_iter:  -8.363477786066115
params in def chemistry in vqe.py:  [ 1.52504138e-01  1.86921318e-01  6.93889390e-18  0.00000000e+00
  1.33139504e-01  8.97599273e-03  1.72395637e-01  1.20925154e-01
  1.04579139e-01  3.44971781e-18 -3.15319227e-20 -3.77294604e-19
 -1.11995391e-18  0.00000000e+00  0.00000000e+00 -4.83224411e-19
  1.00681002e-01  0.00000000e+00  8.54812652e-20 -6.13063099e-19
 -9.83049174e-19  2.80351527e-20  0.00000000e+00  0.00000000e+00
  0.00000000e+00  0.00000000e+00]
[0.15250413763853823, 0.1869213181115321, 6.938893903907228e-18, 0.0, 0.13313950402105895, 0.008975992731526794, 0.17239563701159127, 0.12092515397435366, 0.10457913949324306, 3.4497178069324486e-18]
[-1.9812091361250436e-19, -2.370611910087426e-18, -7.03687794341874e-18, 0.0, 0.0, -3.0361885167344468e-18, 0.6325973930672291, 0.0, 5.370946293431348e-19, -3.851989052950225e-18, -6.176680124027786e-18, 1.7615005973392264e-19, 0.0]
E for cur_iter:  -7.6684396917362125
params in def chemistry in vqe.py:  [ 1.59778812e-01  1.90573633e-01 -2.58649545e-02 -5.00000000e-02
  1.36331811e-01  2.87282551e-18  7.67860061e-02  1.26243658e-01
  1.02481701e-01  1.89724894e-18 -1.00302580e-21 -5.39795410e-19
  4.32222610e-22  0.00000000e+00  0.00000000e+00  6.05419213e-21
  1.00369075e-01  0.00000000e+00 -3.77777963e-19  1.13508479e-19
 -9.47238401e-22  4.33680869e-20  0.00000000e+00  0.00000000e+00
  0.00000000e+00  0.00000000e+00]
[0.15977881219962645, 0.19057363332435326, -0.025864954532467285, -0.05000000000000001, 0.13633181127787283, 2.8728255088227418e-18, 0.07678600609427197, 0.12624365837565457, 0.10248170117807417, 1.897248941360864e-18]
[-6.302196948654428e-21, -3.391634588785758e-18, 2.7157347496055266e-21, 0.0, 0.0, 3.803961102845594e-20, 0.6306374943024204, 0.0, -2.3736489437560388e-18, 7.131948083462827e-19, -5.9516744013079654e-21, 2.7248972640692416e-19, 0.0]
E for cur_iter:  -8.548570680986138
params in def chemistry in vqe.py:  [ 1.40217174e-01  1.85155425e-01  3.46944695e-17  1.38777878e-17
  1.31643150e-01  3.85812361e-02  5.78730364e-02  1.69741199e-01
  1.11497056e-01  8.64259799e-20  8.09401745e-20 -5.82360964e-19
  1.32456553e-18  0.00000000e+00  0.00000000e+00  2.78777554e-18
  1.01709823e-01  0.00000000e+00 -2.95466983e-18 -3.24768548e-18
  5.88269807e-18 -7.92953864e-20  0.00000000e+00  0.00000000e+00
  0.00000000e+00  0.00000000e+00]
[0.14021717365457936, 0.18515542456819473, 3.469446951953614e-17, 1.3877787807814457e-17, 0.13164314982618963, 0.03858123607805261, 0.05787303641679858, 0.16974119939958052, 0.1114970563835723, 8.642597990530321e-20]
[5.085621154187355e-19, -3.659081853067847e-18, 8.322490650763601e-18, 0.0, 0.0, 1.751611034376128e-17, 0.6390616674491497, 0.0, -1.8564738088237702e-17, -2.0405809684049563e-17, 3.6962082083809363e-17, -4.982276069770889e-19, 0.0]
E for cur_iter:  -8.439720666838292
params in def chemistry in vqe.py:  [ 1.62004453e-01  1.78958830e-01  5.57332746e-18  2.21920578e-17
  1.31413308e-01  6.53365617e-02  2.54831908e-02  1.83230552e-01
  1.17749027e-01 -8.95890739e-18 -3.20431684e-18 -1.72191966e-18
 -4.64124770e-18  0.00000000e+00  0.00000000e+00 -1.60941096e-18
  1.02639606e-01  0.00000000e+00 -3.75446478e-18 -3.24768548e-18
 -1.73408681e-18 -3.33442165e-18  0.00000000e+00  0.00000000e+00
  0.00000000e+00  0.00000000e+00]
[0.1620044533294718, 0.17895882963882756, 5.573327463118542e-18, 2.219205778782824e-17, 0.13141330770409787, 0.06533656174180338, 0.02548319076761381, 0.18323055222694848, 0.11774902726417108, -8.958907385668544e-18]
[-2.0133316500024205e-17, -1.0819140313645465e-17, -2.9161819361757344e-17, 0.0, 0.0, -1.0112227321253285e-17, 0.6449036652413559, 0.0, -2.3589997924400387e-17, -2.0405809684049573e-17, -1.0895588788346236e-17, -2.0950789136863397e-17, 0.0]
E for cur_iter:  -8.088806713384322
params in def chemistry in vqe.py:  [ 1.41364869e-01  1.85821423e-01  1.23503290e-03  1.38777878e-17
  1.32281048e-01  3.85812361e-02  6.17971814e-02  1.66328405e-01
  1.35874524e-01  8.64259799e-20  8.09401745e-20 -5.82360964e-19
  1.32456553e-18  0.00000000e+00  0.00000000e+00  2.78777554e-18
  1.01709823e-01  0.00000000e+00 -2.95466983e-18 -3.24768548e-18
  5.88269807e-18 -7.92953864e-20  0.00000000e+00  0.00000000e+00
  0.00000000e+00  0.00000000e+00]
[0.14136486886454236, 0.18582142311961666, 0.001235032904926263, 1.3877787807814457e-17, 0.1322810480978651, 0.03858123607805261, 0.06179718140805786, 0.16632840510212354, 0.13587452430630978, 8.642597990530321e-20]
[5.085621154187355e-19, -3.659081853067847e-18, 8.322490650763601e-18, 0.0, 0.0, 1.751611034376128e-17, 0.6390616674491497, 0.0, -1.8564738088237702e-17, -2.0405809684049563e-17, 3.6962082083809363e-17, -4.982276069770889e-19, 0.0]
E for cur_iter:  -8.533490678578158
params in def chemistry in vqe.py:  [ 1.17332891e-01  2.16772251e-01  5.48995766e-03  3.69341204e-18
  1.52036621e-01  5.06567456e-02  8.00004645e-02  1.60866250e-01
  1.42869852e-01 -6.26651654e-18 -3.29105330e-18 -3.42858625e-18
 -2.90076095e-18  0.00000000e+00  0.00000000e+00 -2.66225465e-18
  1.02129463e-01  0.00000000e+00 -3.22915267e-18 -3.24768548e-18
 -3.11659894e-18 -3.20431739e-18  0.00000000e+00  0.00000000e+00
  0.00000000e+00  0.00000000e+00]
[0.11733289142599343, 0.21677225085901314, 0.005489957657072573, 3.693412041321264e-18, 0.15203662057272085, 0.05065674557046346, 0.08000046448980856, 0.16086624998311042, 0.1428698522875073, -6.26651654467518e-18]
[-2.0678297741589126e-17, -2.1542442763263174e-17, -1.8226018577921664e-17, 0.0, 0.0, -1.6727439270225585e-17, 0.6416983425052117, 0.0, -2.0289364591809064e-17, -2.040580968404956e-17, -1.958216865537523e-17, -2.0133319957642647e-17, 0.0]
E for cur_iter:  -8.455678625044632
params in def chemistry in vqe.py:  [ 1.41364869e-01  1.85821423e-01  1.23503290e-03  1.38777878e-17
  1.32281048e-01  3.85812361e-02  6.17971814e-02  1.66328405e-01
  1.35874524e-01  2.50000000e-02  8.09401745e-20 -5.82360964e-19
  1.32456553e-18  0.00000000e+00  0.00000000e+00  2.78777554e-18
  1.01709823e-01  0.00000000e+00 -2.95466983e-18 -3.24768548e-18
  5.88269807e-18 -7.92953864e-20  0.00000000e+00  0.00000000e+00
  0.00000000e+00  0.00000000e+00]
[0.14136486886454236, 0.18582142311961666, 0.0012350329049262648, 1.3877787807814457e-17, 0.1322810480978651, 0.038581236078052625, 0.061797181408057865, 0.16632840510212354, 0.13587452430630978, 0.025000000000000005]
[5.085621154187355e-19, -3.659081853067847e-18, 8.322490650763601e-18, 0.0, 0.0, 1.751611034376128e-17, 0.6390616674491497, 0.0, -1.8564738088237702e-17, -2.0405809684049563e-17, 3.6962082083809363e-17, -4.982276069770889e-19, 0.0]
E for cur_iter:  -8.083009887355603
params in def chemistry in vqe.py:  [ 1.19000749e-01  1.92255564e-01 -7.37257477e-18  1.77209780e-17
  1.34131497e-01  6.01926977e-03  3.88899671e-02  1.81841730e-01
  1.47178900e-01 -3.30138054e-18 -3.25872601e-18 -2.90961864e-18
 -3.25629523e-18  0.00000000e+00  0.00000000e+00 -3.19136097e-18
  1.01865417e-01  0.00000000e+00 -3.52831567e-18 -3.24768548e-18
 -2.47564009e-18 -3.24776938e-18  0.00000000e+00  0.00000000e+00
  0.00000000e+00  0.00000000e+00]
[0.11900074851995919, 0.19225556425615653, -7.37257477290143e-18, 1.7720977963737378e-17, 0.1341314974014463, 0.006019269772527251, 0.03888996712169232, 0.18184173003630075, 0.14717889975400292, -3.301380538223675e-18]
[-2.0475179417028208e-17, -1.828167308222302e-17, -2.0459906337472135e-17, 0.0, 0.0, -2.0051912361841192e-17, 0.6400392900415598, 0.0, -2.216906118386397e-17, -2.040580968404957e-17, -1.5554905442610363e-17, -2.040633687708825e-17, 0.0]
E for cur_iter:  -7.962862804139309
params in def chemistry in vqe.py:  [ 1.41364869e-01  1.85821423e-01  1.23503290e-03  1.38777878e-17
  1.32281048e-01  3.85812361e-02  6.17971814e-02  1.66328405e-01
  1.35874524e-01  8.64259799e-20  2.50000000e-02 -5.82360964e-19
  1.32456553e-18  0.00000000e+00  0.00000000e+00  2.78777554e-18
  1.01709823e-01  1.00052454e-17  7.05057560e-18  6.75755995e-18
  1.58879435e-17  9.92595005e-18  1.00052454e-17  1.00052454e-17
  1.00052454e-17  1.00052454e-17]
[0.14136486886454236, 0.18582142311961666, 0.0012350329049262594, 1.3877787807814455e-17, 0.1322810480978651, 0.03858123607805261, 0.06179718140805786, 0.16632840510212354, 0.13587452430630978, 8.642597990530461e-20]
[0.15707963267948968, -3.659081853067847e-18, 8.322490650763601e-18, 0.0, 0.0, 1.751611034376128e-17, 0.6390616674491497, 6.286481109190844e-17, 4.430007300367074e-17, 4.245900140785888e-17, 9.982689317571781e-17, 6.236658348493135e-17, 6.286481109190844e-17]
E for cur_iter:  -8.534706890673368
params in def chemistry in vqe.py:  [ 1.29514728e-01  1.65352875e-01  1.23797391e-02  2.64793253e-17
  1.32148584e-01  4.49140286e-02  6.44845834e-02  1.47705027e-01
  1.36269295e-01 -1.82447099e-20  2.50364068e-02 -5.82360964e-19
 -6.69148626e-19  0.00000000e+00  0.00000000e+00 -7.83151781e-19
  1.39420258e-01 -6.59168702e-19 -2.69893515e-18  1.27423077e-18
 -1.44495074e-17 -2.17146073e-18 -7.18356619e-18 -2.15333948e-21
  2.74284248e-18  4.16461338e-18]
[0.12951472835738398, 0.16535287484231248, 0.012379739057906293, 2.6479325261144618e-17, 0.13214858386403594, 0.04491402860548359, 0.06448458337866246, 0.14770502730025256, 0.1362692954007558, -1.8244709867701188e-20]
[0.15730838363732824, -3.659081853067861e-18, -4.204384812756336e-18, 0.0, 0.0, -4.920687765059015e-18, 0.876003319443887, -4.14167910335902e-18, -1.6957909662457567e-17, 8.006228036796167e-18, -9.078893262930516e-17, -1.3643690130552664e-17, -4.513567750998298e-17]
E for cur_iter:  -8.573375092908728
params in def chemistry in vqe.py:  [ 1.29514728e-01  1.65352875e-01  1.23797391e-02  2.64793253e-17
  1.32148584e-01  4.49140286e-02  6.44845834e-02  1.47705027e-01
  1.36269295e-01 -1.82447099e-20  2.50364068e-02 -2.50000000e-02
 -1.08417205e-17 -1.01725719e-17 -1.01725719e-17 -1.09557237e-17
  1.39420258e-01 -6.30484168e-18 -8.34460813e-18 -4.37144221e-18
 -2.00951804e-17 -7.81713371e-18 -1.28292392e-17 -5.64782632e-18
 -2.90283050e-18 -1.48105960e-18]
[0.12951472835738398, 0.16535287484231248, 0.012379739057906295, 2.6479325261144618e-17, 0.13214858386403594, 0.04491402860548359, 0.06448458337866246, 0.14770502730025256, 0.1362692954007558, -1.8244709867701874e-20]
[0.15730838363732824, -0.15707963267948966, -6.812053904968447e-17, -6.391615423692813e-17, -6.391615423692813e-17, -6.883684200198716e-17, 0.876003319443887, -3.9614488627205995e-17, -5.243071918630455e-17, -2.746658148705081e-17, -1.2626174215315212e-16, -4.911649965439964e-17, -8.060848703382995e-17]
E for cur_iter:  -8.572171283546616
params in def chemistry in vqe.py:  [ 1.15274150e-01  1.41686275e-01  2.53380229e-02  1.53877364e-17
  1.32173926e-01  5.38044133e-02  6.71884306e-02  1.26712792e-01
  1.37078616e-01 -1.44295892e-17  2.50809702e-02  4.41089233e-05
 -1.14195386e-17 -1.47343156e-17 -1.43058453e-17 -1.38203586e-17
  1.07148016e-01 -1.76044886e-17 -1.69346161e-17 -3.96248396e-18
 -1.44495074e-17 -8.09864069e-18 -1.48618225e-17 -1.94952352e-17
 -2.13232515e-17 -3.81225835e-18]
[0.11527414974087624, 0.14168627465980876, 0.025338022922322106, 1.5387736380810182e-17, 0.132173926191279, 0.05380441333548533, 0.06718843056048217, 0.12671279228427204, 0.13707861573785937, -1.4429589162847854e-17]
[0.1575883835700415, 0.00027714453894918747, -7.17510772160699e-17, -9.257843533516212e-17, -8.988627691350183e-17, -8.683587440393931e-17, 0.6732308429014955, -1.1061226398401448e-16, -1.0640333097793155e-16, -2.4897020984280473e-17, -9.078893262930506e-17, -5.088526021641928e-17, -9.337958454489129e-17]
E for cur_iter:  -8.156377069471095
params in def chemistry in vqe.py:  [ 1.29514728e-01  1.65352875e-01  1.23797391e-02  2.64793253e-17
  1.32148584e-01  4.49140286e-02  6.44845834e-02  1.47705027e-01
  1.36269295e-01 -1.82447099e-20  2.50364068e-02 -1.07549329e-17
  2.50000000e-02 -3.93880006e-18 -3.93880006e-18 -4.72195185e-18
  1.39420258e-01 -1.94411830e-18 -3.98388475e-18 -1.07188339e-20
 -1.57344570e-17 -3.45641033e-18 -8.46851579e-18 -1.28710294e-18
  1.45789288e-18  2.87966378e-18]
[0.12951472835738398, 0.16535287484231248, 0.012379739057906285, 2.6479325261144618e-17, 0.13214858386403594, 0.04491402860548359, 0.06448458337866246, 0.14770502730025256, 0.1362692954007558, -1.8244709867700084e-20]
[0.15730838363732824, -6.757523608999589e-17, 0.15707963267948966, -2.4748210695664952e-17, -2.4748210695664952e-17, -2.966889846072397e-17, 0.876003319443887, -1.221525556002009e-17, -2.503148611911864e-17, -6.734841986490244e-20, -9.886250908596623e-17, -2.1717266587213734e-17, -5.320925396664405e-17]
E for cur_iter:  -8.573425500865604
params in def chemistry in vqe.py:  [ 1.41868879e-01  1.81693369e-01  3.46036591e-02 -2.80179081e-18
  9.68799634e-02  4.42832390e-02  8.17920453e-02  1.48429887e-01
  1.36561618e-01 -1.75264548e-17  2.50896262e-02  5.26766006e-05
  2.50022058e-02  6.88954294e-04  6.88954294e-04 -1.57344570e-17
  1.45829084e-01 -1.68258380e-17 -1.74593658e-17 -1.34058739e-17
 -1.57344570e-17 -1.50791392e-17 -1.69414827e-17 -1.37572974e-17
 -1.57047406e-17 -1.91318369e-17]
[0.14186887906466644, 0.18169336941050376, 0.034603659127709754, -2.801790807646329e-18, 0.0968799633815113, 0.04428323899817088, 0.08179204531211744, 0.14842988670840493, 0.13656161818501922, -1.7526454817913553e-17]
[0.15764277050328027, 0.0003309768430893166, 0.15709349190584107, 0.004328827494739184, 0.004328827494739188, -9.886250908596623e-17, 0.9162711593128171, -1.0571985793158337e-16, -1.0970043041665738e-16, -8.423159021125875e-17, -9.886250908596653e-17, -9.474502565755913e-17, -1.0644647527611784e-16]
E for cur_iter:  -8.687796726367974
params in def chemistry in vqe.py:  [ 1.41868879e-01  1.81693369e-01  3.46036591e-02 -2.80179081e-18
  9.68799634e-02  4.42832390e-02  8.17920453e-02  1.48429887e-01
  1.36561618e-01 -1.75264548e-17  2.50896262e-02  5.26766006e-05
  2.50022058e-02  6.88954294e-04  6.88954294e-04  2.50000000e-02
  1.45829084e-01 -2.38083587e-17 -2.44418865e-17 -2.03883947e-17
 -2.27169778e-17 -2.20616599e-17 -2.39240035e-17 -2.07398182e-17
 -2.26872614e-17 -2.61143577e-17]
[0.14186887906466641, 0.18169336941050376, 0.03460365912770974, -2.801790807646315e-18, 0.09687996338151127, 0.044283238998170896, 0.08179204531211742, 0.1484298867084049, 0.13656161818501922, -1.752645481791355e-17]
[0.15764277050328027, 0.00033097684308925273, 0.15709349190584107, 0.0043288274947391224, 0.004328827494739127, 0.15707963267948954, 0.9162711593128171, -1.4959232981947372e-16, -1.5357290230454775e-16, -1.2810406209914912e-16, -1.427349809738569e-16, -1.3861749754544949e-16, -1.503189471640082e-16]
E for cur_iter:  -8.665599119649766
params in def chemistry in vqe.py:  [ 1.61403638e-01  1.70768884e-01  5.45884147e-02  5.84818117e-18
  1.21317331e-01  3.45278766e-02  1.03937180e-01  1.66389307e-01
  1.35960041e-01 -1.63583284e-17  2.51240534e-02  8.67527963e-05
  2.50036327e-02  6.21569876e-03  6.21569876e-03 -1.91313963e-17
  1.49879044e-01  1.57935451e-03  1.09001391e-03  4.43047639e-04
  5.09076682e-04  1.54497774e-03  1.57935451e-03  1.57935451e-03
  1.57935451e-03  1.57935451e-03]
[0.16140363806856645, 0.17076888441142987, 0.054588414691522424, 5.848181166750285e-18, 0.12131733068068289, 0.034527876649430675, 0.10393718020999211, 0.1663893071464963, 0.13596004083167806, -1.6358328383193217e-17]
[0.1578590834800145, 0.0005450838952756594, 0.15710245736116396, 0.03905438714970983, 0.039054387149709845, -1.202061084165522e-16, 0.9417178063115453, 0.009923377053052908, 0.006848759394753688, 0.002783750416222116, 0.0031986231290349774, 0.009707381427633908, 0.00992337705305291]
E for cur_iter:  -8.592574731071803
params in def chemistry in vqe.py:  [ 1.41477785e-01  1.82377122e-01  3.27578259e-02  1.69316393e-03
  9.59069404e-02  4.45327868e-02  8.09310188e-02  1.46784394e-01
  1.36588565e-01 -1.74710642e-17  2.50896262e-02  5.26766006e-05
  2.50022058e-02  2.53954653e-02  1.17346413e-04 -1.23887413e-17
  1.45825945e-01 -5.68468358e-04 -5.68468358e-04 -5.68468358e-04
 -5.68468358e-04 -5.68468358e-04 -5.68468358e-04 -5.68468358e-04
 -5.68468358e-04 -5.68468358e-04]
[0.1414777847941953, 0.18237712206214973, 0.03275782588937102, 0.0016931639285604825, 0.09590694044948271, 0.04453278684135788, 0.08093101877494864, 0.1467843943969949, 0.13658856517462034, -1.747106424694391e-17]
[0.1576427705032803, 0.0003309768430892774, 0.15709349190584107, 0.15956441439230395, 0.0007373092568079075, -7.784075710915862e-17, 0.9162514331099315, -0.0035717920350458554, -0.0035717920350458593, -0.003571792035045834, -0.0035717920350458485, -0.0035717920350458445, -0.003571792035045856]
E for cur_iter:  -8.694248036145733
params in def chemistry in vqe.py:  [ 1.60604236e-01  1.86966037e-01  1.96850369e-02  3.73419635e-02
  9.91094415e-02  3.72779454e-02  9.32805643e-02  1.31854058e-01
  1.36476262e-01 -1.73555252e-17  2.51454409e-02  1.07922161e-04
  2.50045191e-02 -1.84314369e-17 -2.14672030e-17 -1.93738302e-17
  1.52344159e-01 -2.26441683e-17 -1.77258778e-17 -2.34682362e-17
 -1.60093711e-17 -1.89539756e-17 -2.03670986e-17 -1.50539164e-17
 -1.61511821e-17 -1.93828272e-17]
[0.16060423592414674, 0.1869660374043873, 0.019685036865659485, 0.037341963493239844, 0.09910944153693124, 0.03727794540989857, 0.09328056434238757, 0.13185405816640283, 0.13647626197840956, -1.7355525172968072e-17]
[0.15799346492119676, 0.0006780949363815607, 0.157108027026125, -1.1580813372294285e-16, -1.3488241457142757e-16, -1.2172936504063548e-16, 0.9572065821987971, -1.4227750579641693e-16, -1.1137497481555753e-16, -1.474552769552383e-16, -1.0058984543099073e-16, -1.1909134071371328e-16, -1.2797025493112602e-16]
E for cur_iter:  -8.352665586207022
params in def chemistry in vqe.py:  [ 1.40699734e-01  1.81759714e-01  3.22535654e-02  2.22651992e-04
  9.53718447e-02  4.51277619e-02  8.15598750e-02  1.48001492e-01
  1.36750775e-01 -1.74701382e-17  2.50896262e-02  5.26766006e-05
  2.50022058e-02  7.90284592e-04  2.53831473e-02 -1.26064535e-17
  1.45848116e-01 -7.43978738e-04 -7.43978738e-04 -7.43978738e-04
 -7.43978738e-04 -7.43978738e-04 -7.43978738e-04 -7.43978738e-04
 -7.43978738e-04 -7.43978738e-04]
[0.14069973383128387, 0.18175971373050095, 0.032253565422487106, 0.0002226519918316301, 0.09537184466074845, 0.04512776186004706, 0.08155987498293434, 0.14800149203870283, 0.13675077456940393, -1.7470138161717398e-17]
[0.1576427705032803, 0.0003309768430892751, 0.15709349190584107, 0.0049655045359540935, 0.15948701814709046, -7.920868369948252e-17, 0.9163907377779092, -0.004674556276966571, -0.0046745562769665745, -0.004674556276966549, -0.004674556276966564, -0.00467455627696656, -0.004674556276966571]
E for cur_iter:  -8.695167052017293
params in def chemistry in vqe.py:  [ 1.35822686e-01  1.68064596e-01  8.87044101e-03 -2.44226880e-17
  8.41862723e-02  5.51468484e-02  1.10077688e-01  1.70266454e-01
  1.41098615e-01 -1.95763345e-17  2.51369305e-02  9.94985306e-05
  2.50041664e-02 -2.17924637e-17 -1.92987987e-17 -1.89615147e-17
  1.51985577e-01 -2.21548432e-17 -2.05205644e-17 -1.45748771e-17
 -2.38272831e-17 -2.13479299e-17 -1.91762827e-17 -1.78744166e-17
 -1.86051157e-17 -1.94081209e-17]
[0.13582268569054848, 0.16806459614984043, 0.008870441007887218, -2.442268795269755e-17, 0.08418627233615551, 0.05514684838104202, 0.11007768828179183, 0.17026645415140615, 0.14109861486237393, -1.957633451479645e-17]
[0.15793999238603526, 0.0006251677054347728, 0.15710581076692393, -1.369260875194795e-16, -1.2125792825108135e-16, -1.1913871045936017e-16, 0.9549535448715247, -1.3920298545880715e-16, -1.2893450844876324e-16, -9.157665347813511e-17, -1.4971123498570142e-16, -1.3413299972463178e-16, -1.2048813750727848e-16]
E for cur_iter:  -8.364672451175771
params in def chemistry in vqe.py:  [ 1.41703014e-01  1.81934403e-01  3.40359048e-02 -2.49841606e-04
  9.64547731e-02  4.43970012e-02  8.15277906e-02  1.47934487e-01
  1.36575916e-01 -1.75096339e-17  2.50896262e-02  5.26766006e-05
  2.50022058e-02  1.14862433e-03  1.29332987e-03 -1.03438458e-17
  1.45829012e-01  2.49633961e-02 -1.84638423e-04 -1.84638423e-04
 -1.84638423e-04 -1.84638423e-04 -1.84638423e-04 -1.84638423e-04
 -1.84638423e-04 -1.84638423e-04]
[0.14170301409315758, 0.18193440323073762, 0.034035904767409655, -0.00024984160602393996, 0.09645477312326993, 0.04439700122005032, 0.08152779060066252, 0.14793448670805373, 0.1365759155358865, -1.750963390665336e-17]
[0.1576427705032802, 0.00033097684308928466, 0.15709349190584107, 0.007217019482856045, 0.008126231246747483, -6.499229998532857e-17, 0.9162707065675367, 0.15684964345871238, -0.0011601174283017133, -0.001160117428301688, -0.0011601174283017023, -0.0011601174283016981, -0.00116011742830171]
E for cur_iter:  -8.68248839314308
params in def chemistry in vqe.py:  [ 1.70349967e-01  1.93156538e-01  1.78767520e-02 -1.86480843e-17
  1.02492749e-01  3.16257479e-02  9.10924402e-02  1.17883960e-01
  1.35357395e-01 -1.89507719e-17  2.51594738e-02  1.21811903e-04
  2.50051007e-02 -2.04914211e-17 -1.82145965e-17 -1.87996578e-17
  1.53826485e-01 -1.75738275e-17 -1.81432034e-17 -2.06167261e-17
 -2.52960296e-17 -2.06720374e-17 -1.98317662e-17 -1.93523975e-17
 -1.68256725e-17 -1.89937819e-17]
[0.1703499674555075, 0.19315653753078965, 0.01787675196149225, -1.864808427998554e-17, 0.10249274940275875, 0.03162574793765284, 0.09109244015587697, 0.11788396036758714, 0.1353573954117442, -1.8950771917319674e-17]
[0.1580816358941459, 0.0007653667560919004, 0.15711168142046922, -1.2875139572727177e-16, -1.1444568509090824e-16, -1.1812173360828411e-16, 0.9665203087071301, -1.1041961469020504e-16, -1.1399710886218535e-16, -1.2953871058719314e-16, -1.589396418003181e-16, -1.2988624193840227e-16, -1.2460666215783674e-16]
E for cur_iter:  -8.493748695744822
params in def chemistry in vqe.py:  [ 1.41702340e-01  1.81866713e-01  3.42611611e-02  2.71184205e-05
  9.65337523e-02  4.45793607e-02  8.14496634e-02  1.48208745e-01
  1.36615290e-01 -1.75538093e-17  2.50896262e-02  5.26766006e-05
  2.50022058e-02  1.21761392e-03  1.38055225e-03 -9.30654064e-18
  1.45835740e-01  1.36864544e-04  2.49724732e-02  8.16217262e-05
  8.16217262e-05  8.16217262e-05  8.16217262e-05  8.16217262e-05
  8.16217262e-05  8.16217262e-05]
[0.14170233951677821, 0.18186671294333023, 0.03426116111349827, 2.7118420522412475e-05, 0.0965337523054213, 0.04457936072456097, 0.08144966336070376, 0.14820874467444556, 0.1366152897974925, -1.7553809310877208e-17]
[0.1576427705032802, 0.000330976843089278, 0.15709349190584107, 0.007650493869138527, 0.008674265587380192, -5.84747193832371e-17, 0.9163129789846223, 0.0008599452937949005, 0.15690667655284093, 0.0005128444308120794, 0.0005128444308120648, 0.0005128444308120688, 0.0005128444308120572]
E for cur_iter:  -8.70664161831825
params in def chemistry in vqe.py:  [ 1.49804148e-01  1.86518392e-01  3.61740248e-02 -2.27784100e-17
  9.56509381e-02  6.15720499e-02  6.98257043e-02  1.50531860e-01
  1.40655617e-01 -1.75538093e-17  2.51203116e-02  8.30491360e-05
  2.50034776e-02  3.97987232e-03  4.89152501e-03 -1.75535581e-17
  1.50064568e-01  5.79129674e-04  2.45993185e-02  1.59293173e-02
  1.59881698e-02  1.69114812e-02  1.69421216e-02  1.69421216e-02
  1.69421216e-02  1.69421216e-02]
[0.14980414810737147, 0.186518391553164, 0.036174024751505295, -2.2778410017562645e-17, 0.09565093808822059, 0.06157204987119605, 0.06982570428280971, 0.15053185982876652, 0.1406556173688973, -1.7553809310877285e-17]
[0.15783557293904205, 0.000521813110975545, 0.15710148292723083, 0.025006275277140815, 0.030734358076992825, -1.1029225860526055e-16, 0.9428834897796486, 0.0036387790592323148, 0.15456207650832526, 0.10008685209911337, 0.10045663328732111, 0.10625797018676389, 0.1064504897633675]
E for cur_iter:  -8.655423844294658
params in def chemistry in vqe.py:  [ 1.41626349e-01  1.81952955e-01  3.41169144e-02  3.76407940e-05
  9.63668578e-02  4.47252231e-02  8.12809363e-02  1.48109743e-01
  1.36641487e-01 -1.75687426e-17  2.50896262e-02  5.26766006e-05
  2.50022058e-02  1.15180198e-03  1.30719191e-03 -1.02749505e-17
  1.45839078e-01  1.19043365e-04  2.49695878e-02  1.33068533e-04
 -1.83157491e-02  1.70047197e-02  1.33068533e-04  1.33068533e-04
  1.33068533e-04  1.33068533e-04]
[0.14162634880820954, 0.18195295463751227, 0.034116914412367284, 3.764079403450203e-05, 0.09636685777080359, 0.044725223138837485, 0.08128093626367537, 0.14810974323275344, 0.13664148720755198, -1.7568742641823438e-17]
[0.1576427705032802, 0.0003309768430892803, 0.15709349190584107, 0.007236985275335416, 0.008213328986781704, -6.45594180568273e-17, 0.9163339492097053, 0.0007479715227805908, 0.15688854716449488, 0.0008360942516850591, -0.11508124572101609, 0.1068438051888002, 0.0008360942516850368]
E for cur_iter:  -8.696983820315845
params in def chemistry in vqe.py:  [ 1.52375698e-01  1.86192039e-01  3.88209526e-02 -2.52110886e-17
  9.78132532e-02  6.26370177e-02  7.00338392e-02  1.52433894e-01
  1.41020865e-01 -1.75538093e-17  2.51258170e-02  8.84984082e-05
  2.50037058e-02  8.10066934e-04  7.31171486e-04 -1.76116352e-17
  1.50778715e-01 -1.82145965e-17  2.54757331e-02  1.82300932e-02
 -9.21571847e-18 -1.03270257e-17  1.94246094e-02  1.94246094e-02
  1.94246094e-02  1.94246094e-02]
[0.15237569815219817, 0.18619203941847498, 0.038820952573027215, -2.5211088642076995e-17, 0.09781325317732287, 0.06263701773672677, 0.07003383921836691, 0.15243389404150695, 0.14102086487344737, -1.7553809310877307e-17]
[0.1578701644849354, 0.0005560518979109943, 0.1571029166320595, 0.005089800660453926, 0.004594085937560772, -1.1065716747156579e-16, 0.9473706079209773, -1.1444568509090824e-16, 0.16006875208164692, 0.11454305377484668, -5.790406686147143e-17, -6.488661610064886e-17, 0.12204842008707777]
E for cur_iter:  -8.650607011066782
params in def chemistry in vqe.py:  [ 1.41702340e-01  1.81866713e-01  3.42611611e-02  2.71184205e-05
  9.65337523e-02  4.45793607e-02  8.14496634e-02  1.48208745e-01
  1.36615290e-01 -1.75538093e-17  2.50896262e-02  5.26766006e-05
  2.50022058e-02  1.21761392e-03  1.38055225e-03 -9.30654064e-18
  1.45835740e-01  1.36864544e-04  2.49724732e-02  8.16217262e-05
  8.16217262e-05  8.16217262e-05 -1.75960478e-02  1.77592913e-02
  8.16217262e-05  8.16217262e-05]
[0.14170233951677821, 0.18186671294333023, 0.03426116111349827, 2.7118420522410134e-05, 0.0965337523054213, 0.04457936072456097, 0.08144966336070376, 0.14820874467444556, 0.1366152897974925, -1.7553809310877208e-17]
[0.1576427705032802, 0.000330976843089278, 0.15709349190584107, 0.007650493869138527, 0.008674265587380192, -5.847471938323708e-17, 0.9163129789846223, 0.0008599452937949005, 0.15690667655284093, 0.000512844430812041, 0.0005128444308120351, 0.0005128444308120294, -0.11055922902314701]
E for cur_iter:  -8.707295295759433
params in def chemistry in vqe.py:  [ 1.54956315e-01  1.86707093e-01  4.04303271e-02 -2.58988794e-17
  9.88381237e-02  6.57585675e-02  6.84074079e-02  1.53767988e-01
  1.41825014e-01 -1.75538093e-17  2.51333989e-02  9.60029116e-05
  2.50040200e-02  1.02312683e-03  9.27798257e-04 -1.76271430e-17
  1.51799111e-01 -1.81061763e-17  2.55942482e-02  2.17988171e-02
  1.13612210e-05 -1.77944682e-17 -3.56160414e-17 -3.11979175e-17
  2.32435789e-02  2.32435789e-02]
[0.15495631461207549, 0.1867070928997763, 0.04043032714103123, -2.5898879395247487e-17, 0.09883812371936705, 0.0657585674906799, 0.06840740789200142, 0.15376798777336062, 0.14182501445196233, -1.7553809310877288e-17]
[0.1579178024753055, 0.0006032040838047945, 0.15710489106873352, 0.006428495477908882, 0.0058295283765089755, -1.1075460583846701e-16, 0.9537819437110405, -1.1376446077489093e-16, 0.1608134041322513, 0.1369660072860043, 7.138465676011434e-05, -1.1180594086634115e-16, -2.2378218781168665e-16]
E for cur_iter:  -8.638218870649775
params in def chemistry in vqe.py:  [ 1.41702340e-01  1.81866713e-01  3.42611611e-02  2.71184205e-05
  9.65337523e-02  4.45793607e-02  8.14496634e-02  1.48208745e-01
  1.36615290e-01 -1.75538093e-17  2.50896262e-02  5.26766006e-05
  2.50022058e-02  1.21761392e-03  1.38055225e-03 -9.30654064e-18
  1.45835740e-01  1.36864544e-04  2.49724732e-02  8.16217262e-05
  8.16217262e-05  8.16217262e-05  8.16217262e-05  8.16217262e-05
 -1.75960478e-02  1.77592913e-02]
[0.14170233951677821, 0.18186671294333023, 0.03426116111349827, 2.711842052241306e-05, 0.0965337523054213, 0.04457936072456097, 0.08144966336070376, 0.14820874467444556, 0.1366152897974925, -1.7553809310877208e-17]
[0.1576427705032802, 0.000330976843089278, 0.15709349190584107, 0.0076504938691385254, 0.00867426558738019, -5.84747193832371e-17, 0.9163129789846223, 0.0008599452937948995, 0.15690667655284093, 0.000512844430812137, 0.0005128444308120648, 0.0005128444308120786, 0.000512844430812067]
E for cur_iter:  -8.706941167535037
params in def chemistry in vqe.py:  [ 1.59245127e-01  1.88273376e-01  4.24265884e-02 -2.79791923e-17
  9.95837881e-02  7.26118813e-02  6.41871049e-02  1.55566886e-01
  1.43510813e-01 -1.75538093e-17  2.51475631e-02  1.10022738e-04
  2.50046071e-02  9.60193359e-04  7.81292998e-04 -1.74460641e-17
  1.53728780e-01 -1.79435460e-17  2.57954464e-02  2.88262170e-02
 -1.74014449e-17 -1.74285499e-17 -1.84449895e-17  5.51012088e-06
 -2.06676039e-17 -1.46909394e-17]
[0.15924512730847776, 0.18827337643836412, 0.042426588443384566, -2.797919231370405e-17, 0.09958378811863577, 0.07261188132484347, 0.06418710489296081, 0.15556688600680255, 0.14351081309593128, -1.7553809310877267e-17]
[0.15800679921817376, 0.0006912932523668726, 0.15710857968850153, 0.00603307280828666, 0.004909008684855001, -1.0961685380540346e-16, 0.9659064098039887, -1.1274262430086495e-16, 0.16207756999369952, 0.1811204630707631, -1.093365027207784e-16, -1.0950680879978273e-16, -1.1589328676244503e-16]
E for cur_iter:  -8.589675144529345
params in def chemistry in vqe.py:  [ 1.48719441e-01  1.82244573e-01  3.50455621e-02  1.41598723e-05
  9.82967774e-02  5.81100455e-02  7.90957449e-02  1.48552223e-01
  1.36615733e-01 -2.79609320e-17  2.50896262e-02  5.26766006e-05
  2.50022058e-02  7.78954421e-04  8.15438141e-04 -1.54084726e-17
  1.46085405e-01  2.27623669e-05  2.49524901e-02 -1.94771999e-02
  1.18903950e-05 -2.31799062e-05  3.37872858e-05  3.37872858e-05
  8.14343633e-05  8.14343633e-05]
[0.14871944147973234, 0.18224457336395444, 0.03504556205753711, 1.41598723215093e-05, 0.09829677743819586, 0.058110045472946105, 0.07909574494854245, 0.1485522228511312, 0.13661573270831914, -2.7960931982462855e-17]
[0.15764277050328024, 0.00033097684308926634, 0.15709349190584102, 0.004894314971516334, 0.005123548947087265, -9.681428888751557e-17, 0.917881669969356, 0.00014302016903233725, 0.15678111938515338, -0.12237885610225827, 7.470955502337388e-05, -0.0001456436459463486, 0.0002122917774018513]
E for cur_iter:  -8.67257962418897
params in def chemistry in vqe.py:  [ 1.33066393e-01  1.95077191e-01  4.58077409e-02 -2.30359080e-17
  8.93756657e-02  1.83422783e-02  5.57829064e-02  1.61487915e-01
  1.52763095e-01 -1.75538093e-17  2.52225363e-02  1.84231339e-04
  2.50077144e-02  2.78799854e-03  2.93452884e-03 -1.81172369e-17
  1.62280222e-01 -1.80790712e-17  2.69602814e-02 -2.79588635e-17
  2.17448286e-04 -1.75911802e-17  4.51408234e-05  1.46165455e-04
  1.22914989e-03  1.27544467e-03]
[0.13306639315473864, 0.19507719100604462, 0.045807740896207136, -2.3035908033527952e-17, 0.08937566568104693, 0.018342278271697737, 0.05578290636709703, 0.16148791536233703, 0.1527630948264297, -1.7553809310877236e-17]
[0.1584778695046111, 0.0011575596406549209, 0.15712810398921984, 0.017517511435330244, 0.01843818848006157, -1.1383395654028873e-16, 1.0196367076745139, -1.1359415469588658e-16, 0.16939644381704097, -1.7567072049296406e-16, 0.0013662678768152365, -1.1052864527380869e-16, 0.00028362815862221575]
E for cur_iter:  -8.301062881264707
params in def chemistry in vqe.py:  [ 1.31774018e-01  1.94750169e-01  4.08924230e-02 -7.56158783e-04
  1.00024372e-01  4.89218110e-02  8.61086108e-02  1.46701745e-01
  1.35342490e-01 -1.91313326e-17  2.50896262e-02  5.26766006e-05
  2.50022058e-02 -6.26276058e-03 -5.94737716e-03 -7.16851134e-03
  1.45969106e-01 -6.74391700e-03  1.81720968e-02  1.82008058e-04
  1.56363018e-03  1.60735002e-03 -5.10494111e-05 -5.10494111e-05
  7.73568449e-05  7.73568449e-05]
[0.13177401803375108, 0.19475016884197904, 0.0408924230167834, -0.0007561587829943239, 0.10002437187467351, 0.048921811034271956, 0.08610861078835749, 0.14670174451131887, 0.1353424902732391, -1.9131332615297793e-17]
[0.15764277050328024, 0.00033097684308936896, 0.15709349190584104, -0.039350085247247375, -0.037368472806176625, -0.04504108512820286, 0.9171509408084223, -0.042373280197152044, 0.11417865143057089, 0.0011435903574648749, 0.009824578141707658, 0.010099278040322821, -0.0003207529099430352]
E for cur_iter:  -8.710344198275198
params in def chemistry in vqe.py:  [ 1.28199420e-01  2.02712060e-01  2.94425183e-02 -4.24227981e-17
  1.15535478e-01  5.26402058e-02  9.70655419e-02  1.44133796e-01
  1.36306989e-01 -1.75538093e-17  2.51270975e-02  8.97658129e-05
  2.50037588e-02  1.74666132e-02  1.73379291e-02  1.43543245e-02
  1.50711929e-01  1.43834838e-02  3.98040297e-02  1.29438314e-03
 -1.82281490e-17 -1.76453904e-17  3.62065955e-04  3.90547817e-04
  4.14139761e-04  4.27191641e-04]
[0.12819941972127863, 0.20271205956722008, 0.02944251826138633, -4.242279813028438e-17, 0.11553547830109581, 0.05264020579255859, 0.0970655418737052, 0.14413379619379532, 0.1363069886586018, -1.7553809310877288e-17]
[0.15787820986901716, 0.000564015236474935, 0.15710325008654127, 0.10974596752310942, 0.10893742113722998, 0.09019088050161644, 0.9469509749860306, 0.0903740943871751, 0.25009609460953963, 0.00813284913241232, -1.1453083813041038e-16, -1.1086925743181735e-16, 0.0022749274865038064]
E for cur_iter:  -8.658386555237378
params in def chemistry in vqe.py:  [ 1.41387805e-01  1.83551690e-01  3.52573217e-02 -3.90719358e-17
  9.29533677e-02  4.39240153e-02  7.46865931e-02  1.53785151e-01
  8.79552184e-02 -1.75538093e-17  2.51332140e-02  9.58198969e-05
  2.50040123e-02  2.75187411e-03  2.92951770e-03  5.43647757e-05
  1.51118524e-01  7.33961197e-04  2.64366619e-02  1.72540795e-03
 -1.77267055e-17 -1.81197288e-17  9.98224515e-05  1.32953418e-04
  4.58515078e-04  4.73697421e-04]
[0.14138780531871048, 0.18355169038485677, 0.035257321737103456, -3.9071935790946366e-17, 0.09295336772728854, 0.043924015271251664, 0.07468659310303273, 0.15378515080332722, 0.08795521837508753, -1.7553809310877242e-17]
[0.15791664071255657, 0.0006020541685237237, 0.1571048429175216, 0.017290535006135872, 0.018406702573997097, 0.00034158395969963927, 0.9495056881985001, 0.004611614209547492, 0.16610644556523302, 0.01084105791026384, -1.1138017566883033e-16, -1.1384961381439308e-16, 0.0006272029605290575]
E for cur_iter:  -8.508681579243325
params in def chemistry in vqe.py:  [ 1.37068135e-01  1.73824787e-01  4.52232378e-02 -1.96172831e-17
  9.36671254e-02  4.83258932e-02  8.43264172e-02  1.35965739e-01
  1.38230467e-01 -1.75538093e-17  2.51448463e-02  1.07333630e-04
  2.50044945e-02  3.16132505e-03  3.34289306e-03  6.88732067e-05
  1.31031285e-01  8.93309516e-04  2.68274127e-02  2.16408831e-03
 -1.77538106e-17 -1.74421024e-17  1.04679714e-04  1.46652404e-04
  5.59097324e-04  5.78331407e-04]
[0.1370681348675801, 0.17382478689819902, 0.0452232377658695, -1.9617283058409596e-17, 0.09366712541751278, 0.04832589324715332, 0.08432641715750372, 0.1359657385458584, 0.13823046743680872, -1.7553809310877214e-17]
[0.15798972897604804, 0.0006743970897936768, 0.1571078721835917, 0.01986319111411824, 0.02100401653805069, 0.00043274312051864934, 0.8232938418583696, 0.005612829226586764, 0.1685616054141803, 0.013597367879780624, -1.1155048174783466e-16, -1.0959196183928489e-16, 0.0006577220387978039]
E for cur_iter:  -8.683418503959441
params in def chemistry in vqe.py:  [ 1.41702340e-01  1.81866713e-01  3.42611611e-02  2.71184205e-05
  9.65337523e-02  4.45793607e-02  8.14496634e-02  1.48208745e-01
  1.36615290e-01 -1.25000000e-02  2.50896262e-02  5.26766006e-05
  2.50022058e-02  1.21761392e-03  1.38055225e-03 -9.63617126e-18
  1.45835740e-01  1.36864544e-04  2.49724732e-02  8.16217262e-05
  8.16217262e-05  8.16217262e-05  8.16217262e-05  8.16217262e-05
  8.16217262e-05  8.16217262e-05]
[0.14170233951677821, 0.18186671294333023, 0.03426116111349827, 2.711842052241088e-05, 0.0965337523054213, 0.04457936072456097, 0.08144966336070376, 0.14820874467444556, 0.1366152897974925, -0.012500000000000018]
[0.1576427705032802, 0.000330976843089278, 0.15709349190584107, 0.0076504938691385254, 0.00867426558738019, -6.054584970316875e-17, 0.9163129789846223, 0.0008599452937948984, 0.15690667655284093, 0.0005128444308121073, 0.0005128444308120653, 0.0005128444308120694, 0.0005128444308120573]
E for cur_iter:  -8.729159234490876
params in def chemistry in vqe.py:  [ 1.54773243e-01  1.87392507e-01  2.67808232e-02 -2.03220145e-17
  9.74322972e-02  3.91739697e-02  8.56454801e-02  1.30635899e-01
  1.37081673e-01 -1.75538093e-17  2.51251791e-02  8.78669602e-05
  2.50036793e-02  4.09398104e-05 -1.99493200e-17 -1.85923162e-17
  1.47831093e-01 -2.45029691e-17  2.37678194e-02  1.51173371e-03
  1.81152907e-04 -1.79706510e-17 -1.79435460e-17  6.17638739e-06
  3.83144584e-04  3.95528248e-04]
[0.1547732433449071, 0.1873925066192048, 0.0267808231760775, -2.0322014470525174e-17, 0.09743229716296897, 0.0391739697497501, 0.08564548013661279, 0.1306358986985007, 0.13708167322546605, -1.7553809310877214e-17]
[0.1578661561037301, 0.0005520843935253908, 0.15710275049795538, 0.0002572324150025646, -1.253452741471852e-16, -1.1681896775864373e-16, 0.9288501528063012, -1.5395669541991226e-16, 0.1493376136738653, 0.009498503024110132, 0.0011382172810938936, -1.1291293037986927e-16, -1.1274262430086495e-16]
E for cur_iter:  -8.700773854354917
params in def chemistry in vqe.py:  [ 1.41915191e-01  1.81768255e-01  3.44959751e-02 -5.86805491e-05
  9.68060843e-02  4.44385559e-02  8.16516631e-02  1.48368102e-01
  1.36599916e-01 -1.75703189e-17  3.75779825e-02  5.26766006e-05
  2.50022058e-02  1.23264192e-03  1.39606800e-03 -4.60414755e-05
  1.45856800e-01  1.08367723e-04  2.49403884e-02  7.02303077e-05
  1.34648881e-04  1.49666365e-04  9.87777354e-05  9.87777354e-05
  8.16442734e-05  8.16442734e-05]
[0.1419151908906116, 0.18176825531900723, 0.03449597506265726, -5.868054911793766e-05, 0.09680608429096192, 0.04443855590592706, 0.08165166306857782, 0.14836810151732874, 0.13659991591532517, -1.757031889881129e-17]
[0.23610942754801004, 0.0003309768430892299, 0.15709349190584104, 0.0077449176048566765, 0.008771753976624014, -0.0002892871223477486, 0.916445302459498, 0.0006808944837069368, 0.15670508171181316, 0.00044127003721001817, 0.0008460238727453015, 0.0009403815053896736, 0.0006206388156306783]
E for cur_iter:  -8.7027973821489
params in def chemistry in vqe.py:  [ 1.51999960e-01  1.77383946e-01  4.62387297e-02 -1.96138949e-17
  1.08835268e-01  3.79682160e-02  9.13436517e-02  1.54492131e-01
  1.36128406e-01 -1.75538093e-17  2.39213439e-02  6.27113451e-05
  2.50026260e-02  2.23245919e-03  2.41463287e-03 -2.22391658e-17
  1.46870051e-01 -4.47504447e-17  2.37610999e-02 -4.89246230e-17
  2.54766358e-03  3.13419115e-03  8.88521837e-04  8.96227803e-04
  1.70227268e-04  1.73758545e-04]
[0.15199995972566974, 0.17738394563659104, 0.04623872974171853, -1.961389492662058e-17, 0.1088352684561209, 0.03796821601070022, 0.09134365174615411, 0.1544921309981403, 0.1361284061559898, -1.7553809310877248e-17]
[0.15030223672370527, 0.0003940270022150289, 0.1570961320495401, 0.01402695479178654, 0.015171585747559804, -1.3973280003884072e-16, 0.9228117473951932, -2.8117533643614506e-16, 0.14929539391427765, -3.0740247260281153e-16, 0.01600744237793817, 0.019692703783263224, 0.005582747351702525]
E for cur_iter:  -8.696878463920173
params in def chemistry in vqe.py:  [ 1.41886441e-01  1.82184708e-01  3.40880192e-02  2.71184205e-05
  9.65358102e-02  4.44809757e-02  8.14079124e-02  1.48498074e-01
  1.36609157e-01 -1.75466602e-17  2.50890606e-02  1.25285172e-02
  2.50022058e-02  1.21761392e-03  1.38055225e-03 -2.51956757e-18
  1.45249878e-01  1.36864544e-04  2.49724732e-02  8.16217262e-05
  8.16217262e-05  8.16217262e-05  8.16217262e-05  8.16217262e-05
  8.16217262e-05  8.16217262e-05]
[0.14188644089597544, 0.1821847081574579, 0.034088019219334915, 2.711842052240394e-05, 0.09653581024288857, 0.04448097574441954, 0.08140791242881001, 0.14849807369434742, 0.13660915671384588, -1.754666024715646e-17]
[0.15763921667479988, 0.07871899490365947, 0.1570934919058411, 0.00765049386913857, 0.008674265587380227, -1.5830909955504072e-17, 0.9126319015412663, 0.000859945293794927, 0.15690667655284096, 0.0005128444308120794, 0.0005128444308121564, 0.0005128444308121628, 0.0005128444308120446]
E for cur_iter:  -8.697296097953284
params in def chemistry in vqe.py:  [ 1.47922183e-01  1.92353693e-01  2.92568353e-02 -1.72117095e-17
  9.62616451e-02  4.13677820e-02  8.03642598e-02  1.56831806e-01
  1.36577130e-01 -1.75538093e-17  2.50203209e-02 -1.78825596e-17
  2.50024953e-02  1.43045204e-03  1.59085503e-03 -2.09536620e-17
  1.26727076e-01  1.92897901e-04  2.51764218e-02  3.46769866e-04
  6.43050417e-05 -2.06540514e-17  8.22597010e-05  8.75702466e-05
  1.41954018e-04  1.44387588e-04]
[0.1479221826745757, 0.19235369281016393, 0.02925683526444795, -1.7211709488207383e-17, 0.09626164508548347, 0.04136778195950222, 0.08036425975755021, 0.15683180620238257, 0.13657713006494093, -1.755380931087726e-17]
[0.15720731245673947, -1.1235943562310522e-16, 0.15709531135368723, 0.008987795243402045, 0.00999563696718477, -1.316557409363548e-16, 0.7962497015985445, 0.0012120132604648106, 0.15818812343154784, 0.002178819326994893, 0.000404040493332604, -1.2977323220129772e-16, 0.0005168529446769574]
E for cur_iter:  -8.630535463347668
params in def chemistry in vqe.py:  [ 1.41701876e-01  1.81865528e-01  3.42591228e-02  2.58423912e-05
  9.65332662e-02  4.45800629e-02  8.14515767e-02  1.48210316e-01
  1.36615611e-01 -1.75980222e-17  2.50896183e-02  5.26796948e-05
  3.75022051e-02  1.21728328e-03  1.37991574e-03 -4.03968355e-07
  1.45836136e-01  1.36469376e-04  2.49720977e-02  8.16235384e-05
  8.17302964e-05  8.17394624e-05  8.16203312e-05  8.16203312e-05
  8.16213287e-05  8.16213287e-05]
[0.14170187628953343, 0.1818655275011735, 0.03425912281326133, 2.5842391232128024e-05, 0.09653326619864466, 0.044580062901791916, 0.08145157671841641, 0.14821031578508626, 0.13661561059177482, -1.7598022167565165e-17]
[0.1576427208155759, 0.0003309962844246379, 0.2356333043445843, 0.007648416418822947, 0.00867026628200573, -2.5382080335288153e-06, 0.9163154661304072, 0.0008574623752318513, 0.156904317218886, 0.0005128558173907339, 0.0005135265974352583, 0.0005135841894420327, 0.000512835665908004]
E for cur_iter:  -8.70457011409544
params in def chemistry in vqe.py:  [ 1.40173215e-01  1.73582087e-01  2.46946263e-02 -2.16467740e-17
  8.92547537e-02  5.01289481e-02  9.93875847e-02  1.52323067e-01
  1.40792427e-01 -1.75538093e-17  2.45123102e-02 -1.72794721e-17
  2.47524204e-02  7.58068235e-04 -2.40692882e-17 -1.76014461e-17
  1.49106898e-01 -2.20364092e-17  2.40681693e-02  2.78052764e-03
  7.64807106e-04  7.10055114e-06  7.70503824e-05  1.30818673e-04
  6.89332018e-04  7.13971463e-04]
[0.14017321476049907, 0.17358208717868268, 0.02469462630385392, -2.16467740000309e-17, 0.08925475369783016, 0.0501289480524968, 0.09938758472315781, 0.15232306666411732, 0.14079242700882963, -1.7553809310877205e-17]
[0.15401538742641163, -1.0857012536525893e-16, 0.15552404399500616, 0.004763083198251872, -1.5123179815584302e-16, -1.1059314775352318e-16, 0.9368662689173768, -1.3845884223051843e-16, 0.15122476802525545, 0.01747057042052584, 0.004805424768555468, 4.461407856959423e-05, 0.0004841218303458616]
E for cur_iter:  -8.64531043851468
params in def chemistry in vqe.py:  [ 1.41769001e-01  1.81584185e-01  3.40248860e-02 -1.24390472e-02
  9.66575010e-02  4.45283714e-02  8.12543409e-02  1.48219723e-01
  1.36643149e-01 -1.58367526e-17  2.50036705e-02  5.31924416e-05
  2.50009155e-02  1.96845452e-03  1.38145052e-03 -8.24634533e-05
  1.45812278e-01 -8.77936416e-05  2.48881084e-02  8.33404652e-05
  4.08561815e-06  7.21204999e-06  8.37914643e-05  8.37914643e-05
  7.96362207e-05  7.96362207e-05]
[0.1417690005039838, 0.1815841845740717, 0.03402488597318711, -0.012439047225704727, 0.09665750097305, 0.04452837139147381, 0.08125434091308718, 0.148219722593731, 0.1366431488373778, -1.58367525761084e-17]
[0.1571026951830518, 0.00033421796740682635, 0.15708538483983134, 0.012368164539761506, 0.008679909583018739, -0.0005181331581453656, 0.9161655629302967, -0.00055162371877568, 0.15637659726189876, 0.0005236435862908377, 2.5670695938421833e-05, 4.531464654121621e-05, 0.0005264772972887713]
E for cur_iter:  -8.67145106945917
params in def chemistry in vqe.py:  [ 1.35957430e-01  1.72218864e-01  2.34949879e-02  2.52525402e-03
  1.14329203e-01  4.51425803e-02  7.57264637e-02  1.45485136e-01
  1.37509228e-01 -1.75538093e-17  2.48494262e-02 -1.75572989e-17
  2.48866582e-02 -2.86229374e-17 -2.84060969e-17 -1.88846715e-17
  1.42904744e-01 -2.20093041e-17  2.29561601e-02  1.36643217e-03
  8.71473122e-04  5.39638366e-04  7.38512169e-05  9.93715907e-05
  3.70946865e-04  3.82641636e-04]
[0.13595743032431382, 0.17221886377349285, 0.02349498789295175, 0.0025252540194527903, 0.11432920280903805, 0.045142580349204944, 0.07572646365236588, 0.1454851363957223, 0.1375092281200008, -1.755380931087721e-17]
[0.1561335493483126, -1.1031576267505329e-16, 0.15636748493290936, -1.7984321942857008e-16, -1.7848077079653546e-16, -1.1865589063512704e-16, 0.8978969857778868, -1.382885361515141e-16, 0.1442378081269447, 0.00858554651319087, 0.005475627112688175, 0.003390647853952403, 0.00046402088117277276]
E for cur_iter:  -8.696650630805333
params in def chemistry in vqe.py:  [ 1.41503963e-01  1.80629958e-01  3.41800307e-02  1.45067231e-03
  9.58922873e-02  4.48681545e-02  8.14030889e-02  1.47587073e-01
  1.24384915e-01 -3.08148791e-33  2.49474912e-02  1.28749008e-19
  2.49186909e-02  1.18453473e-03  1.51054131e-03 -1.00863263e-17
  1.46853866e-01 -9.21571847e-19  2.52878510e-02  1.01072165e-03
  2.01818003e-04 -9.62229428e-19  9.05939550e-05  1.09301704e-04
  2.94677008e-04  3.03249878e-04]
[0.14150396328954665, 0.18062995809030702, 0.0341800307145832, 0.0014506723140623617, 0.09589228730165257, 0.04486815452000271, 0.08140308889361884, 0.14758707265151338, 0.12438491533681373, -3.0814879110195774e-33]
[0.15674971034439672, 8.089538752705566e-19, 0.1565687524956862, 0.0074426512270980615, 0.009491010958882697, -6.337425711701904e-17, 0.9227100515133716, -5.790406686147143e-18, 0.15888825403663692, 0.00635055139645999, 0.001268059913323918, -6.0458658046536344e-18, 0.0005692186069580834]
E for cur_iter:  -8.675421035698447
params in def chemistry in vqe.py:  [ 1.43878111e-01  1.79505206e-01  3.45502403e-02  3.72943118e-05
  9.49839311e-02  4.47961443e-02  7.95321695e-02  1.48757702e-01
  1.36843043e-01 -1.72405648e-17  2.50771741e-02  4.97257164e-05
  2.50019561e-02 -6.77836018e-04 -4.99631642e-04 -1.75147164e-03
  1.45452932e-01 -1.55151261e-03  2.33137043e-02  1.17913822e-03
  4.56463967e-04  4.68685055e-04  5.01668431e-05  5.01668431e-05
 -1.45916174e-03 -1.45916174e-03]
[0.1438781110850455, 0.17950520647069285, 0.03455024028356156, 3.729431181305323e-05, 0.09498393112039902, 0.04479614427581309, 0.07953216948509317, 0.14875770190186902, 0.13684304299673583, -1.7240564786255593e-17]
[0.1575645320000218, 0.0003124358908990066, 0.1570919232172813, -0.004258969308012891, -0.0031392781923991323, -0.011004820893970714, 0.9139077231831483, -0.009748441225980412, 0.14648432440964113, 0.007408743919819365, 0.0028680476898268466, 0.0029448350543478928, 0.0003152075712419641]
E for cur_iter:  -8.685333970280526
params in def chemistry in vqe.py:  [ 1.42491359e-01  1.85931612e-01  3.53284538e-02  8.73466736e-04
  1.00034986e-01  5.16466053e-02  8.17795503e-02  1.47677674e-01
  1.37489786e-01 -6.16297582e-33  2.50293714e-02  8.13151629e-20
  2.49524581e-02  3.90920806e-03  4.08736738e-03  2.40677552e-03
  1.47894156e-01  2.59906938e-03  2.77252939e-02  6.04898613e-03
 -1.26038503e-18 -1.12485975e-18  1.05670917e-04  1.16949977e-04
 -1.08420217e-19 -2.15485182e-18]
[0.14249135917083486, 0.1859316117752679, 0.03532845375602269, 0.0008734667363103309, 0.10003498621979111, 0.051646605288757544, 0.08177955028774968, 0.1476776744380438, 0.1374897855251147, -6.162975822039155e-33]
[0.15726417884491278, 5.109182370129832e-19, 0.15678091807075414, 0.02456227863883923, 0.025681686645509343, 0.01512221659281176, 0.9292463852662647, 0.01633043451433847, 0.17420315945742829, 0.0380069008065851, -7.919232673701238e-18, -7.067702278679601e-18, 0.0006639499509340939]
E for cur_iter:  -8.715483037775504
params in def chemistry in vqe.py:  [ 1.42131510e-01  1.86121951e-01  3.48786929e-02  8.39726930e-04
  9.93626392e-02  5.16506210e-02  8.13049552e-02  1.47428279e-01
  1.37533389e-01 -5.71971275e-20  2.50298595e-02 -6.59438543e-07
  2.49524423e-02  4.31666304e-03  4.54012479e-03  2.68995024e-03
  1.47910430e-01  2.89403046e-03  2.79294224e-02  5.83782653e-03
  4.14036605e-03  4.48530062e-03  8.34731120e-05  9.47521725e-05
  1.81233338e-04  1.81233338e-04]
[0.14213151039510197, 0.18612195076646576, 0.03487869288081892, 0.0008397269295662229, 0.09936263915709809, 0.05165062098164081, 0.08130495520802951, 0.14742827949388973, 0.13753338923281158, -5.719712749991868e-20]
[0.15726724566135655, -4.143374566145182e-06, 0.15678081871260827, 0.02712239377014121, 0.02852644536459404, 0.016901455805391874, 0.929348642950362, 0.018183729684583278, 0.1754857363815456, 0.03668014585668925, 0.026014687139910023, 0.028181974975337993, 0.0005244770307416412]
E for cur_iter:  -8.714698662959732
params in def chemistry in vqe.py:  [ 1.38015571e-01  1.88746868e-01  3.81160043e-02  5.20229307e-03
  1.00986100e-01  4.70411624e-02  7.97937618e-02  1.45639593e-01
  1.42042562e-01 -2.15117654e-18  2.46257214e-02 -2.32324611e-18
  2.46997694e-02  5.70784312e-03  6.37836267e-03  2.72057719e-03
  1.53369923e-01  3.88044850e-03  3.04627117e-02  4.34438303e-03
 -2.59226866e-18 -3.14163685e-18  1.37036327e-04  2.05116397e-04
 -1.85127521e-18 -2.15906844e-18]
[0.1380155705680009, 0.1887468679146426, 0.038116004322383046, 0.0052022930653791545, 0.10098610038850131, 0.04704116241478709, 0.0797937617815711, 0.14563959334354845, 0.14204256167461177, -2.151176536165659e-18]
[0.15472797106713249, -1.4597385801378768e-17, 0.15519322809889644, 0.035863436019507575, 0.04007643463017393, 0.01709389064344065, 0.9636516466410971, 0.024381577023130742, 0.1914028627677317, 0.02729656360438283, -1.6287704345325194e-17, -1.9739486496278216e-17, 0.000861024634601515]
E for cur_iter:  -8.711163038720528
params in def chemistry in vqe.py:  [ 1.42419864e-01  1.86036092e-01  3.51479128e-02  8.82273510e-04
  9.98861556e-02  5.17311896e-02  8.16518868e-02  1.47621902e-01
  1.37501311e-01  4.06495604e-21  2.50288346e-02 -5.82067359e-06
  2.49524529e-02  3.96396520e-03  4.19829377e-03  2.29578100e-03
  1.47824511e-01  2.53728214e-03  2.75725205e-02  6.05133594e-03
  5.52125370e-06 -2.64058748e-05  4.51614424e-03  4.52742330e-03
 -1.67096883e-06 -1.67096883e-06]
[0.14241986447623484, 0.18603609165412135, 0.03514791280794333, 0.000882273510319041, 0.0998861556168765, 0.051731189598379024, 0.08165188676483781, 0.14762190176327347, 0.1375013105681955, 4.064956035016572e-21]
[0.15726080609935483, -3.6572370796908363e-05, 0.15678088535335924, 0.024906327918952417, 0.026378657726268892, 0.014424817424274185, 0.9288087981803304, 0.01594221383573866, 0.17324325576442245, 0.0380216650854033, 3.469106015116877e-05, -0.0001659130047181942, 0.028375771148682644]
E for cur_iter:  -8.71592247134547
params in def chemistry in vqe.py:  [ 1.43305643e-01  1.92615378e-01  3.24668500e-02  3.53086603e-03
  1.01052653e-01  4.89518345e-02  8.19368223e-02  1.51647901e-01
  1.38607224e-01 -3.17738135e-18  2.47661569e-02 -2.32962270e-18
  2.47965808e-02  5.03862630e-03  5.40546729e-03  2.61439453e-03
  1.39917448e-01  3.40749415e-03  2.94239253e-02  6.10765110e-03
 -3.14689681e-18 -2.85136371e-18  1.87676314e-05  6.49499023e-05
 -1.07274245e-18 -1.37755123e-18]
[0.14330564304499213, 0.1926153780188996, 0.03246685004545931, 0.0035308660252995547, 0.10105265344877279, 0.048951834535727184, 0.08193682233386371, 0.15164790101063175, 0.13860722422446015, -3.1773813517462877e-18]
[0.15561035330672202, -1.4637451088852162e-17, 0.15580151214380586, 0.03165862275348555, 0.03396355265563142, 0.01642672532942944, 0.8791272509839414, 0.021409917150058168, 0.18487597501475259, 0.0383755036595636, -1.9772535772402455e-17, -1.791564659387311e-17, 0.00011792050569164628]
E for cur_iter:  -8.678211065747231
params in def chemistry in vqe.py:  [ 1.42696503e-01  1.85854665e-01  3.50176512e-02  8.44621871e-04
  9.99256433e-02  5.18952678e-02  8.16503798e-02  1.47680068e-01
  1.37581473e-01  9.58390123e-20  2.50214009e-02  3.63680467e-07
  2.49524843e-02  2.42413585e-03  9.38792423e-03  8.96938956e-04
  1.47983744e-01  9.71476060e-04  2.60954478e-02  6.18047003e-03
 -1.09445950e-04 -1.13344482e-04 -1.97070970e-05 -8.42803652e-06
  6.51969646e-04  6.51969646e-04]
[0.1426965029522399, 0.185854664626175, 0.035017651222709174, 0.0008446218707805097, 0.09992564326445508, 0.05189526783193898, 0.08165037980024778, 0.1476800678150764, 0.1375814729396218, 9.583901234369495e-20]
[0.15721409862748134, 2.2850717675830603e-06, 0.15678108247537945, 0.015231294774485538, 0.05898606761451908, 0.005635633670177564, 0.929809287286238, 0.006103964103460757, 0.1639625341727211, 0.03883303847606063, -0.0006876691880950747, -0.0007121643827402146, -0.00012382334226126762]
E for cur_iter:  -8.716137692509186
params in def chemistry in vqe.py:  [ 1.43974265e-01  1.85559886e-01  3.63822299e-02  1.67674157e-03
  9.94239804e-02  5.21062541e-02  7.93741606e-02  1.48320595e-01
  1.38752754e-01 -2.41496302e-18  2.49553544e-02 -2.48012550e-18
  2.49076761e-02  3.82480254e-03  1.53478829e-03  1.69425570e-03
  1.48584394e-01  2.28133102e-03  2.74572636e-02  7.74104573e-03
 -4.38830829e-18 -3.81973816e-18  1.28142846e-04  1.49478365e-04
  8.15938543e-03  8.16399382e-03]
[0.1439742654808142, 0.18555988645459767, 0.03638222985969459, 0.0016767415716823393, 0.09942398037626492, 0.05210625409226196, 0.07937416059130023, 0.1483205951931016, 0.13875275363505699, -2.41496301554023e-18]
[0.15679911631793933, -1.558308811567109e-17, 0.15649954422556986, 0.024031943122797, 0.009643359252402195, 0.010645322523736825, 0.9335832818279944, 0.01433402554416565, 0.17251907515715978, 0.048638424768603264, -2.757255419080065e-17, -2.4000122706075645e-17, 0.0008051452462171202]
E for cur_iter:  -8.708114054906117
params in def chemistry in vqe.py:  [ 1.42452150e-01  1.86064982e-01  3.51309347e-02  1.24373116e-03
  9.99022893e-02  5.17487969e-02  8.16415159e-02  1.47579247e-01
  1.37480815e-01 -2.45504299e-20  2.50271656e-02  5.64315344e-08
  2.49524560e-02  8.94318582e-03  3.87475623e-03  2.25914524e-03
  1.47957498e-01  4.85169987e-06  2.51579117e-02  6.01618621e-03
 -1.03199992e-04 -1.02100054e-04  6.83180292e-07  1.19622408e-05
 -1.27734561e-04 -1.27734561e-04]
[0.14245214982593565, 0.18606498242790104, 0.035130934676357965, 0.0012437311635445075, 0.09990228926369495, 0.0517487968980627, 0.08164151587426394, 0.14757924727182503, 0.13748081495744882, -2.4550429913150983e-20]
[0.1572503191838417, 3.5456978794242114e-07, 0.15678090460703797, 0.05619169374160675, 0.024345811419478, 0.014194628154048823, 0.9296443773260668, 3.0484129354167346e-05, 0.1580718211414796, 0.03780081278897241, -0.0006484246751271477, -0.0006415135578463023, 4.292548375765241e-06]
E for cur_iter:  -8.71695526626459
params in def chemistry in vqe.py:  [ 1.41885684e-01  1.86450985e-01  3.62703478e-02  1.27478433e-03
  9.97623314e-02  5.12678987e-02  8.13624289e-02  1.47538409e-01
  1.38033118e-01 -2.11161150e-18  2.50029455e-02 -2.68952988e-18
  2.49174634e-02  7.89572236e-04  4.37332310e-03  1.36462604e-02
  1.47989782e-01  3.38271078e-17  2.44280691e-02  6.09974385e-03
 -7.25587023e-18 -5.33239371e-18  1.87068247e-04  2.06241108e-04
  1.76815961e-04  1.80433314e-04]
[0.14188568426987314, 0.18645098494767803, 0.03627034784562985, 0.0012747843259508058, 0.09976233139021999, 0.051267898726615344, 0.08136242890428645, 0.14753840877535537, 0.1380331181882379, -2.1116114993618383e-18]
[0.15709813976191978, -1.689881462178659e-17, 0.15656103963547274, 0.004961028674311071, 0.0274783994300738, 0.08574198293273814, 0.9298472261734757, 2.12541986597401e-16, 0.15348608506349076, 0.03832582092544968, -4.558997721557712e-17, -3.350441778893024e-17, 0.0011753844613211191]
E for cur_iter:  -8.712712588061638
params in def chemistry in vqe.py:  [ 1.41862606e-01  1.86100809e-01  3.55411822e-02  8.26795575e-04
  9.95710706e-02  5.06131197e-02  8.16808410e-02  1.47773458e-01
  1.37425856e-01  6.58646598e-19  2.50364861e-02 -5.12488370e-06
  2.49525486e-02  4.09995100e-03  4.22004657e-03  2.17134838e-03
  1.47843336e-01  6.92982504e-03  2.37031240e-02  7.53609119e-03
 -7.72194135e-05 -8.03610571e-05  5.81527028e-05  6.94317633e-05
 -7.41960123e-05 -7.41960123e-05]
[0.14186260644971346, 0.1861008087213259, 0.035541182173901745, 0.0008267955747725712, 0.09957107055316802, 0.05061311974341791, 0.08168084095489159, 0.1477734576277092, 0.13742585626665993, 6.586465978224986e-19]
[0.15730888163067602, -3.220059399183638e-05, 0.15678148659864924, 0.02576075186015337, 0.026515334595602416, 0.013642984240477106, 0.9289270791590951, 0.04354137485283665, 0.14893112046523654, 0.047350657435111174, -0.00048518388414186544, -0.0005049234133456991, 0.0003653842080015794]
E for cur_iter:  -8.712924170884
params in def chemistry in vqe.py:  [ 1.45805179e-01  1.86823956e-01  3.64367047e-02  2.64713550e-03
  1.01692109e-01  6.00821676e-02  8.06298188e-02  1.46578293e-01
  1.38373134e-01 -1.98838404e-18  2.48568937e-02 -2.34839432e-18
  2.48460502e-02  4.40185658e-03  4.52982483e-03  2.72093863e-03
  1.48973215e-01  6.63798669e-03  2.48898205e-02  1.56125113e-17
 -3.76490249e-18 -3.44008603e-18  7.03173910e-05  1.05453925e-04
  3.07230968e-04  3.18163711e-04]
[0.1458051787432533, 0.1868239555514121, 0.036436704736482244, 0.002647135497493339, 0.1016921086745516, 0.060082167627553425, 0.08062981882778038, 0.1465782928638052, 0.13837313431257367, -1.9883840365915487e-18]
[0.15618046907050115, -1.4755396702378297e-17, 0.15611233769673485, 0.02765768055747569, 0.02846172878648261, 0.017096161602444124, 0.9360263160317045, 0.041707700420369094, 0.15638735444870244, 9.809630150649277e-17, -2.3655580003342015e-17, -2.1614697978495782e-17, 0.0004418171978531721]
E for cur_iter:  -8.705294968323454
params in def chemistry in vqe.py:  [ 1.42489063e-01  1.85930660e-01  3.53246449e-02  8.73434729e-04
  1.00031469e-01  5.16465066e-02  8.17858713e-02  1.47682353e-01
  1.37493403e-01  1.46022859e-22  2.50293864e-02  5.66984248e-08
  2.49524554e-02  3.90920841e-03  4.08710294e-03  2.40570556e-03
  1.47897076e-01  2.59840203e-03  2.77261006e-02  6.05176461e-03
  6.59500515e-08  7.99664764e-08  1.05664931e-04  1.16943992e-04
 -4.42038425e-03  4.41843598e-03]
[0.14248906255927613, 0.18593065970994427, 0.035324644903340106, 0.0008734347290792384, 0.10003146870494659, 0.05164650660931362, 0.08178587126880416, 0.14768235284364212, 0.13749340340968616, 1.4602285948268004e-22]
[0.1572642730080274, 3.5624670935109294e-07, 0.15678090098923328, 0.024562280837827813, 0.025680025117958555, 0.015115493831993353, 0.9292647377331001, 0.016326241428476745, 0.1742082277552859, 0.03802435845016315, 4.1437639488627813e-07, 5.024441894786594e-07, 0.0006639123449046311]
E for cur_iter:  -8.716019060807263
params in def chemistry in vqe.py:  [ 1.39717516e-01  1.83076497e-01  3.12021133e-02  2.93760101e-03
  9.77382691e-02  5.39023433e-02  9.11798873e-02  1.48666315e-01
  1.40419091e-01 -1.80630198e-18  2.48269241e-02 -2.32832417e-18
  2.48259576e-02  3.98817526e-03  3.84745674e-03  2.66331629e-03
  1.50887224e-01  2.47317397e-03  2.77315611e-02  6.72775557e-03
  2.13925731e-04 -3.19856712e-18  1.59770966e-04  1.98653695e-04
  7.26117247e-04  7.90355631e-04]
[0.139717516166318, 0.18307649695698514, 0.031202113318337193, 0.002937601009648856, 0.09773826913905445, 0.053902343306359464, 0.09117988727237648, 0.14866631502484798, 0.14041909070703967, -1.8063019793394293e-18]
[0.1559921648328249, -1.4629292186471752e-17, 0.15598609197410715, 0.025058444197251315, 0.024174283648355527, 0.01673410976865366, 0.9480523858200267, 0.015539410359905484, 0.17424253738683676, 0.042271734944624946, 0.0013441350110148216, -2.0097189958513028e-17, 0.0010038705871489712]
E for cur_iter:  -8.698815206053839
params in def chemistry in vqe.py:  [ 1.42454701e-01  1.85869237e-01  3.54130769e-02  8.73238918e-04
  1.00009344e-01  5.16682262e-02  8.18041241e-02  1.47579826e-01
  1.37502031e-01  2.20138785e-21  2.50298131e-02  4.03449905e-07
  2.49524760e-02  3.92411272e-03  4.10237900e-03  2.40677551e-03
  1.47778439e-01  2.60310140e-03  2.77410505e-02  6.06800223e-03
 -8.33257114e-07 -7.50573087e-07 -4.31122006e-03  4.53455356e-03
  4.30813640e-06  4.45217004e-06]
[0.14245470127661303, 0.18586923703613212, 0.035413076850649886, 0.0008732389183860584, 0.1000093438455724, 0.051668226217841375, 0.08180412409566057, 0.1475798256875452, 0.1375020306290855, 2.201387852549578e-21]
[0.15726695405018534, 2.534950516100445e-06, 0.15678103084706982, 0.024655927399090612, 0.02577600743859006, 0.015122216516677613, 0.9285193174914909, 0.016355768472561576, 0.17430216087094147, 0.03812638246008553, -5.235508855331443e-06, -4.715989793248034e-06, -0.027088194542636806]
E for cur_iter:  -8.715815489154789
params in def chemistry in vqe.py:  [ 1.39686195e-01  1.82231761e-01  4.08761867e-02  1.61463439e-03
  9.87766817e-02  5.29906368e-02  8.34054655e-02  1.41131146e-01
  1.38616967e-01 -2.41495217e-18  2.49834285e-02 -2.52343052e-18
  2.49095265e-02  5.12733262e-03  5.35428043e-03  2.62880563e-03
  1.41039061e-01  3.02865065e-03  2.90019761e-02  6.93812930e-03
 -4.69425826e-18 -3.60380381e-18  4.14163419e-04  3.79470760e-19
  4.00637542e-04  4.42393151e-04]
[0.13968619493930423, 0.1822317609949953, 0.040876186733213055, 0.001614634391485581, 0.09877668170786051, 0.05299063681510298, 0.08340546550958856, 0.14113114632060614, 0.13861696744908925, -2.4149521673668657e-18]
[0.15697551084714156, -1.5855181551327245e-17, 0.15651117108856735, 0.03221598097123055, 0.0336419361064894, 0.01651727292533716, 0.886174557004312, 0.01902957328119688, 0.18222479023988544, 0.04359355206464419, -2.9494894535745e-17, -2.2643367157302707e-17, 0.002602265509172814]
E for cur_iter:  -8.726439637594014
params in def chemistry in vqe.py:  [ 1.36709444e-01  1.82084969e-01  3.69716594e-02  1.69231681e-03
  9.82827759e-02  5.44608452e-02  8.05612245e-02  1.39398259e-01
  1.38841137e-01 -1.38534584e-18  2.52103869e-02  9.08318440e-06
  2.49093145e-02  4.74932567e-03  4.93932675e-03  2.60848568e-03
  1.40467021e-01  2.99497424e-03  2.90190436e-02  7.19841525e-03
 -4.49183926e-04 -5.93667217e-04  2.37694418e-04 -1.75355277e-04
  4.18271005e-04  4.60642740e-04]
[0.13670944430633294, 0.1820849694918582, 0.036971659395838144, 0.0016923168070664108, 0.0982827758613443, 0.05446084521085283, 0.0805612244566177, 0.13939825916134435, 0.1388411372063404, -1.3853458398271827e-18]
[0.15840153241915514, 5.7071330759718174e-05, 0.15650983883522476, 0.029840893249888683, 0.031034705256050482, 0.016389598893542984, 0.8825803251324952, 0.01881797811734599, 0.1823320282484118, 0.045228976932090215, -0.002822305842878393, -0.003730121134595553, 0.0014934780729471935]
E for cur_iter:  -8.709076982074503
params in def chemistry in vqe.py:  [ 1.39032292e-01  1.77760036e-01  3.99516360e-02  2.39580621e-03
  1.09982160e-01  5.13880025e-02  8.40494747e-02  1.41044182e-01
  1.39018754e-01 -4.78109251e-18  2.46351526e-02 -5.48572585e-18
  2.48756449e-02  4.68119942e-03  4.84849029e-03  2.40179028e-03
  1.40289271e-01  2.58243295e-03  2.76514092e-02  7.26453122e-03
  9.61341682e-04  1.06152053e-03  6.32317803e-04  2.36099196e-04
  6.77330125e-04  7.49860260e-04]
[0.13903229243766446, 0.17776003552808128, 0.03995163599436867, 0.0023958062104488163, 0.1099821599852694, 0.05138800252809591, 0.08404947465248332, 0.14104418152297954, 0.13901875387752582, -4.781092512523452e-18]
[0.15478722877278725, -3.446783204267137e-17, 0.15629828627449047, 0.029412843404653048, 0.03046396297632483, 0.015090893409541324, 0.881463484308435, 0.016225904792070367, 0.17373892829611115, 0.045644395798845584, 0.006040287930494045, 0.0066697302243074914, 0.003972969927810427]
E for cur_iter:  -8.716555571986108
params in def chemistry in vqe.py:  [ 1.40764788e-01  1.82825372e-01  4.03378392e-02  1.60350468e-03
  9.88989413e-02  5.24718793e-02  8.37953711e-02  1.39611557e-01
  1.38687770e-01 -2.09930125e-18  2.49872273e-02  1.66688684e-06
  2.49096719e-02  4.98336765e-03  5.19600727e-03  2.58498154e-03
  1.41203358e-01  2.95742107e-03  2.88564104e-02  7.06478704e-03
  4.32277651e-03 -3.96238031e-03  3.93708918e-04 -2.01354798e-05
  4.30744245e-04  4.73631071e-04]
[0.1407647880377917, 0.18282537236615393, 0.04033783924193502, 0.0016035046845787905, 0.098898941257016, 0.052471879307086085, 0.08379537114054782, 0.1396115571903914, 0.1386877696591634, -2.0993012491921654e-18]
[0.1569993795957158, 1.047335887348783e-05, 0.15651208454651117, 0.03131142239764055, 0.03264747652471919, 0.01624191805781679, 0.8872068661853849, 0.018582024590912384, 0.18131017407029182, 0.04438936611725149, 0.027160805862809764, -0.024896369731043002, 0.002473746085754932]
E for cur_iter:  -8.729685663299652
{'IIII': -5.81315077510272, 'IIIZ': 1.6350361341896509, 'IIZX': -0.01852846495477341, 'IIIX': 0.01852846495477341, 'IIXX': -0.039181655772985394, 'IIYY': -0.039181655772985394, 'IIZZ': 0.4397450433193304, 'IIXZ': -0.010416847948936289, 'IIXI': 0.010416847948936289, 'IIZI': 0.26987265865537036, 'IZII': 1.6350361341896509, 'ZXII': -0.018528464954773404, 'IXII': 0.018528464954773404, 'XXII': -0.03918165577298539, 'YYII': -0.03918165577298539, 'ZZII': 0.4397450433193304, 'XZII': -0.010416847948936284, 'XIII': 0.010416847948936284, 'ZIII': 0.26987265865537047, 'IZIZ': 0.41454169378804817, 'IZZX': -0.029213980981044378, 'IZIX': 0.029213980981044378, 'IZXX': -0.03440891595153618, 'IZYY': -0.03440891595153618, 'ZXIZ': -0.02921398098104437, 'IXIZ': 0.02921398098104437, 'ZXZX': 0.003674456502144146, 'IXZX': -0.003674456502144146, 'ZXIX': -0.003674456502144146, 'IXIX': 0.003674456502144146, 'ZXXX': 0.002885891556269174, 'IXXX': -0.002885891556269174, 'ZXYY': 0.002885891556269174, 'IXYY': -0.002885891556269174, 'XXIZ': -0.03440891595153618, 'YYIZ': -0.03440891595153618, 'XXZX': 0.002885891556269175, 'YYZX': 0.002885891556269175, 'XXIX': -0.002885891556269175, 'YYIX': -0.002885891556269175, 'XXXX': 0.005378238376566439, 'YYXX': 0.005378238376566439, 'XXYY': 0.005378238376566439, 'YYYY': 0.005378238376566439, 'ZZIZ': 0.09486647602250568, 'ZZZX': 0.001813596900248408, 'ZZIX': -0.001813596900248408, 'ZZXX': -0.004272564381343904, 'ZZYY': -0.004272564381343904, 'XZIZ': 0.0028574469714725812, 'XIIZ': -0.0028574469714725812, 'XZZX': -0.0009148940971957355, 'XIZX': 0.0009148940971957355, 'XZIX': 0.0009148940971957355, 'XIIX': -0.0009148940971957355, 'XZXX': 5.845579096709078e-05, 'XIXX': -5.845579096709078e-05, 'XZYY': 5.845579096709078e-05, 'XIYY': -5.845579096709078e-05, 'ZIIZ': 0.09899076578196743, 'ZIZX': -0.0029183358549799017, 'ZIIX': 0.0029183358549799017, 'ZIXX': 0.0005001754547326517, 'ZIYY': 0.0005001754547326517, 'IZZZ': 0.09486647602250568, 'IZXZ': 0.0028574469714725812, 'IZXI': -0.0028574469714725812, 'ZXZZ': 0.001813596900248408, 'IXZZ': -0.001813596900248408, 'ZXXZ': -0.0009148940971957355, 'IXXZ': 0.0009148940971957355, 'ZXXI': 0.0009148940971957355, 'IXXI': -0.0009148940971957355, 'XXZZ': -0.004272564381343904, 'YYZZ': -0.004272564381343904, 'XXXZ': 5.845579096709078e-05, 'YYXZ': 5.845579096709078e-05, 'XXXI': -5.845579096709078e-05, 'YYXI': -5.845579096709078e-05, 'ZZZZ': 0.12357087224897079, 'ZZXZ': -0.011733623912102134, 'ZZXI': 0.011733623912102134, 'XZZZ': -0.011733623912102134, 'XIZZ': 0.011733623912102134, 'XZXZ': 0.003034656830216852, 'XIXZ': -0.003034656830216852, 'XZXI': -0.003034656830216852, 'XIXI': 0.003034656830216852, 'ZIZZ': 0.056656067552831764, 'ZIXZ': 0.0015406700897166038, 'ZIXI': -0.0015406700897166038, 'IZZI': 0.09899076578196743, 'ZXZI': -0.0029183358549799017, 'IXZI': 0.0029183358549799017, 'XXZI': 0.0005001754547326515, 'YYZI': 0.0005001754547326515, 'ZZZI': 0.056656067552831764, 'XZZI': 0.0015406700897166038, 'XIZI': -0.0015406700897166038, 'ZIZI': 0.08470391802239048}
The optimized loss func value: -8.726439637594014

   Return from subroutine COBYLA because the MAXFUN limit has been reached.

   NFVALS =  100   F =-8.726440E+00    MAXCV = 4.694258E-18
   X = 1.396862E-01   1.822318E-01   4.087619E-02   1.614634E-03   9.877668E-02
       5.299064E-02   8.340547E-02   1.411311E-01   1.386170E-01  -2.414952E-18
       2.498343E-02  -2.523431E-18   2.490953E-02   5.127333E-03   5.354280E-03
       2.628806E-03   1.410391E-01   3.028651E-03   2.900198E-02   6.938129E-03
      -4.694258E-18  -3.603804E-18   4.141634E-04   3.794708E-19   4.006375E-04
       4.423932E-04
