lb in gen_LC_finance:  [0. 0. 0. 0. 0. 0. 0. 0. 0. 0. 0. 0. 0. 0. 0. 0. 0. 0. 0. 0. 0. 0. 0. 0.
 0. 0.]
ub in gen_LC_finance:  [1. 1. 1. 1. 1. 1. 1. 1. 1. 1. 1. 1. 1. 1. 1. 1. 1. 1. 1. 1. 1. 1. 1. 1.
 1. 1.]
<scipy.optimize._constraints.LinearConstraint object at 0x7f242c7f3280>
params in def chemistry in vqe.py:  [0. 0. 0. 0. 0. 0. 0. 0. 0. 0. 0. 0. 0. 0. 0. 0. 0. 0. 0. 0. 0. 0. 0. 0.
 0. 0.]
[0.0, 0.0, 0.0, 0.0, 0.0, 0.0, 0.0, 0.0, 0.0, 0.0, 0.0]
[0.0, 0.0, 0.0, 0.0, 0.0, 0.0, 0.0, 0.0, 0.0, 0.0, 0.0, 0.0, 0.0]
E for cur_iter:  -0.14824811677632865
params in def chemistry in vqe.py:  [0.1 0.  0.  0.  0.  0.  0.  0.  0.  0.  0.  0.  0.  0.  0.  0.  0.  0.
 0.  0.  0.  0.  0.  0.  0.  0. ]
[0.1, 0.0, 0.0, 0.0, 0.0, 0.0, 0.0, 0.0, 0.0, 0.0, 0.0]
[0.0, 0.0, 0.0, 0.0, 0.0, 0.0, 0.0, 0.0, 0.0, 0.0, 0.0, 0.0, 0.0]
E for cur_iter:  -1.843959597569687
params in def chemistry in vqe.py:  [0.1 0.1 0.  0.  0.  0.  0.  0.  0.  0.  0.  0.  0.  0.  0.  0.  0.  0.
 0.  0.  0.  0.  0.  0.  0.  0. ]
[0.1, 0.1, 0.0, 0.0, 0.0, 0.0, 0.0, 0.0, 0.0, 0.0, 0.0]
[0.0, 0.0, 0.0, 0.0, 0.0, 0.0, 0.0, 0.0, 0.0, 0.0, 0.0, 0.0, 0.0]
E for cur_iter:  -4.754230138707514
params in def chemistry in vqe.py:  [0.1 0.1 0.1 0.  0.  0.  0.  0.  0.  0.  0.  0.  0.  0.  0.  0.  0.  0.
 0.  0.  0.  0.  0.  0.  0.  0. ]
[0.1, 0.1, 0.1, 0.0, 0.0, 0.0, 0.0, 0.0, 0.0, 0.0, 0.0]
[0.0, 0.0, 0.0, 0.0, 0.0, 0.0, 0.0, 0.0, 0.0, 0.0, 0.0, 0.0, 0.0]
E for cur_iter:  -5.6499354522148915
params in def chemistry in vqe.py:  [0.1 0.1 0.1 0.1 0.  0.  0.  0.  0.  0.  0.  0.  0.  0.  0.  0.  0.  0.
 0.  0.  0.  0.  0.  0.  0.  0. ]
[0.1, 0.1, 0.1, 0.1, 0.0, 0.0, 0.0, 0.0, 0.0, 0.0, 0.0]
[0.0, 0.0, 0.0, 0.0, 0.0, 0.0, 0.0, 0.0, 0.0, 0.0, 0.0, 0.0, 0.0]
E for cur_iter:  -5.970654314239942
params in def chemistry in vqe.py:  [0.1 0.1 0.1 0.1 0.1 0.  0.  0.  0.  0.  0.  0.  0.  0.  0.  0.  0.  0.
 0.  0.  0.  0.  0.  0.  0.  0. ]
[0.1, 0.1, 0.1, 0.1, 0.1, 0.0, 0.0, 0.0, 0.0, 0.0, 0.0]
[0.0, 0.0, 0.0, 0.0, 0.0, 0.0, 0.0, 0.0, 0.0, 0.0, 0.0, 0.0, 0.0]
E for cur_iter:  -5.478617905912291
params in def chemistry in vqe.py:  [0.1 0.1 0.1 0.1 0.  0.1 0.  0.  0.  0.  0.  0.  0.  0.  0.  0.  0.  0.
 0.  0.  0.  0.  0.  0.  0.  0. ]
[0.1, 0.1, 0.1, 0.1, 0.0, 0.1, 0.0, 0.0, 0.0, 0.0, 0.0]
[0.0, 0.0, 0.0, 0.0, 0.0, 0.0, 0.0, 0.0, 0.0, 0.0, 0.0, 0.0, 0.0]
E for cur_iter:  -4.974982382668635
params in def chemistry in vqe.py:  [0.1 0.1 0.1 0.1 0.  0.  0.1 0.  0.  0.  0.  0.  0.  0.  0.  0.  0.  0.
 0.  0.  0.  0.  0.  0.  0.  0. ]
[0.1, 0.1, 0.1, 0.1, 0.0, 0.0, 0.1, 0.0, 0.0, 0.0, 0.0]
[0.0, 0.0, 0.0, 0.0, 0.0, 0.0, 0.0, 0.0, 0.0, 0.0, 0.0, 0.0, 0.0]
E for cur_iter:  -5.478509860505717
params in def chemistry in vqe.py:  [0.1 0.1 0.1 0.1 0.  0.  0.  0.1 0.  0.  0.  0.  0.  0.  0.  0.  0.  0.
 0.  0.  0.  0.  0.  0.  0.  0. ]
[0.1, 0.1, 0.1, 0.1, 0.0, 0.0, 0.0, 0.1, 0.0, 0.0, 0.0]
[0.0, 0.0, 0.0, 0.0, 0.0, 0.0, 0.0, 0.0, 0.0, 0.0, 0.0, 0.0, 0.0]
E for cur_iter:  -5.478215009374093
params in def chemistry in vqe.py:  [0.1 0.1 0.1 0.1 0.  0.  0.  0.  0.1 0.  0.  0.  0.  0.  0.  0.  0.  0.
 0.  0.  0.  0.  0.  0.  0.  0. ]
[0.1, 0.1, 0.1, 0.1, 0.0, 0.0, 0.0, 0.0, 0.1, 0.0, 0.0]
[0.0, 0.0, 0.0, 0.0, 0.0, 0.0, 0.0, 0.0, 0.0, 0.0, 0.0, 0.0, 0.0]
E for cur_iter:  -6.323045250962367
params in def chemistry in vqe.py:  [0.1 0.1 0.1 0.1 0.  0.  0.  0.  0.1 0.1 0.  0.  0.  0.  0.  0.  0.  0.
 0.  0.  0.  0.  0.  0.  0.  0. ]
[0.1, 0.1, 0.1, 0.1, 0.0, 0.0, 0.0, 0.0, 0.1, 0.1, 0.0]
[0.0, 0.0, 0.0, 0.0, 0.0, 0.0, 0.0, 0.0, 0.0, 0.0, 0.0, 0.0, 0.0]
E for cur_iter:  -5.682594458252264
params in def chemistry in vqe.py:  [0.1 0.1 0.1 0.1 0.  0.  0.  0.  0.1 0.  0.1 0.  0.  0.  0.  0.  0.  0.
 0.  0.  0.  0.  0.  0.  0.  0. ]
[0.1, 0.1, 0.1, 0.1, 0.0, 0.0, 0.0, 0.0, 0.1, 0.0, 0.1]
[0.0, 0.0, 0.0, 0.0, 0.0, 0.0, 0.0, 0.0, 0.0, 0.0, 0.0, 0.0, 0.0]
E for cur_iter:  -5.674748148913465
params in def chemistry in vqe.py:  [0.1 0.1 0.1 0.1 0.  0.  0.  0.  0.1 0.  0.  0.1 0.  0.  0.  0.  0.  0.
 0.  0.  0.  0.  0.  0.  0.  0. ]
[0.1, 0.1, 0.1, 0.1, 0.0, 0.0, 0.0, 0.0, 0.1, 0.0, 0.0]
[0.6283185307179586, 0.0, 0.0, 0.0, 0.0, 0.0, 0.0, 0.0, 0.0, 0.0, 0.0, 0.0, 0.0]
E for cur_iter:  -6.2634824826451
params in def chemistry in vqe.py:  [0.1 0.1 0.1 0.1 0.  0.  0.  0.  0.1 0.  0.  0.  0.1 0.  0.  0.  0.  0.
 0.  0.  0.  0.  0.  0.  0.  0. ]
[0.1, 0.1, 0.1, 0.1, 0.0, 0.0, 0.0, 0.0, 0.1, 0.0, 0.0]
[0.0, 0.6283185307179586, 0.0, 0.0, 0.0, 0.0, 0.0, 0.0, 0.0, 0.0, 0.0, 0.0, 0.0]
E for cur_iter:  -6.1844403673709945
params in def chemistry in vqe.py:  [0.1 0.1 0.1 0.1 0.  0.  0.  0.  0.1 0.  0.  0.  0.  0.1 0.  0.  0.  0.
 0.  0.  0.  0.  0.  0.  0.  0. ]
[0.1, 0.1, 0.1, 0.1, 0.0, 0.0, 0.0, 0.0, 0.1, 0.0, 0.0]
[0.0, 0.0, 0.6283185307179586, 0.0, 0.0, 0.0, 0.0, 0.0, 0.0, 0.0, 0.0, 0.0, 0.0]
E for cur_iter:  -6.174780101753455
params in def chemistry in vqe.py:  [0.1 0.1 0.1 0.1 0.  0.  0.  0.  0.1 0.  0.  0.  0.  0.  0.1 0.  0.  0.
 0.  0.  0.  0.  0.  0.  0.  0. ]
[0.1, 0.1, 0.1, 0.1, 0.0, 0.0, 0.0, 0.0, 0.1, 0.0, 0.0]
[0.0, 0.0, 0.0, 0.6283185307179586, 0.0, 0.0, 0.0, 0.0, 0.0, 0.0, 0.0, 0.0, 0.0]
E for cur_iter:  -6.257366398573654
params in def chemistry in vqe.py:  [0.1 0.1 0.1 0.1 0.  0.  0.  0.  0.1 0.  0.  0.  0.  0.  0.  0.1 0.  0.
 0.  0.  0.  0.  0.  0.  0.  0. ]
[0.1, 0.1, 0.1, 0.1, 0.0, 0.0, 0.0, 0.0, 0.1, 0.0, 0.0]
[0.0, 0.0, 0.0, 0.0, 0.6283185307179586, 0.0, 0.0, 0.0, 0.0, 0.0, 0.0, 0.0, 0.0]
E for cur_iter:  -6.323045250962367
params in def chemistry in vqe.py:  [0.1 0.1 0.1 0.1 0.  0.  0.  0.  0.1 0.  0.  0.  0.  0.  0.  0.  0.1 0.
 0.  0.  0.  0.  0.  0.  0.  0. ]
[0.1, 0.1, 0.1, 0.1, 0.0, 0.0, 0.0, 0.0, 0.1, 0.0, 0.0]
[0.0, 0.0, 0.0, 0.0, 0.0, 0.6283185307179586, 0.0, 0.0, 0.0, 0.0, 0.0, 0.0, 0.0]
E for cur_iter:  -6.323045250962367
params in def chemistry in vqe.py:  [0.1 0.1 0.1 0.1 0.  0.  0.  0.  0.1 0.  0.  0.  0.  0.  0.  0.  0.  0.1
 0.  0.  0.  0.  0.  0.  0.  0. ]
[0.1, 0.1, 0.1, 0.1, 0.0, 0.0, 0.0, 0.0, 0.1, 0.0, 0.0]
[0.0, 0.0, 0.0, 0.0, 0.0, 0.0, 0.6283185307179586, 0.0, 0.0, 0.0, 0.0, 0.0, 0.0]
E for cur_iter:  -6.323045250962367
params in def chemistry in vqe.py:  [0.1 0.1 0.1 0.1 0.  0.  0.  0.  0.1 0.  0.  0.  0.  0.  0.  0.  0.  0.
 0.1 0.  0.  0.  0.  0.  0.  0. ]
[0.1, 0.1, 0.1, 0.1, 0.0, 0.0, 0.0, 0.0, 0.1, 0.0, 0.0]
[0.0, 0.0, 0.0, 0.0, 0.0, 0.0, 0.0, 0.6283185307179586, 0.0, 0.0, 0.0, 0.0, 0.0]
E for cur_iter:  -6.323045250962367
params in def chemistry in vqe.py:  [0.1 0.1 0.1 0.1 0.  0.  0.  0.  0.1 0.  0.  0.  0.  0.  0.  0.  0.  0.
 0.  0.1 0.  0.  0.  0.  0.  0. ]
[0.1, 0.1, 0.1, 0.1, 0.0, 0.0, 0.0, 0.0, 0.1, 0.0, 0.0]
[0.0, 0.0, 0.0, 0.0, 0.0, 0.0, 0.0, 0.0, 0.6283185307179586, 0.0, 0.0, 0.0, 0.0]
E for cur_iter:  -6.227499150532802
params in def chemistry in vqe.py:  [0.1 0.1 0.1 0.1 0.  0.  0.  0.  0.1 0.  0.  0.  0.  0.  0.  0.  0.  0.
 0.  0.  0.1 0.  0.  0.  0.  0. ]
[0.1, 0.1, 0.1, 0.1, 0.0, 0.0, 0.0, 0.0, 0.1, 0.0, 0.0]
[0.0, 0.0, 0.0, 0.0, 0.0, 0.0, 0.0, 0.0, 0.0, 0.6283185307179586, 0.0, 0.0, 0.0]
E for cur_iter:  -6.267731459576961
params in def chemistry in vqe.py:  [0.1 0.1 0.1 0.1 0.  0.  0.  0.  0.1 0.  0.  0.  0.  0.  0.  0.  0.  0.
 0.  0.  0.  0.1 0.  0.  0.  0. ]
[0.1, 0.1, 0.1, 0.1, 0.0, 0.0, 0.0, 0.0, 0.1, 0.0, 0.0]
[0.0, 0.0, 0.0, 0.0, 0.0, 0.0, 0.0, 0.0, 0.0, 0.0, 0.6283185307179586, 0.0, 0.0]
E for cur_iter:  -6.328843828302504
params in def chemistry in vqe.py:  [0.1 0.1 0.1 0.1 0.  0.  0.  0.  0.1 0.  0.  0.  0.  0.  0.  0.  0.  0.
 0.  0.  0.  0.1 0.1 0.  0.  0. ]
[0.1, 0.1, 0.1, 0.1, 0.0, 0.0, 0.0, 0.0, 0.1, 0.0, 0.0]
[0.0, 0.0, 0.0, 0.0, 0.0, 0.0, 0.0, 0.0, 0.0, 0.0, 0.6283185307179586, 0.6283185307179586, 0.0]
E for cur_iter:  -6.328843828302504
params in def chemistry in vqe.py:  [0.1 0.1 0.1 0.1 0.  0.  0.  0.  0.1 0.  0.  0.  0.  0.  0.  0.  0.  0.
 0.  0.  0.  0.1 0.  0.1 0.  0. ]
[0.1, 0.1, 0.1, 0.1, 0.0, 0.0, 0.0, 0.0, 0.1, 0.0, 0.0]
[0.0, 0.0, 0.0, 0.0, 0.0, 0.0, 0.0, 0.0, 0.0, 0.0, 0.6283185307179586, 0.0, 0.6283185307179586]
E for cur_iter:  -6.328843828302504
params in def chemistry in vqe.py:  [0.1 0.1 0.1 0.1 0.  0.  0.  0.  0.1 0.  0.  0.  0.  0.  0.  0.  0.  0.
 0.  0.  0.  0.1 0.  0.  0.1 0. ]
[0.1, 0.1, 0.1, 0.1, 0.0, 0.0, 0.0, 0.0, 0.1, 0.0, 0.0]
[0.0, 0.0, 0.0, 0.0, 0.0, 0.0, 0.0, 0.0, 0.0, 0.0, 0.6283185307179586, 0.0, 0.0]
E for cur_iter:  -6.328843828302504
params in def chemistry in vqe.py:  [0.1 0.1 0.1 0.1 0.  0.  0.  0.  0.1 0.  0.  0.  0.  0.  0.  0.  0.  0.
 0.  0.  0.  0.1 0.  0.  0.  0.1]
[0.1, 0.1, 0.1, 0.1, 0.0, 0.0, 0.0, 0.0, 0.1, 0.0, 0.0]
[0.0, 0.0, 0.0, 0.0, 0.0, 0.0, 0.0, 0.0, 0.0, 0.0, 0.6283185307179586, 0.0, 0.0]
E for cur_iter:  -6.328843828302504
params in def chemistry in vqe.py:  [ 1.48204612e-01  1.82731328e-01  1.25462543e-01  1.09117193e-01
  5.98784393e-20  7.89214968e-18 -1.02314320e-18  5.46713423e-18
  1.10017546e-01  7.35689219e-18  3.54009311e-18  2.51414418e-19
 -2.42646517e-19 -3.45683406e-20  8.58835535e-19  0.00000000e+00
  0.00000000e+00  0.00000000e+00  0.00000000e+00 -3.51314314e-19
 -6.93889390e-19  1.00164838e-01  0.00000000e+00  0.00000000e+00
  0.00000000e+00  0.00000000e+00]
[0.14820461217036457, 0.1827313280209381, 0.12546254344893454, 0.10911719271512217, 5.987843925232993e-20, 7.892149675530643e-18, -1.0231432007692205e-18, 5.467134225521075e-18, 0.11001754639834631, 7.356892189678102e-18, 3.54009310636055e-18]
[1.579683378567269e-18, -1.5245930323519023e-18, -2.1719929005189837e-19, 5.396222811744748e-18, 0.0, 0.0, 0.0, 0.0, -2.2073729387672464e-18, -4.3598356225107874e-18, 0.6293542402063763, 0.0, 0.0]
E for cur_iter:  -6.271790978083357
params in def chemistry in vqe.py:  [0.05679849 0.12517199 0.1        0.1        0.         0.
 0.         0.         0.1        0.         0.         0.
 0.         0.         0.         0.         0.         0.
 0.         0.         0.         0.1        0.         0.
 0.         0.        ]
[0.056798485417313554, 0.12517199113621985, 0.1, 0.1, 0.0, 0.0, 0.0, 0.0, 0.1, 0.0, 0.0]
[0.0, 0.0, 0.0, 0.0, 0.0, 0.0, 0.0, 0.0, 0.0, 0.0, 0.6283185307179586, 0.0, 0.0]
E for cur_iter:  -6.656613714368442
params in def chemistry in vqe.py:  [ 0.00000000e+00  1.26347144e-01  1.72653629e-01  1.26014571e-01
 -1.26644575e-18  1.48641184e-17 -1.84307741e-18  6.77820563e-18
  1.28583598e-01  3.96759674e-18  1.67521726e-18  1.15812016e-18
 -4.92496477e-18 -6.43614178e-20  2.99353026e-18  0.00000000e+00
  0.00000000e+00  0.00000000e+00  0.00000000e+00 -1.42001059e-18
 -6.93520010e-19  1.00470342e-01  0.00000000e+00  0.00000000e+00
  0.00000000e+00  0.00000000e+00]
[0.0, 0.12634714367038033, 0.17265362949957658, 0.1260145708903422, -1.266445750958931e-18, 1.4864118409507555e-17, -1.8430774094450047e-18, 6.778205632071529e-18, 0.12858359794181226, 3.96759673984325e-18, 1.6752172629510405e-18]
[7.27668356903696e-18, -3.0944466287597764e-17, -4.043947149041632e-19, 1.8808905350934222e-17, 0.0, 0.0, 0.0, 0.0, -8.922189692623692e-18, -4.357514734982432e-18, 0.631273775687559, 0.0, 0.0]
E for cur_iter:  -5.6847813112298855
params in def chemistry in vqe.py:  [ 4.78181326e-02  1.40817887e-01  5.47742236e-02  1.07649849e-01
  2.20520423e-20  9.90390690e-19 -1.44645680e-18 -9.16342225e-19
  1.08405298e-01  4.39215390e-18  5.55758701e-19  4.81612178e-19
 -2.74401812e-19  6.73545490e-19  1.91184127e-19  0.00000000e+00
  0.00000000e+00  0.00000000e+00  0.00000000e+00  3.38657787e-19
 -1.73472348e-19  1.00138309e-01  0.00000000e+00  0.00000000e+00
  0.00000000e+00  0.00000000e+00]
[0.04781813263345049, 0.1408178867780243, 0.05477422358603155, 0.10764984946740644, 2.205204233434497e-20, 9.903906895429105e-19, -1.446456797251254e-18, -9.163422250169894e-19, 0.10840529803137784, 4.392153898403399e-18, 5.557587006512031e-19]
[3.0260585604373486e-18, -1.7241174313173835e-18, 4.232011128972931e-18, 1.2012452998903496e-18, 0.0, 0.0, 0.0, 0.0, 2.1278496302170355e-18, -1.0899589056276974e-18, 0.6291875505934756, 0.0, 0.0]
E for cur_iter:  -6.74781626750197
params in def chemistry in vqe.py:  [ 4.78181326e-02  1.40817887e-01  5.47742236e-02  1.07649849e-01
 -2.50000000e-02  9.90390690e-19 -1.44645680e-18 -9.16342225e-19
  1.08405298e-01  4.39215390e-18  5.55758701e-19  4.81612178e-19
 -2.74401812e-19  6.73545490e-19  1.91184127e-19  0.00000000e+00
  0.00000000e+00  0.00000000e+00  0.00000000e+00  3.38657787e-19
 -1.73472348e-19  1.00138309e-01  0.00000000e+00  0.00000000e+00
  0.00000000e+00  0.00000000e+00]
[0.04781813263345049, 0.1408178867780243, 0.05477422358603155, 0.10764984946740644, -0.025000000000000005, 9.903906895429105e-19, -1.446456797251254e-18, -9.163422250169894e-19, 0.10840529803137784, 4.392153898403399e-18, 5.557587006512031e-19]
[3.0260585604373486e-18, -1.7241174313173835e-18, 4.232011128972931e-18, 1.2012452998903496e-18, 0.0, 0.0, 0.0, 0.0, 2.1278496302170355e-18, -1.0899589056276974e-18, 0.6291875505934756, 0.0, 0.0]
E for cur_iter:  -6.620739184027782
params in def chemistry in vqe.py:  [ 4.29249253e-02  1.49343010e-01  4.88080182e-02  5.96586046e-02
  6.60626267e-03 -3.33922871e-18 -1.44645680e-18 -6.90399991e-19
  1.12985170e-01 -1.52826564e-18 -6.82483278e-19 -1.44645680e-18
 -2.18091804e-18 -2.10770198e-18 -1.61683469e-18  0.00000000e+00
  0.00000000e+00  0.00000000e+00  0.00000000e+00 -1.61350583e-18
 -1.51271816e-18  1.00213670e-01  0.00000000e+00  0.00000000e+00
  0.00000000e+00  0.00000000e+00]
[0.042924925298424836, 0.14934300969469774, 0.04880801815846421, 0.059658604630670235, 0.006606262667584515, -3.3392287071857948e-18, -1.4464567972512563e-18, -6.903999908885676e-19, 0.11298516999967287, -1.5282656376968501e-18, -6.824832782015996e-19]
[-9.08835609595912e-18, -1.3703112165289429e-17, -1.3243082102176708e-17, -1.0158871974414804e-17, 0.0, 0.0, 0.0, 0.0, -1.0137956095689212e-17, -9.504688503974941e-18, 0.6296610614378162, 0.0, 0.0]
E for cur_iter:  -6.694354427763594
params in def chemistry in vqe.py:  [ 4.78181326e-02  1.40817887e-01  5.47742236e-02  1.07649849e-01
  2.20520423e-20 -2.50000000e-02  5.93564470e-18  6.46575927e-18
  1.08405298e-01  4.39215390e-18  5.55758701e-19  4.81612178e-19
 -2.74401812e-19  6.73545490e-19  1.91184127e-19  0.00000000e+00
  0.00000000e+00  0.00000000e+00  0.00000000e+00  3.38657787e-19
 -1.73472348e-19  1.00138309e-01  0.00000000e+00  0.00000000e+00
  0.00000000e+00  0.00000000e+00]
[0.04781813263345049, 0.1408178867780243, 0.05477422358603155, 0.10764984946740644, 2.2052042334344634e-20, -0.025, 5.9356447018048176e-18, 6.465759274039082e-18, 0.10840529803137786, 4.392153898403399e-18, 5.557587006512031e-19]
[3.0260585604373486e-18, -1.7241174313173835e-18, 4.232011128972931e-18, 1.2012452998903496e-18, 0.0, 0.0, 0.0, 0.0, 2.1278496302170355e-18, -1.0899589056276974e-18, 0.6291875505934756, 0.0, 0.0]
E for cur_iter:  -6.730863368690057
params in def chemistry in vqe.py:  [ 4.20493319e-02  1.50868500e-01  4.77404219e-02  1.09148024e-01
  7.78839116e-03  1.03902138e-03 -1.44645680e-18  8.30254370e-19
  6.09475197e-02 -2.65658525e-18 -1.45086477e-18 -1.61992914e-18
 -1.50645688e-18 -9.93664606e-19 -1.49563446e-18  0.00000000e+00
  0.00000000e+00  0.00000000e+00  0.00000000e+00 -2.32664904e-19
 -1.34705611e-18  1.00227156e-01  0.00000000e+00  0.00000000e+00
  0.00000000e+00  0.00000000e+00]
[0.04204933192877963, 0.15086850015323983, 0.04774042188537642, 0.10914802376700375, 0.007788391155880288, 0.0010390213842140035, -1.446456797251257e-18, 8.302543699980027e-19, 0.06094751973718199, -2.6565852543699135e-18, -1.450864770691614e-18]
[-1.0178315001586812e-17, -9.465347753502847e-18, -6.2433788547196275e-18, -9.397348444632825e-18, 0.0, 0.0, 0.0, 0.0, -1.461876706456601e-18, -8.463803185884085e-18, 0.6297457917440086, 0.0, 0.0]
E for cur_iter:  -6.2952424163732115
params in def chemistry in vqe.py:  [ 4.78181326e-02  1.40817887e-01  5.47742236e-02  1.07649849e-01
  2.20520423e-20  8.37249219e-18  2.50000000e-02 -6.07688870e-19
  1.08405298e-01  4.39215390e-18  5.55758701e-19  4.81612178e-19
 -2.74401812e-19  6.73545490e-19  1.91184127e-19  0.00000000e+00
  0.00000000e+00  0.00000000e+00  0.00000000e+00  3.38657787e-19
 -1.73472348e-19  1.00138309e-01  0.00000000e+00  0.00000000e+00
  0.00000000e+00  0.00000000e+00]
[0.04781813263345049, 0.1408178867780243, 0.05477422358603155, 0.10764984946740644, 2.2052042334344962e-20, 8.372492188598981e-18, 0.025, -6.076888698371167e-19, 0.10840529803137784, 4.392153898403399e-18, 5.557587006512031e-19]
[3.0260585604373486e-18, -1.7241174313173835e-18, 4.232011128972931e-18, 1.2012452998903496e-18, 0.0, 0.0, 0.0, 0.0, 2.1278496302170355e-18, -1.0899589056276974e-18, 0.6291875505934756, 0.0, 0.0]
E for cur_iter:  -6.540549079643052
params in def chemistry in vqe.py:  [ 2.44801037e-02  1.43940210e-01  6.26506027e-02  1.19162588e-01
  1.68547032e-02  2.24852561e-03 -1.44645680e-18  9.11763560e-03
  1.45536173e-01  1.50309874e-18 -3.23761349e-18 -2.14034619e-18
 -2.36366256e-19 -1.95318822e-18 -8.58975003e-19  0.00000000e+00
  0.00000000e+00  0.00000000e+00  0.00000000e+00 -2.51395782e-18
 -1.60502264e-18  1.00330580e-01  0.00000000e+00  0.00000000e+00
  0.00000000e+00  0.00000000e+00]
[0.024480103700854693, 0.14394020960122123, 0.06265060271475764, 0.1191625884907088, 0.01685470316553017, 0.002248525614990966, -1.4464567972512536e-18, 0.009117635604194695, 0.14553617284035367, 1.5030987370446636e-18, -3.2376134925727505e-18]
[-1.3448191718469903e-17, -1.4851329895618695e-18, -1.2272243527328112e-17, -5.397099116796113e-18, 0.0, 0.0, 0.0, 0.0, -1.5795662850993544e-17, -1.008465467748909e-17, 0.6303956292195616, 0.0, 0.0]
E for cur_iter:  -6.423786225595389
params in def chemistry in vqe.py:  [ 5.23263774e-02  1.35446467e-01  5.16075437e-02  1.06515979e-01
  1.01927589e-19  7.51744036e-18 -1.74024747e-18  2.25503227e-02
  1.07159454e-01  4.39215390e-18  5.55758701e-19  4.81612178e-19
 -2.74401812e-19  6.73545490e-19  1.91184127e-19  0.00000000e+00
  0.00000000e+00  0.00000000e+00  0.00000000e+00  3.38657787e-19
 -1.73472348e-19  1.03438032e-01 -3.29972339e-03 -3.29972339e-03
 -3.29972339e-03 -3.29972339e-03]
[0.052326377418391086, 0.13544646680655684, 0.051607543714378, 0.10651597881874696, 1.0192758900924045e-19, 7.517440363766873e-18, -1.7402474672429817e-18, 0.02255032266757494, 0.10715945381292345, 4.392153898403399e-18, 5.557587006512031e-19]
[3.0260585604373486e-18, -1.7241174313173835e-18, 4.232011128972931e-18, 1.2012452998903496e-18, 0.0, 0.0, 0.0, 0.0, 2.1278496302170355e-18, -1.0899589056276974e-18, 0.6499203240982923, -0.020732773504816598, -0.020732773504816598]
E for cur_iter:  -6.6484409613133035
params in def chemistry in vqe.py:  [ 6.65282748e-02  1.06388683e-01  3.74443521e-02  1.05718596e-01
  8.28712555e-03  1.10555575e-03 -1.44645680e-18  1.80187483e-18
  1.18320257e-01 -1.27287081e-18 -4.02861266e-18 -1.61992914e-18
 -1.54941251e-18 -9.75165949e-19 -1.21965627e-18  0.00000000e+00
  0.00000000e+00  0.00000000e+00  0.00000000e+00 -1.60202785e-18
 -1.36703843e-18  1.22326171e-01 -5.86137146e-18 -2.23287345e-19
 -4.28780291e-18  8.10152102e-18]
[0.0665282747586356, 0.10638868336374782, 0.037444352080000395, 0.10571859591399119, 0.008287125551512543, 0.0011055557546293786, -1.4464567972512532e-18, 1.8018748321803706e-18, 0.11832025724368306, -1.2728708052731228e-18, -4.028612658971187e-18]
[-1.0178315001586816e-17, -9.735245903261588e-18, -6.127148364130893e-18, -7.663326329324715e-18, 0.0, 0.0, 0.0, 0.0, -1.0065837820262609e-17, -8.589355786686116e-18, 0.7685980001665454, -3.6828083023019377e-17, -1.4029557674377659e-18]
E for cur_iter:  -6.627454049236442
params in def chemistry in vqe.py:  [ 4.78181326e-02  1.40817887e-01  5.47742236e-02  1.07649849e-01
  2.20520423e-20  9.90390690e-19 -1.44645680e-18 -1.86250779e-18
  1.08405298e-01 -2.50000000e-02  5.55758701e-19  4.81612178e-19
 -2.74401812e-19  6.73545490e-19  1.91184127e-19  0.00000000e+00
  0.00000000e+00  0.00000000e+00  0.00000000e+00  3.38657787e-19
 -1.73472348e-19  1.00138309e-01 -2.86526111e-18 -2.86526111e-18
 -2.86526111e-18 -2.86526111e-18]
[0.04781813263345051, 0.14081788677802431, 0.05477422358603155, 0.10764984946740644, 2.205204233434476e-20, 9.903906895429128e-19, -1.4464567972512543e-18, -1.862507785294333e-18, 0.10840529803137784, -0.025, 5.557587006512031e-19]
[3.0260585604373486e-18, -1.7241174313173835e-18, 4.232011128972931e-18, 1.2012452998903496e-18, 0.0, 0.0, 0.0, 0.0, 2.1278496302170355e-18, -1.0899589056276974e-18, 0.6291875505934756, -1.8002966501826944e-17, -1.8002966501826944e-17]
E for cur_iter:  -6.6494538874134586
params in def chemistry in vqe.py:  [ 8.34311302e-02  1.71557824e-01  5.92540670e-02  1.11495923e-01
  4.34723851e-03  5.79949528e-04 -1.44645680e-18  7.38288471e-19
  1.18945485e-01  3.36492399e-03 -2.92360568e-18 -1.53319297e-18
 -1.23678246e-18 -1.96406681e-18 -1.30100246e-18  0.00000000e+00
  0.00000000e+00  0.00000000e+00  0.00000000e+00 -1.40316687e-18
 -1.62011918e-18  1.10638608e-01  3.73442963e-19  1.32718284e-18
  4.60351681e-18 -1.61337082e-18]
[0.08343113022172645, 0.17155782418515744, 0.059254067031580086, 0.11149592271537727, 0.004347238511113126, 0.0005799495280761628, -1.4464567972512524e-18, 7.382884706336609e-19, 0.11894548542326346, 0.003364923990031493, -2.9236056809365245e-18]
[-9.633335548772965e-18, -7.770933357645114e-18, -1.234059572799558e-17, -8.174439552788406e-18, 0.0, 0.0, 0.0, 0.0, -8.816357435566456e-18, -1.0179509034449127e-17, 0.6951628771830887, 2.346411337645767e-18, 8.338935708653717e-18]
E for cur_iter:  -6.409417614286768
params in def chemistry in vqe.py:  [ 4.78181326e-02  1.40817887e-01  5.47742236e-02  1.07649849e-01
  2.20520423e-20  9.90390690e-19 -1.44645680e-18 -1.65380530e-18
  1.08405298e-01  4.39215390e-18 -2.50000000e-02 -1.46960505e-17
 -1.54520645e-17 -1.45041172e-17 -1.49864785e-17 -1.51776627e-17
 -1.51776627e-17 -1.51776627e-17 -1.51776627e-17 -1.48390049e-17
 -1.53511350e-17  1.00138309e-01 -2.06661564e-18 -2.06661564e-18
 -2.06661564e-18 -2.06661564e-18]
[0.04781813263345049, 0.1408178867780243, 0.05477422358603155, 0.10764984946740644, 2.205204233434547e-20, 9.903906895429113e-19, -1.4464567972512541e-18, -1.6538052970441185e-18, 0.10840529803137784, 4.3921538984034e-18, -0.025]
[-9.233800849581398e-17, -9.708818448756871e-17, -9.11320559272784e-17, -9.416282175636097e-17, -9.536406705625132e-17, -9.536406705625132e-17, -9.536406705625132e-17, -9.536406705625132e-17, -9.323621742603428e-17, -9.645402596187902e-17, 0.6291875505934755, -1.298492901245821e-17, -1.298492901245821e-17]
E for cur_iter:  -6.649438081911766
params in def chemistry in vqe.py:  [ 6.20453308e-02  1.28993488e-01  4.69520193e-02  1.07020480e-01
  4.21047062e-03  5.61703814e-04 -1.44645680e-18 -8.20178790e-18
  1.13829424e-01  3.25906057e-03  3.25958425e-03 -4.09461770e-18
  6.79524196e-19 -5.97654337e-18 -4.60112851e-18 -2.76001162e-18
  1.46485576e-18 -1.17267525e-18 -1.25920883e-18 -2.75598901e-18
 -9.05814178e-19  5.51108021e-02 -5.44542906e-19 -3.82228705e-18
 -6.23933400e-19  1.32910076e-18]
[0.06204533078891795, 0.1289934882710432, 0.046952019284588684, 0.10702048005488062, 0.0042104706231790206, 0.0005617038137311623, -1.446456797251254e-18, -8.201787895234964e-18, 0.1138294242416479, 0.003259060567539468, 0.003259584254413508]
[-2.5727241790089716e-17, 4.26957644495239e-18, -3.7551729471527644e-17, -2.890974307554961e-17, -1.7341664429271262e-17, 9.203960163663763e-18, -7.368135913880038e-18, -7.911842395275607e-18, -1.7316389668799553e-17, -5.6913983341822084e-18, 0.3462713819025935, -3.4214639834989967e-18, -2.401613784739697e-17]
E for cur_iter:  -6.7576148625566015
params in def chemistry in vqe.py:  [ 6.20453308e-02  1.28993488e-01  4.69520193e-02  1.07020480e-01
  4.21047062e-03  5.61703814e-04 -1.44645680e-18 -7.46199443e-18
  1.13829424e-01  3.25906057e-03  3.25958425e-03 -2.50000000e-02
  4.09803537e-18 -2.55803220e-18 -1.18261734e-18  6.58499555e-19
  4.88336693e-18  2.24583592e-18  2.15930234e-18  6.62522158e-19
  2.51269699e-18  5.51108021e-02  5.27109114e-19 -2.75063503e-18
  4.47718620e-19  2.40075278e-18]
[0.06204533078891795, 0.1289934882710432, 0.046952019284588684, 0.10702048005488062, 0.0042104706231790206, 0.0005617038137311623, -1.446456797251254e-18, -7.461994432634728e-18, 0.1138294242416479, 0.003259060567539468, 0.003259584254413523]
[-0.15707963267948968, 2.5748715603385506e-17, -1.6072590313094527e-17, -7.430603917116492e-18, 4.137474729161857e-18, 3.068309932209688e-17, 1.411100324455308e-17, 1.3567296763157511e-17, 4.162749489633564e-18, 1.578774082425091e-17, 0.3462713819025935, 3.3119242403520857e-18, -1.7282749623545886e-17]
E for cur_iter:  -6.7587957256774605
params in def chemistry in vqe.py:  [ 4.81662608e-02  1.26303336e-01  3.76887767e-02  1.10731497e-01
  1.78374107e-02  2.37962511e-03 -7.05571407e-18 -2.11071880e-17
  7.99427644e-02  1.38068181e-02  1.38090366e-02  0.00000000e+00
  5.64485220e-18 -4.46706354e-18 -3.73581119e-18 -4.15131253e-19
  4.80442517e-18 -1.80018571e-18 -5.62803322e-19  5.18585149e-19
 -4.71305218e-20  5.11478490e-02  2.43063844e-18 -9.78074661e-19
 -9.28018482e-19  3.00167862e-18]
[0.0481662607616386, 0.12630333597064689, 0.03768877669351946, 0.1107314972653175, 0.01783741071886945, 0.0023796251119104495, -7.05571406752338e-18, -2.110718800160973e-17, 0.07994276435506409, 0.013806818074170741, 0.013809036642756449]
[0.0, 3.5467652415502345e-17, -2.8067387978907195e-17, -2.3472793956200865e-17, -2.6083465918366373e-18, 3.0187093650206467e-17, -1.1310900373830728e-17, -3.536197562146309e-18, 3.2583665869220283e-18, -2.9612980217600645e-19, 0.3213714133154303, 1.527215174251658e-17, -6.145424341130796e-18]
E for cur_iter:  -6.617118866869759
params in def chemistry in vqe.py:  [ 6.20453308e-02  1.28993488e-01  4.69520193e-02  1.07020480e-01
  4.21047062e-03  5.61703814e-04 -1.44645680e-18 -7.35698227e-18
  1.13829424e-01  3.25906057e-03  3.25958425e-03 -2.50000000e-02
 -2.50000000e-02 -2.27019968e-18 -8.94784824e-19  9.46332075e-19
  5.17119945e-18  2.53366844e-18  2.44713486e-18  9.50354678e-19
  2.80052951e-18  5.51108021e-02  3.45870196e-19 -2.93187395e-18
  2.66479701e-19  2.21951387e-18]
[0.06204533078891795, 0.1289934882710432, 0.046952019284588684, 0.10702048005488062, 0.0042104706231790206, 0.0005617038137311623, -1.446456797251254e-18, -7.356982271721687e-18, 0.1138294242416479, 0.003259060567539468, 0.0032595842544135382]
[-0.1570796326794897, -0.15707963267948966, -1.426408525578737e-17, -5.622098859809333e-18, 5.945979786469016e-18, 3.2491604379404044e-17, 1.591950830186024e-17, 1.537580182046467e-17, 5.9712545469407235e-18, 1.759624588155807e-17, 0.3462713819025935, 2.173166530616888e-18, -1.8421507333281084e-17]
E for cur_iter:  -6.764932614874254
params in def chemistry in vqe.py:  [ 8.71578619e-02  1.50937802e-01  4.73992240e-02  1.10855576e-01
  1.13362121e-02  1.51232347e-03 -7.40302401e-18 -4.38964046e-18
  1.13886013e-01  8.77464897e-03  8.77605894e-03 -1.04083409e-17
 -1.38777878e-17 -2.53586185e-18 -1.58201307e-18  3.25664059e-18
  9.03954197e-18  7.21566552e-18  6.18160099e-18  5.97994987e-18
  8.23247957e-18  5.83300635e-02 -1.37601443e-19  1.03368522e-18
 -2.48766063e-18  2.02478542e-19]
[0.08715786192463804, 0.150937801943053, 0.04739922403496168, 0.11085557611963319, 0.011336212065205957, 0.0015123234716891746, -7.403024013338601e-18, -4.38964046078963e-18, 0.11388601313815529, 0.008774648972395199, 0.00877605893959096]
[-6.539753433766185e-17, -8.71967124502158e-17, -1.5933289929500438e-17, -9.940081251513989e-18, 2.0462076330421355e-17, 5.679711727641103e-17, 4.5337363597216305e-17, 3.8840144485357516e-17, 3.7573133163973213e-17, 5.172619466946196e-17, 0.3664985978367632, -8.645753627268746e-19, 6.494835778196409e-18]
E for cur_iter:  -6.6019509782679675
params in def chemistry in vqe.py:  [ 6.20453308e-02  1.28993488e-01  4.69520193e-02  1.07020480e-01
  4.21047062e-03  5.61703814e-04 -1.44645680e-18 -5.32451512e-18
  1.13829424e-01  3.25906057e-03  3.25958425e-03 -2.50000000e-02
 -2.50000000e-02 -2.50000000e-02  4.25868330e-18  6.09980020e-18
  1.03246676e-17  7.68713656e-18  7.60060299e-18  6.10382280e-18
  7.95399763e-18  5.51108021e-02  1.97123145e-18 -1.30651270e-18
  1.89184096e-18  3.84487512e-18]
[0.06204533078891795, 0.1289934882710432, 0.046952019284588684, 0.10702048005488062, 0.0042104706231790206, 0.0005617038137311623, -1.446456797251254e-18, -5.3245151239138196e-18, 0.1138294242416479, 0.003259060567539468, 0.0032595842544135534]
[-0.15707963267948974, -0.15707963267948966, -0.15707963267948968, 2.6758096323550174e-17, 3.832617496982852e-17, 6.487179956276355e-17, 4.8299703485219744e-17, 4.775599700382417e-17, 3.8351449730300235e-17, 4.997644106491758e-17, 0.34627138190259354, 1.238561248649258e-17, -8.209061377405392e-18]
E for cur_iter:  -6.764532465554129
params in def chemistry in vqe.py:  [ 4.29199979e-02  1.29420158e-01  5.26727025e-02  1.14057574e-01
  1.38835865e-02  1.85215957e-03  8.92884508e-18  3.85530918e-19
  1.37672182e-01  1.07464113e-02  1.07481381e-02 -1.73472348e-17
 -1.04083409e-17  3.04593922e-05 -1.20050844e-17 -7.20319092e-18
 -2.00242900e-18 -5.27176218e-18 -5.51506503e-18 -7.09688857e-18
 -8.77934420e-18  5.23263178e-02  2.13236850e-03  2.13236850e-03
  2.13236850e-03  2.13236850e-03]
[0.04291999790900673, 0.1294201579977833, 0.052672702506581494, 0.11405757419676886, 0.013883586453903543, 0.00185215957011853, 8.928845079055798e-18, 3.855309177490744e-19, 0.13767218239577528, 0.010746411315364801, 0.01074813811805215]
[-1.0899589056276974e-16, -6.539753433766185e-17, 0.00019138200543704714, -7.543017016411785e-17, -4.525898337186662e-17, -1.2581632460920624e-17, -3.312345869795372e-17, -3.4652175543651754e-17, -4.459106602008498e-17, -5.516224649422859e-17, 0.328775951095582, 0.013398066402639946, 0.013398066402639908]
E for cur_iter:  -6.688371964871505
params in def chemistry in vqe.py:  [ 6.20453308e-02  1.28993488e-01  4.69520193e-02  1.07020480e-01
  4.21047062e-03  5.61703814e-04 -1.44645680e-18 -1.92290902e-17
  1.13829424e-01  3.25906057e-03  3.25958425e-03 -2.50000000e-02
 -2.50000000e-02 -7.42366780e-18 -2.50000000e-02  5.01702979e-18
  9.24189716e-18  6.60436615e-18  6.51783258e-18  5.02105239e-18
  6.87122722e-18  5.51108021e-02 -7.05017223e-18 -1.03279164e-17
 -7.12956273e-18 -5.17652856e-18]
[0.062045330788917955, 0.1289934882710432, 0.04695201928458868, 0.10702048005488062, 0.0042104706231790206, 0.0005617038137311623, -1.4464567972512538e-18, -1.922909017851322e-17, 0.1138294242416479, 0.003259060567539468, 0.0032595842544135534]
[-0.15707963267948974, -0.15707963267948966, -4.6644280439146803e-17, -0.15707963267948968, 3.152292784594709e-17, 5.806855243888212e-17, 4.149645636133831e-17, 4.095274987994274e-17, 3.1548202606418796e-17, 4.317319394103614e-17, 0.3462713819025936, -4.429753857403131e-17, -6.489221243792928e-17]
E for cur_iter:  -6.7638118174212085
params in def chemistry in vqe.py:  [ 7.19282182e-02  1.03435409e-01  3.54234469e-02  1.05962880e-01
  1.01638682e-02  1.35592528e-03  7.26525016e-18  2.01208384e-17
  1.23373065e-01  7.86721131e-03  7.86847547e-03 -3.46944695e-17
 -1.73472348e-17  1.87464800e-05  5.25079163e-05 -1.08005704e-17
 -6.84299523e-18 -7.85325952e-18 -9.25003251e-18 -1.27279841e-17
 -1.07272892e-17  6.90912084e-02 -1.50748674e-17 -2.43173133e-17
 -2.13267898e-17 -2.03539946e-17]
[0.07192821824252103, 0.10343540878753031, 0.03542344687891059, 0.10596287981861205, 0.010163868217438905, 0.00135592527556595, 7.265250156096846e-18, 2.0120838388219617e-17, 0.12337306483841579, 0.007867211313331238, 0.007868475467590782]
[-2.1799178112553949e-16, -1.0899589056276974e-16, 0.0001177876074981233, 0.0003299169681035594, -6.786198541876009e-17, -4.2995807084052145e-17, -4.9343484851018206e-17, -5.81196683412536e-17, -7.997228248982052e-17, -6.74015458153043e-17, 0.43411286578197067, -9.47181851376605e-17, -1.5279018586448782e-16]
E for cur_iter:  -6.627040360631905
params in def chemistry in vqe.py:  [ 6.20453308e-02  1.28993488e-01  4.69520193e-02  1.07020480e-01
  4.21047062e-03  5.61703814e-04 -1.44645680e-18 -1.05977901e-17
  1.13829424e-01  3.25906057e-03  3.25958425e-03 -2.50000000e-02
 -2.50000000e-02  2.88326844e-18  3.17591289e-18  2.50000000e-02
  1.64594449e-18 -9.91586519e-19 -1.07812009e-18 -2.57490028e-18
 -7.24725445e-19  5.51108021e-02 -3.47158291e-18 -6.74932705e-18
 -3.55097340e-18 -1.59793924e-18]
[0.06204533078891795, 0.1289934882710432, 0.046952019284588684, 0.10702048005488066, 0.0042104706231790206, 0.0005617038137311623, -1.446456797251254e-18, -1.0597790094300708e-17, 0.1138294242416479, 0.003259060567539468, 0.003259584254413523]
[-0.15707963267948968, -0.15707963267948966, 1.811610992757208e-17, 1.9954849199668735e-17, 0.15707963267948966, 1.0341774231540999e-17, -6.230321846002802e-18, -6.7740283273983736e-18, -1.6178575600922316e-17, -4.553584266304973e-18, 0.3462713819025935, -2.1812598704679144e-17, -4.240727256857712e-17]
E for cur_iter:  -6.765865488832161
params in def chemistry in vqe.py:  [ 5.77980260e-02  1.34665284e-01  4.35543356e-02  7.30692728e-02
  6.73067376e-03  8.97915092e-04  4.01749078e-20 -4.52633726e-17
  1.16748171e-01  5.20979135e-03  5.21062849e-03  2.01227923e-16
  1.73472348e-16  7.93579411e-06  2.22277469e-05  2.50185008e-02
  6.08112568e-04  6.08112568e-04  6.08112568e-04  1.34393044e-04
  3.33865657e-04  5.41101501e-02  1.63751400e-03  1.63751400e-03
  1.63751400e-03  1.63751400e-03]
[0.057798025991799076, 0.13466528356857735, 0.04355433555029625, 0.07306927282275145, 0.006730673757832501, 0.000897915092422685, 4.017490777699817e-20, -4.5263372609699063e-17, 0.11674817126182957, 0.005209791351201144, 0.005210628494080185]
[1.264352330528129e-15, 1.0899589056276975e-15, 4.9862064970552306e-05, 0.00013966105304164388, 0.15719587684025468, 0.003820883950778711, 0.003820883950778705, 0.003820883950778706, 0.00084441639998754, 0.002097739788644501, 0.3399841001674761, 0.010288803903637062, 0.010288803903637048]
E for cur_iter:  -6.736274675318781
params in def chemistry in vqe.py:  [ 6.19856930e-02  1.29126293e-01  4.66832833e-02  1.06678583e-01
  4.21047062e-03  5.61703814e-04 -1.45149801e-18  9.90273123e-05
  1.13878894e-01  3.25906057e-03  3.25958425e-03 -2.50000000e-02
 -2.50000000e-02 -2.21993316e-18 -1.07284070e-18  2.50000000e-02
 -2.49899672e-02  1.88579164e-04  1.88579164e-04  1.88579164e-04
  1.88579164e-04  5.51145064e-02  1.84874854e-04  1.84874854e-04
  1.84874854e-04  1.84874854e-04]
[0.06198569302394932, 0.12912629341424164, 0.04668328333446267, 0.10667858325957062, 0.0042104706231790206, 0.0005617038137311621, -1.45149801092484e-18, 9.902731225526201e-05, 0.11387889362173922, 0.003259060567539468, 0.003259584254413538]
[-0.1570796326794897, -0.15707963267948966, -1.3948251384986693e-17, -6.7408569020268924e-18, 0.15707963267948966, -0.1570165950450744, 0.001184877830936701, 0.0011848778309367005, 0.001184877830936691, 0.0011848778309367027, 0.346294656764745, 0.0011616029687851728, 0.0011616029687851522]
E for cur_iter:  -6.765740824661019
params in def chemistry in vqe.py:  [ 6.32288588e-02  1.19933539e-01  7.89935873e-02  9.75138719e-02
  8.48653808e-03  1.13215867e-03  1.61719078e-17  3.76666019e-17
  1.11822227e-01  6.56889552e-03  6.56995105e-03  1.38777878e-16
  1.63064007e-16  1.34647840e-05  3.77141604e-05  2.50313906e-02
 -5.97838368e-17  1.51403294e-16  1.49231290e-16  1.51355201e-16
  1.57138331e-16  5.28918486e-02  1.02289643e-16  1.04876759e-16
  9.54114177e-17  1.08915627e-16]
[0.06322885878849682, 0.11993353872317357, 0.07899358734448023, 0.0975138718955813, 0.00848653807624667, 0.001132158665722601, 1.617190782338371e-17, 3.766660186348328e-17, 0.11182222656425866, 0.006568895516562262, 0.006569951049065174]
[8.719671245021579e-16, 1.0245613712900357e-15, 8.460173318229499e-05, 0.00023696505855453728, 0.15727686593645201, -3.756329252280108e-16, 9.512949534808253e-16, 9.376478471920535e-16, 9.509927771707119e-16, 9.873292516310468e-16, 0.3323292862357672, 6.427047848413786e-16, 6.589601129612198e-16]
E for cur_iter:  -6.699032602322695
params in def chemistry in vqe.py:  [ 6.20033689e-02  1.29078465e-01  4.68495561e-02  1.06627182e-01
  4.31366565e-03  5.61703814e-04 -1.44920345e-18  4.06659713e-05
  1.13866092e-01  3.25906057e-03  3.25958425e-03 -2.50000000e-02
 -2.50000000e-02 -2.31316234e-18 -1.01245338e-18  2.50000000e-02
 -1.77341275e-04 -2.49947907e-02  7.77098879e-05  7.77098879e-05
  7.77098879e-05  5.51125924e-02  7.59196160e-05  7.59196160e-05
  7.59196160e-05  7.59196160e-05]
[0.06200336887187528, 0.12907846459528022, 0.04684955611547911, 0.10662718232899765, 0.004313665651174477, 0.0005617038137311622, -1.4492034520236268e-18, 4.066597129317448e-05, 0.1138660916912839, 0.003259060567539468, 0.0032595842544135382]
[-0.1570796326794897, -0.15707963267948966, -1.4534027648647634e-17, -6.361432228436075e-18, 0.15707963267948966, -0.0011142680951141458, -0.15704690194377105, 0.00048826562585227765, 0.00048826562585226827, 0.00048826562585227993, 0.3462826305125651, 0.000477017015880682, 0.0004770170158806614]
E for cur_iter:  -6.766560401818315
params in def chemistry in vqe.py:  [ 5.19039989e-02  1.30455643e-01  4.59563480e-02  1.05353368e-01
  1.12757026e-17  3.06740601e-03  1.11344383e-17  3.32714542e-18
  1.16178024e-01  1.77973903e-02  1.78002501e-02  1.38777878e-17
  6.93889390e-18  5.91435744e-05  1.65658079e-04  2.51378823e-02
 -1.30104261e-18 -3.46944695e-18 -2.00577402e-18 -3.86247024e-18
 -7.19639192e-18  4.70010811e-02  2.84603070e-19 -1.81603864e-18
 -2.64274280e-18 -2.50721752e-18]
[0.0519039989342697, 0.1304556425007004, 0.04595634798652369, 0.10535336752274982, 1.1275702593849246e-17, 0.0030674060127757054, 1.113443826398782e-17, 3.3271454168148917e-18, 0.11617802357901316, 0.017797390255312358, 0.017800250054776215]
[8.71967124502158e-17, 4.35983562251079e-17, 0.0003716100373897556, 0.0010408604050666027, 0.15794597259047494, -8.17469179220773e-18, -2.179917811255395e-17, -1.2602649846320252e-17, -2.42686162581167e-17, -4.521626397564901e-17, 0.2953165019465938, 1.788213829545441e-18, -1.1410507293289957e-17]
E for cur_iter:  -6.7229987364073835
params in def chemistry in vqe.py:  [ 6.19611632e-02  1.29163934e-01  4.67464978e-02  1.06231600e-01
  4.45878031e-03  5.61703814e-04 -1.45288355e-18  8.15681321e-05
  1.13902972e-01  3.25906057e-03  3.20621003e-03 -2.50000000e-02
 -2.50000000e-02 -7.57499041e-18 -5.25469436e-18  2.50000000e-02
 -3.55712555e-04 -2.50620920e-02 -2.49167890e-02  1.55871118e-04
  1.55871118e-04  5.51143930e-02  1.52280176e-04  1.52280176e-04
  1.52280176e-04  1.52280176e-04]
[0.061961163238456254, 0.12916393446517194, 0.0467464978364688, 0.10623160031528084, 0.0044587803091158664, 0.0005617038137311621, -1.4528835537581932e-18, 8.156813206156442e-05, 0.11390297210683245, 0.003259060567539468, 0.0032062100303427155]
[-0.15707963267948974, -0.15707963267948966, -4.759506845184269e-17, -3.301621842479665e-17, 0.15707963267948963, -0.0022350079008072567, -0.15746976829439754, -0.15655680272961803, 0.000979367116636903, 0.0009793671166369146, 0.34629394445488215, 0.0009568045643482574, 0.0009568045643482368]
E for cur_iter:  -6.766248981024778
params in def chemistry in vqe.py:  [ 4.96115504e-02  1.30699760e-01  4.58389347e-02  1.05399515e-01
 -2.60208521e-18  3.64517001e-03  1.43521391e-17  1.61275073e-18
  1.16679422e-01  2.11496336e-02 -4.33680869e-18  6.93889390e-18
  1.04083409e-17  7.27808804e-05  2.03855464e-04  2.51696751e-02
  1.62630326e-18  1.73472348e-17  6.77626358e-20  4.33680869e-19
 -4.82469967e-18  4.51291844e-02 -5.96311195e-19  7.86046575e-19
  5.28548559e-19  1.38235777e-18]
[0.04961155041870029, 0.13069976043789888, 0.045838934693714035, 0.10539951533605735, -2.6020852139652106e-18, 0.003645170005479465, 1.4352139103294578e-17, 1.6127507315721878e-18, 0.11667942233047955, 0.021149633554956727, -4.336808689942018e-18]
[4.35983562251079e-17, 6.539753433766185e-17, 0.0004572957581479086, 0.001280861656495111, 0.15814573296351508, 1.0218364740259663e-17, 1.0899589056276974e-16, 4.257651975108193e-19, 2.7248972640692436e-18, -3.0314482062770337e-17, 0.28355502835355634, -3.7467337380952095e-18, 4.938876291125504e-18]
E for cur_iter:  -6.756318729749055
params in def chemistry in vqe.py:  [ 6.19935613e-02  1.29098326e-01  4.68256078e-02  1.06535258e-01
  4.34738691e-03  5.61703814e-04 -1.45005862e-18  5.01706790e-05
  1.13874662e-01  3.24723102e-03  3.25900898e-03 -2.50000000e-02
 -2.50000000e-02 -7.54607615e-18 -5.16412760e-18  2.50000000e-02
 -3.64751106e-04 -2.50693471e-02  3.21028322e-06 -2.49211146e-02
  9.58727339e-05  5.51130108e-02  9.36640283e-05  9.36640283e-05
  9.36640283e-05  9.36640283e-05]
[0.061993561267512445, 0.12909832579865368, 0.046825607776241764, 0.1065352582996844, 0.004347386911514549, 0.0005617038137311622, -1.4500586217937206e-18, 5.0170679027762216e-05, 0.11387466183927447, 0.003247231019133192, 0.003259008978059281]
[-0.15707963267948974, -0.15707963267948966, -4.741339476297757e-17, -3.244717067857116e-17, 0.15707963267948963, -0.002291798789401497, -0.15751535363750557, 2.017080436132926e-05, -0.15658398084489142, 0.0006023861527447113, 0.34628525960875534, 0.0005885084465828525, 0.0005885084465828319]
E for cur_iter:  -6.760996469483274
params in def chemistry in vqe.py:  [ 4.39764964e-02  1.31408374e-01  4.54150680e-02  1.04981527e-01
 -2.60208521e-18  5.05110908e-03  1.50153339e-17  4.60785923e-19
  1.17948972e-01 -4.77048956e-18 -7.80625564e-18  3.81639165e-17
  2.77555756e-17  1.05966094e-04  2.96805522e-04  2.52470403e-02
 -8.13151629e-19  0.00000000e+00 -1.61275073e-18  1.45340018e-03
 -1.38235777e-18  4.05764984e-02 -2.18195687e-18 -7.72494048e-19
 -2.75116301e-18 -1.31459513e-18]
[0.04397649635504057, 0.1314083744106005, 0.04541506800860531, 0.10498152711435693, -2.6020852139652106e-18, 0.005051109075661673, 1.501533391037411e-17, 4.607859233063394e-19, 0.11794897201791571, -4.7704895589362195e-18, -7.806255641895632e-18]
[2.397909592380934e-16, 1.743934249004316e-16, 0.0006658046027495224, 0.0018648840956528672, 0.1586318326801442, -5.109182370129831e-18, 0.0, -1.0133211700757499e-17, 0.009131982631062989, -8.685610029220714e-18, 0.25494965873739234, -1.3709639359848381e-17, -4.85372325162334e-18]
E for cur_iter:  -6.739682682319615
params in def chemistry in vqe.py:  [ 6.20139123e-02  1.29157535e-01  4.67942260e-02  1.06410480e-01
  4.42483991e-03  5.61703814e-04 -1.45302906e-18  6.07138001e-05
  1.13891737e-01  3.26285832e-03  3.25960826e-03 -2.50000000e-02
 -2.50000000e-02 -7.57742531e-18 -5.20085009e-18  2.50000000e-02
 -3.61982125e-04 -2.50665972e-02  6.08655428e-06  6.25391542e-05
 -2.49198880e-02  5.51215622e-02  1.13306811e-04  1.13306811e-04
  1.13306811e-04  1.13306811e-04]
[0.06201391234013777, 0.1291575350518653, 0.046794225967904925, 0.1064104802880708, 0.0044248399055057015, 0.0005617038137311622, -1.4530290600937033e-18, 6.071380013961956e-05, 0.11389173705019395, 0.0032628583236346477, 0.0032596082620610454]
[-0.15707963267948974, -0.15707963267948966, -4.7610367386309336e-17, -3.267790488514343e-17, 0.15707963267948963, -0.0022744007692828173, -0.15749807548960515, 3.8242948413878036e-05, 0.0003929450945573778, -0.15657627432148447, 0.3463389894303047, 0.0007119276876588865, 0.0007119276876588659]
E for cur_iter:  -6.756145338554879
params in def chemistry in vqe.py:  [ 7.37194520e-02  1.49574285e-01  4.75071564e-02  1.08484193e-01
  1.17763295e-03  2.88294074e-03  9.80346917e-18 -3.86924650e-18
  1.19078754e-01  4.54659260e-03 -1.12757026e-17  4.51028104e-17
  4.85722573e-17  5.47895312e-05  1.53462630e-04  2.51277316e-02
 -1.68051337e-18  2.42861287e-17 -1.53143557e-18  8.04812420e-04
  1.46423132e-03  5.25047680e-02 -2.98155597e-19 -2.88668828e-18
 -9.89334482e-19  2.84603070e-19]
[0.07371945204160808, 0.14957428507219275, 0.04750715637005132, 0.10848419284193085, 0.0011776329532645511, 0.0028829407415411107, 9.803469174570207e-18, -3.869246503057644e-18, 0.1190787536068645, 0.00454659259736105, -1.1275702593849246e-17]
[2.8338931546320136e-16, 3.051884935757553e-16, 0.00034425277747003017, 0.0009642341415740553, 0.15788219421061714, -1.0558976898268318e-17, 1.5259424678787764e-16, -9.622293463744516e-18, 0.0050567855701778115, 0.009200036695591052, 0.32989718679727603, -1.8733668690476048e-18, -1.8137597413960903e-17]
E for cur_iter:  -6.720005842444018
params in def chemistry in vqe.py:  [ 6.16518511e-02  1.29429920e-01  4.65072839e-02  1.05917042e-01
  6.59817310e-03  5.61703814e-04 -1.45176686e-18 -3.23618420e-03
  1.14960489e-01  3.40138628e-03  3.34375899e-03 -2.50000000e-02
 -2.50000000e-02 -4.44682759e-18  7.35762066e-18  2.50000000e-02
 -3.43520717e-04 -2.50437885e-02  3.22978275e-05  6.83593630e-05
  6.13613060e-05  5.53404670e-02 -2.45422688e-02  5.95578061e-04
  5.95578061e-04  5.95578061e-04]
[0.061651851085271527, 0.12942992011041451, 0.04650728391038365, 0.10591704235173306, 0.006598173103591098, 0.0005617038137311608, -1.4517668646613238e-18, -0.003236184202955427, 0.114960489433714, 0.0034013862782059675, 0.0033437589851650767]
[-0.1570796326794897, -0.15707963267948966, -2.794024178349616e-17, 4.622929405742186e-17, 0.15707963267948963, -0.0021584043229983863, -0.1573547641186503, 0.00020293323515464346, 0.00042951454551564257, 0.0003855444560725882, 0.3477144089727654, -0.1542036226856149, 0.003742127321782979]
E for cur_iter:  -6.76544800657873
params in def chemistry in vqe.py:  [ 6.79115348e-02  1.12555096e-01  3.66820225e-02  1.03108327e-01
  2.77555756e-17  3.44132757e-03  1.34811183e-17  1.82281490e-18
  1.24321971e-01  4.21118954e-03  6.50521303e-18 -3.81639165e-17
  0.00000000e+00  6.79694665e-05  1.90378944e-04  2.51584582e-02
 -1.08420217e-19 -1.04083409e-17 -2.71050543e-20  9.63123600e-04
  1.68466158e-03  6.16864704e-02  2.74235659e-03 -2.08708918e-18
  1.88380127e-18  1.82959117e-18]
[0.06791153483112666, 0.11255509563546659, 0.03668202247187779, 0.10310832702794295, 2.7755575615628914e-17, 0.0034413275707333127, 1.3481118311499777e-17, 1.8228149024912543e-18, 0.12432197072850366, 0.004211189540674606, 6.5052130349130266e-18]
[-2.397909592380934e-16, 0.0, 0.0004270647535113896, 0.0011961861833765435, 0.15807525498060082, -6.812243160173109e-19, -6.539753433766185e-17, -1.7030607900432772e-19, 0.006051484054317003, 0.010585040903642408, 0.38758752417407505, 0.01723073461635969, -1.3113568083333235e-17]
E for cur_iter:  -6.605205758041026
params in def chemistry in vqe.py:  [ 6.16230729e-02  1.29480310e-01  4.65009977e-02  1.05925627e-01
  6.72781419e-03  5.61703814e-04 -1.45555794e-18 -3.24821121e-03
  1.14893479e-01  3.41017423e-03  3.34969502e-03 -2.50000000e-02
 -2.50000000e-02 -4.48169510e-18  7.38027385e-18  2.50000000e-02
 -3.44829268e-04 -2.50438325e-02  3.24548727e-05  6.84017454e-05
  6.16648007e-05  5.53242295e-02  3.27996503e-04 -2.45329390e-02
  6.29008025e-04  6.29008025e-04]
[0.061623072871997295, 0.12948031013944258, 0.04650099768793872, 0.10592562732471889, 0.006727814185611004, 0.0005617038137311608, -1.4555579414647516e-18, -0.0032482112147257944, 0.11489347857588146, 0.0034101742308662577, 0.0033496950239703884]
[-0.1570796326794897, -0.15707963267948966, -2.815932083479786e-17, 4.637162824076509e-17, 0.15707963267948963, -0.0021666261894791694, -0.15735504038712017, 0.00020391997922142793, 0.0004297808418875236, 0.0003874513698908094, 0.34761238604663475, 0.002060862809272245, -0.15414500172457485]
E for cur_iter:  -6.765808052227952
params in def chemistry in vqe.py:  [ 5.87443036e-02  1.33036106e-01  4.22139250e-02  1.09347285e-01
  2.23974309e-02  1.75024813e-03  9.32268435e-18  4.37069001e-18
  9.91106403e-02  5.28577405e-03  6.83993792e-04 -1.14491749e-16
 -6.59194921e-17  2.80539160e-05  7.85775611e-05  2.50654025e-02
 -6.50521303e-19 -9.02056208e-17  1.69826936e-04  4.81490297e-04
  8.61905806e-04  5.33179966e-02  2.16301094e-03  2.25979259e-03
  2.71050543e-19  2.48011247e-18]
[0.05874430358313156, 0.13303610605781854, 0.04221392499523897, 0.1093472854314534, 0.022397430913889446, 0.0017502481291194723, 9.322684350923744e-18, 4.37069000783219e-18, 0.0991106402870831, 0.0052857740540289445, 0.0006839937920647154]
[-7.193728777142803e-16, -4.14184384138525e-16, 0.00017626795301100477, 0.0004937173771195655, 0.15749056873437614, -4.087345896103865e-18, -5.667786309264027e-16, 0.0010670541072125184, 0.0030252927611702208, 0.005415513895265663, 0.33500685274192876, 0.013590598563642772, 0.014198695597142397]
E for cur_iter:  -6.610105633795484
params in def chemistry in vqe.py:  [ 6.18751178e-02  1.29073804e-01  4.81044030e-02  1.05563551e-01
  5.89884484e-03  5.61703814e-04 -1.40008246e-18 -3.37260372e-03
  1.15313121e-01  3.35539988e-03  3.31433083e-03 -2.50000000e-02
 -2.50000000e-02 -3.63699001e-18  7.89803015e-18  2.50000000e-02
 -3.71169608e-04 -2.50540794e-02  2.09171058e-05  6.59444016e-05
  5.46266499e-05  5.52036445e-02  2.33251720e-04  2.03689089e-04
 -2.45350598e-02 -3.86186331e-04]
[0.061875117750620455, 0.12907380399482957, 0.048104402975612, 0.1055635505099161, 0.005898844838914374, 0.0005617038137311622, -1.4000824551586785e-18, -0.003372603723350372, 0.11531312089043105, 0.0033553998755018704, 0.0033143308257614092]
[-0.1570796326794897, -0.15707963267948966, -2.2851882219670362e-17, 4.962478697154131e-17, 0.15707963267948963, -0.0023321274250884647, -0.15741942350015067, 0.00013142605186256925, 0.0004143408952800913, 0.0003432293637731475, 0.34685472780932824, 0.0014655637772942338, 0.001279816290456313]
E for cur_iter:  -6.76682222611273
params in def chemistry in vqe.py:  [ 6.21421781e-02  1.28559162e-01  5.08679772e-02  1.05094379e-01
  5.49799297e-03  6.47104283e-04  1.24975644e-17 -1.30104261e-18
  1.15013663e-01  3.38905577e-03  3.05730666e-03 -1.38777878e-17
  6.93889390e-18  2.01575789e-06  5.64603311e-06  2.50046994e-02
  1.62630326e-19 -2.08166817e-17  7.37480682e-06  9.06485750e-05
  9.81614008e-05  5.48335745e-02  1.89952049e-04  1.53473806e-04
  6.93889390e-18  1.02999206e-18]
[0.062142178115771524, 0.1285591615372645, 0.05086797721322798, 0.10509437939026849, 0.005497992967869883, 0.0006471042826138858, 1.2497564434595097e-17, -1.3010426069826053e-18, 0.11501366263447098, 0.003389055770664826, 0.003057306661921928]
[-8.71967124502158e-17, 4.35983562251079e-17, 1.266538036594485e-05, 3.5475072284635236e-05, 0.1571091596658325, 1.0218364740259663e-18, -1.307950686753237e-16, 4.633727784241224e-05, 0.0005695617946170199, 0.0006167662711665077, 0.3445295098860469, 0.0011935039251280708, 0.0009643043642791713]
E for cur_iter:  -6.7810918269409
params in def chemistry in vqe.py:  [ 6.50639095e-02  1.23301369e-01  9.72122182e-02  9.46843365e-02
 -2.60208521e-18  2.82036429e-03 -1.75692302e-17  1.84968555e-18
  1.08233449e-01  5.82539586e-03 -1.08420217e-17 -1.49477508e-16
 -1.10009773e-16  5.33125021e-05  1.49325548e-04  2.06497559e-02
 -2.08800632e-17 -5.22561596e-17 -2.01924184e-17  7.95667765e-04
  1.32734137e-03  4.63674601e-02 -2.75929453e-17 -2.12503626e-17
  4.32721081e-03 -2.32199654e-17]
[0.06506390949149576, 0.12330136879825523, 0.09721221818459588, 0.09468433649410937, -2.6020852139652106e-18, 0.0028203642884965987, -1.756923024159583e-17, 1.8496855522739083e-18, 0.10823344923806116, 0.0058253958550855515, -1.0842021724855044e-17]
[-9.391948798995814e-16, -6.912117895943847e-16, 0.000334972329831819, 0.0009382400899711738, 0.12974624300795545, -1.3119330657465865e-16, -3.283351341512095e-16, -1.2687270679325526e-16, 0.004999328010948958, 0.008339931800966222, 0.29133534402718736, -1.7337158842640561e-16, -1.3351996593939293e-16]
E for cur_iter:  -6.599753760270636
params in def chemistry in vqe.py:  [ 6.24334827e-02  1.28199924e-01  5.07600654e-02  1.06063830e-01
  4.05435967e-03  4.39503306e-04  1.24941312e-17  3.22359159e-03
  1.13588596e-01  3.21409492e-03  2.95316479e-03 -1.23994882e-17
  6.77210491e-18  2.01575789e-06  5.64603311e-06  2.52321144e-02
  3.96848665e-04  2.75942069e-04  5.30864620e-05  9.81934529e-05
  1.14423837e-04  5.46956985e-02  1.48980563e-05  5.58716234e-06
 -1.14274782e-03  2.46491067e-02]
[0.062433482692350946, 0.12819992399043972, 0.0507600653806547, 0.10606383005337036, 0.004054359671930132, 0.0004395033056480035, 1.249413117811941e-17, 0.0032235915864204604, 0.11358859594212302, 0.0032140949189012986, 0.002953164792408189]
[-7.79082818868738e-17, 4.255039004245159e-17, 1.2665380365956722e-05, 3.5475072284583994e-05, 0.158538050310396, 0.002493473700139464, 0.0017337951549586481, 0.0003335520780355603, 0.0006169676607614774, 0.0007189461696268511, 0.34366320936153705, 9.360724814920256e-05, 3.5105176292490565e-05]
E for cur_iter:  -6.7768924434682845
params in def chemistry in vqe.py:  [ 3.27378450e-02  1.44732294e-01  4.04212857e-02  1.17363563e-01
 -5.03069808e-17 -2.32019265e-17 -2.12726581e-17 -1.31917827e-17
  1.20659541e-01 -2.12503626e-17 -3.16587034e-17  2.29061957e-18
  9.34393679e-18  1.02478328e-04  2.87036472e-04  3.74060417e-02
  1.22549010e-02  1.15786579e-02 -2.01551490e-17  1.26661304e-03
  2.25913166e-03  3.06147707e-02 -2.33645568e-17 -2.17924637e-17
  1.66999254e-17 -1.87217590e-17]
[0.03273784501554787, 0.14473229407195431, 0.04042128574977588, 0.1173635627978416, -5.0306980803327406e-17, -2.3201926491189795e-17, -2.1272658090524758e-17, -1.31917826939733e-17, 0.12065954138827657, -2.1250362580715887e-17, -3.165870343657673e-17]
[1.4392387238876914e-17, 5.870968632936524e-17, 0.0006438903254754153, 0.0018035033437211185, 0.23502909143023656, 0.0769998142060063, 0.07275085291941068, -1.2663853593462432e-16, 0.007958364444158483, 0.014194542838017651, 0.19235827771079547, -1.468038401017305e-16, -1.369260875194795e-16]
E for cur_iter:  -6.739235654942799
params in def chemistry in vqe.py:  [ 6.29931317e-02  1.30762374e-01  5.19677879e-02  1.05254599e-01
  6.36055825e-03 -2.37126123e-02  1.96119654e-17  5.44955070e-04
  1.14734668e-01  8.23014124e-03  3.12660644e-03 -1.39364426e-17
  7.30694880e-18  2.01575789e-06  5.64603311e-06  2.49023476e-02
 -1.06636984e-04 -9.88636278e-05  1.24330580e-05  9.04064809e-05
  1.07137417e-04  5.44291569e-02  2.07160121e-04  1.80433926e-04
  3.02392007e-05 -1.83646043e-04]
[0.062993131705701, 0.13076237362944243, 0.05196778792565466, 0.10525459936831724, 0.006360558252842988, -0.023712612303017074, 1.9611965441916074e-17, 0.0005449550698916586, 0.11473466807287247, 0.008230141244286024, 0.0031266064364269567]
[-8.756525162893563e-17, 4.5910913338954243e-17, 1.2665380365947908e-05, 3.547507228462455e-05, 0.15646606464756982, -0.0006700199331565273, -0.0006211784935713752, 7.811920740463062e-05, 0.0005680406726645971, 0.0006731642427459513, 0.3419884791266244, 0.0013016254276484484, 0.0011336997931581673]
E for cur_iter:  -6.758250248820727
params in def chemistry in vqe.py:  [ 7.17790715e-02  9.47901519e-02  2.93727529e-02  1.07938832e-01
 -4.94396191e-17 -2.05998413e-17 -1.69979614e-17 -1.36145675e-17
  1.34426263e-01 -1.56125113e-17 -3.42607887e-17 -4.08196687e-17
 -2.13441350e-17  8.05525637e-05  2.25623545e-04  3.33684546e-02
  8.24207961e-03  7.77292828e-03 -2.08691978e-17  1.04003305e-03
  1.84364606e-03  6.70266293e-02  2.45801646e-03  2.04381373e-03
  2.33780540e-03  1.77803148e-03]
[0.07177907146706265, 0.09479015194892165, 0.029372752902225338, 0.10793883246943035, -4.9439619065339e-17, -2.0599841277224584e-17, -1.6997961421984825e-17, -1.3614567478012768e-17, 0.13442626251709702, -1.5612511283791264e-17, -3.426078865054194e-17]
[-2.5647754245089477e-16, -1.3410915537798345e-16, 0.0005061266844999401, 0.0014176345438463587, 0.20966018358425953, 0.05178651348657725, 0.04883874876393137, -1.3112503670339458e-16, 0.006534720406401966, 0.011583969866703016, 0.42114073270021185, 0.015444172907180614, 0.012841660404980254]
E for cur_iter:  -6.362589511211738
params in def chemistry in vqe.py:  [ 6.07602579e-02  1.27308033e-01  4.84642718e-02  1.06062838e-01
 -5.46171830e-04 -4.36719370e-04  1.29854612e-17  3.25228606e-03
  1.12520515e-01 -8.71857304e-04  2.60799500e-03  3.19710849e-03
  9.02997417e-18  2.01575789e-06  5.64603311e-06  2.24914248e-02
 -2.21904772e-03 -1.08568472e-02  8.61088182e-03  8.60355319e-03
  8.58888808e-03  5.21344728e-02  7.97183855e-03  7.83922890e-03
  7.54612839e-03 -4.22832230e-04]
[0.06076025785368108, 0.12730803293211002, 0.04846427177371505, 0.10606283770614143, -0.0005461718303907299, -0.00043671937033617613, 1.2985461207590075e-17, 0.0032522860605942944, 0.11252051543458313, -0.0008718573040791106, 0.0026079950033242694]
[0.02008802505849315, 5.673700101748407e-17, 1.2665380365969114e-05, 3.5475072284577766e-05, 0.14131778993431562, -0.013942688040849338, -0.0682155825230846, 0.054103766152292225, 0.05405771900309747, 0.05396557537289454, 0.32757055379172106, 0.050088538855097536, 0.049255327829539126]
E for cur_iter:  -6.75357807749605
params in def chemistry in vqe.py:  [ 5.88893129e-02  1.22795115e-01  3.72568396e-02  1.02724062e-01
 -6.50521303e-17 -1.71303943e-17 -2.07186273e-17  5.86770539e-18
  1.01764954e-01 -5.63785130e-18 -3.29597460e-17  3.12587166e-02
 -4.91678896e-18  2.13133854e-05  5.96976850e-05 -1.49186219e-16
 -3.69097037e-17  8.30422344e-17 -2.28834421e-17 -2.03423433e-17
 -3.34205320e-17  3.39557823e-02 -3.48570998e-17 -2.78639958e-17
  1.46751806e-16 -1.64544496e-17]
[0.05888931287146103, 0.12279511496245264, 0.03725683961002533, 0.1027240623717773, -6.505213034913027e-17, -1.713039432527097e-17, -2.071862727913703e-17, 5.8677053909592896e-18, 0.10176495436472328, -5.637851296924623e-18, -3.2959746043559335e-17]
[0.1964043089666217, -3.0893096181243055e-17, 0.00013391594990003745, 0.00037509161710792355, -9.373646588398198e-16, -2.319105079883171e-16, 5.217697472049289e-16, -1.437809071994037e-16, -1.2781471229274796e-16, -2.0998739541233608e-16, 0.2133504724692454, -2.1901361759956546e-16, -1.750746492164489e-16]
E for cur_iter:  -6.589921945950404
params in def chemistry in vqe.py:  [ 5.94001635e-02  1.27947200e-01  5.10389899e-02  1.04034576e-01
 -3.73861781e-03 -9.36382984e-04  1.65960598e-17 -7.01479613e-04
  1.20264897e-01 -2.12840746e-03  2.54196382e-03 -5.94483431e-04
  9.77339007e-03 -9.77137431e-03 -9.76774404e-03  2.58106305e-02
 -9.13602674e-03 -6.01620329e-03 -2.94880509e-03 -2.78738197e-03
 -2.81410207e-03  5.37555261e-02 -3.39281075e-03 -3.45747913e-03
 -3.09521086e-03 -1.15735491e-04]
[0.05940016348611561, 0.12794720005654567, 0.051038989896244474, 0.10403457602105623, -0.003738617807834424, -0.0009363829842278964, 1.6596059837386356e-17, -0.000701479613139644, 0.12026489707787641, -0.002128407460882623, 0.0025419638213961438]
[-0.003735249557001666, 0.06140802089735025, -0.061395355516984294, -0.06137254582506552, 0.1621729742641758, -0.05740334898099426, -0.0378009201465259, -0.018527888790413262, -0.01751363742578887, -0.01768152475479493, 0.3377559318685069, -0.02131765864452902, -0.021723982063343108]
E for cur_iter:  -6.708695738820418
params in def chemistry in vqe.py:  [ 5.79018501e-02  1.35093360e-01  4.73527178e-02  1.11434418e-01
  4.47006109e-02  5.57456735e-03 -2.03730868e-17 -7.91429974e-18
  9.27321981e-02  1.00678583e-02  7.57209294e-04 -2.84317257e-17
  1.19468605e-02 -2.01619252e-17 -2.63689827e-17  3.29593865e-02
 -4.34247183e-17 -6.03745660e-19  1.40058755e-03  1.73020431e-03
  2.20765341e-03  5.66321267e-02  5.11242419e-03  5.29022964e-03
  2.77548600e-03  1.62673874e-03]
[0.057901850112322094, 0.13509335964449962, 0.04735271780074329, 0.11143441772220321, 0.04470061086640787, 0.00557456735000191, -2.0373086774732732e-17, -7.914299744864692e-18, 0.09273219809309327, 0.010067858297788643, 0.0007572092944871851]
[-1.7864180142868237e-16, 0.07506433816912664, -1.266811124543754e-16, -1.6568120454636644e-16, 0.20708993286211652, -2.7284555194830016e-16, -3.793445861579779e-18, 0.008800151134855726, 0.010871194292955163, 0.013871095480046109, 0.35583014638394067, 0.032122308561717584, 0.033239493124038656]
E for cur_iter:  -6.307585874803663
params in def chemistry in vqe.py:  [ 7.63493055e-02  1.45677178e-01  4.99964456e-02  1.07876146e-01
  3.16142704e-04  3.62504728e-03 -2.15077620e-17 -1.53523028e-17
  1.22760571e-01  6.75501577e-03  1.35840901e-03  2.10217082e-03
 -5.97074315e-18  1.51581578e-03  1.53686922e-03  2.38788399e-02
  4.16533066e-04  3.03865574e-05  2.91123347e-04  5.10016380e-04
  6.65125263e-04  5.42317298e-02  4.72713259e-04  3.98603948e-04
  2.79863094e-04  1.65121280e-04]
[0.0763493055412074, 0.14567717765081675, 0.04999644559649174, 0.10787614612078439, 0.00031614270441775866, 0.0036250472794401097, -2.150776196301541e-17, -1.5352302762394758e-17, 0.12276057078907696, 0.00675501576576937, 0.0013584090092138889]
[0.013208328831197604, -3.7515285603756113e-17, 0.009524151439106454, 0.009656434082214796, 0.15003517585689416, 0.0026171544399258393, 0.00019092437113523133, 0.001829181933392364, 0.003204527422824421, 0.004179105280227394, 0.3407480078518803, 0.0029701450053742843, 0.0025045024695124355]
E for cur_iter:  -6.760133131691588
params in def chemistry in vqe.py:  [ 6.21990689e-02  1.28704362e-01  5.07586663e-02  1.05422426e-01
  5.49852087e-03  4.10368771e-04  1.27852540e-17 -1.20320248e-02
  1.14480379e-01  3.49083798e-03  3.05096320e-03 -9.10964734e-05
  3.12560157e-04 -3.10544399e-04 -3.06914124e-04  2.51433660e-02
 -1.78907711e-04 -1.54903226e-04 -1.88508705e-05  6.84542665e-05
  7.45852886e-05  5.48181656e-02  1.84254123e-03  1.80095526e-03
  1.58483805e-03  1.62791848e-03]
[0.06219906888498672, 0.1287043621389037, 0.05075866627156196, 0.10542242569358166, 0.0054985208658852504, 0.00041036877118612704, 1.2785253962648305e-17, -0.012032024752323102, 0.11448037852919941, 0.003490837983177206, 0.003050963195768191]
[-0.0005723760233550216, 0.0019638733875587612, -0.0019512080071927788, -0.0019283983152740564, 0.1579804277675758, -0.0011241103040489828, -0.0009732856738787019, -0.00011844351255129449, 0.00043011084146712443, 0.0004686331897059577, 0.3444326925438517, 0.011577027973461744, 0.011315735630635844]
E for cur_iter:  -6.714845883388528
params in def chemistry in vqe.py:  [ 6.30913220e-02  1.35497493e-01  4.90002639e-02  1.08617386e-01
  2.40871117e-02  3.98692315e-03 -2.06158609e-17  7.38048963e-03
  1.05964141e-01  7.40549633e-03  1.53047422e-03 -1.07900004e-17
  5.38077274e-03 -2.05155615e-17 -2.01255028e-17  2.86413763e-02
 -2.76120059e-17 -1.17516611e-17  7.93685176e-04  1.02739313e-03
  1.30516709e-03  5.56193784e-02  1.31209030e-03  1.37955403e-03
  9.89753416e-05 -2.05161759e-17]
[0.06309132202628673, 0.1354974925415955, 0.04900026385772061, 0.10861738591072732, 0.02408711169198076, 0.003986923147322064, -2.0615860866934465e-17, 0.0073804896311535206, 0.10596414119330888, 0.007405496326527707, 0.0015304742224989615]
[-6.779557175222389e-17, 0.033808392245154986, -1.28903074578885e-16, -1.2645226366071335e-16, 0.17995907453437976, -1.7349134948912528e-16, -7.383786422029137e-17, 0.004986871039154751, 0.006455301419709412, 0.008200606692599534, 0.3494668612252593, 0.008244106523037252, 0.008667993604085399]
E for cur_iter:  -6.520636707096121
params in def chemistry in vqe.py:  [ 6.21421781e-02  1.28559162e-01  5.08679772e-02  1.05094379e-01
  5.49799297e-03  6.47104283e-04 -1.25000000e-02 -1.55473045e-18
  1.15013663e-01  3.38905577e-03  3.05730666e-03 -1.57825087e-17
  9.00379974e-18  2.01575789e-06  5.64603311e-06  2.50046994e-02
  7.59836141e-18 -1.56778458e-17  7.37480682e-06  9.06485750e-05
  9.81614008e-05  5.48335745e-02  1.89952049e-04  1.53473806e-04
  8.95111626e-18  6.98001911e-19]
[0.062142178115771524, 0.12855916153726446, 0.05086797721322797, 0.10509437939026849, 0.0054979929678698755, 0.0006471042826138795, -0.01249999999999999, -1.5547304470225283e-18, 0.11501366263447099, 0.003389055770664834, 0.0030573066619219253]
[-9.916442650938142e-17, 5.65725422213832e-17, 1.2665380365931875e-05, 3.547507228462226e-05, 0.15710915966583258, 4.774191278088573e-17, -9.850681043799392e-17, 4.633727784242459e-05, 0.0005695617946170326, 0.0006167662711665198, 0.34452950988604697, 0.0011935039251280818, 0.0009643043642791815]
E for cur_iter:  -6.71286919732407
params in def chemistry in vqe.py:  [ 6.58247066e-02  1.15740113e-01  4.57806029e-02  1.04936146e-01
 -3.38271078e-17 -1.86482774e-17  6.81009489e-03  5.42854451e-03
  1.24878184e-01  3.00777670e-03 -2.16840434e-17 -1.70192947e-17
 -1.40919006e-17  3.93819056e-03  3.97778898e-03  2.91732624e-02
  8.12028884e-03  7.09272228e-03  6.91877240e-04  1.07471378e-03
  1.27963901e-03  6.11678911e-02 -2.09251019e-17 -2.16569384e-17
 -9.63062689e-18 -1.99369041e-17]
[0.06582470657849325, 0.11574011305186409, 0.045780602917654525, 0.1049361461236321, -3.382710778154774e-17, -1.8648277366750676e-17, 0.006810094888719493, 0.005428544511744394, 0.1248781839244437, 0.0030077767015699018, -2.168404344971009e-17]
[-1.0693538266328672e-16, -8.854202292468567e-17, 0.024744381081355425, 0.02499318526113287, 0.18330101339045335, 0.051021279548983896, 0.04456488842807386, 0.004347192906614271, 0.006752625838933445, 0.008040209018021705, 0.3843291944513167, -1.31476292991341e-16, -1.3607455712445784e-16]
E for cur_iter:  -6.763264945386909
params in def chemistry in vqe.py:  [ 5.76972173e-02  1.32228199e-01  5.19746917e-02  1.05354923e-01
  1.58161631e-03  6.81181166e-04  5.35071740e-18  5.47163021e-03
  1.12093301e-01  2.85000389e-03  2.76774550e-03  1.98585010e-03
 -1.37145998e-03  1.37347574e-03  1.37710601e-03  2.33861727e-02
 -2.63052873e-04  6.50751508e-05 -3.45026689e-04 -2.41540697e-04
 -2.45351638e-04  6.17195767e-02 -1.29452587e-03 -1.32650557e-03
 -1.42171250e-03 -1.04534191e-03]
[0.05769721732048164, 0.1322281985226704, 0.05197469170991316, 0.10535492345692478, 0.0015816163088673927, 0.0006811811655883433, 5.350717404697583e-18, 0.005471630206476223, 0.1120933008387522, 0.0028500038925826517, 0.0027677455008040955]
[0.012477464175106435, -0.008617137198353875, 0.008629802578719894, 0.00865261227063862, 0.14693965668394515, -0.001652809948883061, 0.00040887923129312746, -0.00216786662471564, -0.0015176449580174725, -0.001541589805779544, 0.3877955371803123, -0.008133745956133562, -0.008334680289873992]
E for cur_iter:  -6.759695638077068
params in def chemistry in vqe.py:  [ 5.62375068e-02  1.30875973e-01  4.84758820e-02  1.08448859e-01
 -3.81639165e-17  4.31361240e-04  6.86401400e-03 -2.52766554e-17
  1.09587557e-01  4.10442961e-03 -2.21177243e-17  9.96696440e-04
 -6.83303331e-18  1.70494390e-03  1.74482709e-03  2.65846024e-02
  3.22955702e-03  3.06999526e-03 -2.01382083e-17  3.36303038e-04
  5.51885215e-04  7.32132092e-02  4.99201066e-03  4.89365635e-03
  4.38611672e-03  4.35757360e-03]
[0.056237506824361634, 0.13087597347379643, 0.04847588196253591, 0.10844885866720709, -3.8163916471489756e-17, 0.00043136123995089846, 0.006864013996113701, -2.5276655409820894e-17, 0.10958755705532869, 0.004104429608463449, -2.211772431870429e-17]
[0.006262428424492411, -4.293321452272509e-17, 0.010712478441167288, 0.010963071938312838, 0.16703598300279762, 0.02029190521142621, 0.019289349087720353, -1.2653209463524662e-16, 0.002113054304784495, 0.0034675970754863834, 0.460012160398481, 0.03136572804233488, 0.030747749648981512]
E for cur_iter:  -6.766912884312717
params in def chemistry in vqe.py:  [ 6.33037618e-02  1.26496997e-01  4.69899302e-02  1.05395369e-01
  2.72640146e-03  5.55506067e-05  2.90541978e-03  7.33504372e-19
  1.11356601e-01  3.45605034e-04  1.50998346e-03  6.21041110e-03
  9.98651976e-18  3.45356388e-03  3.47253939e-03  2.01821395e-02
  3.88834881e-18  4.28145302e-04 -1.34678239e-19  6.77626358e-20
  1.08420217e-18  5.20323637e-02 -2.24971951e-18  5.69206141e-19
  1.42918521e-17  3.84546034e-04]
[0.06330376183188706, 0.1264969965781774, 0.046989930239934564, 0.1053953692670398, 0.00272640146384144, 5.555060667533694e-05, 0.0029054197766001243, 7.335043718042686e-19, 0.11135660069290491, 0.0003456050343027756, 0.001509983461241288]
[0.03902116375958918, 6.27471542137883e-17, 0.02169938181824996, 0.021818608500703593, 0.1268081225825471, 2.4431216121049564e-17, 0.0026901162695562716, -8.462083300527534e-19, 4.257651975108193e-19, 6.812243160173109e-18, 0.3269289829400124, -1.4135404557359202e-17, 3.576427659090882e-18]
E for cur_iter:  -6.7423226788322825
params in def chemistry in vqe.py:  [ 6.22434220e-02  1.28468501e-01  5.12419067e-02  1.05108878e-01
  5.30492535e-03  6.55428639e-04  1.17552371e-17  1.07712298e-03
  1.15073668e-01  3.21908011e-03  3.06568054e-03 -2.19167547e-04
 -1.81649442e-04  1.83665200e-04  1.87295476e-04  2.51710090e-02
  3.33391616e-04 -6.62919212e-04  1.00190675e-03 -5.59729575e-03
  1.10413045e-03  5.43171352e-02  1.06984426e-03  1.02357838e-03
  8.86823686e-04 -1.01809233e-04]
[0.06224342195107333, 0.12846850104853005, 0.05124190667970797, 0.105108878171368, 0.005304925345714315, 0.0006554286385914424, 1.1755237139751921e-17, 0.0010771229799186087, 0.11507366767215292, 0.003219080108596203, 0.0030656805418915866]
[-0.001377070310630619, -0.001141337107747353, 0.00115400248811334, 0.0011768121800320144, 0.15815411394066226, 0.0020947613020194933, -0.004165244250165009, 0.006295165764094953, -0.03516884641473136, 0.006937456243753861, 0.3412846257265869, 0.006722029762077609, 0.00643133263024493]
E for cur_iter:  -6.779694760177452
params in def chemistry in vqe.py:  [ 6.18466910e-02  1.27935958e-01  6.16317497e-02  1.03201492e-01
  1.96571818e-03  1.27958462e-03  2.55069539e-03  2.44477958e-18
  1.14462883e-01  3.23454550e-03  2.34088044e-03 -1.35480783e-17
  6.59194921e-18  1.35159501e-03  1.36869701e-03  2.54826945e-02
  1.73339501e-03  1.53903654e-03  1.75570925e-04  1.00679750e-03
  4.59109930e-04  5.27029055e-02  4.46586575e-04  3.84302517e-04
  1.05065455e-03  2.59280178e-04]
[0.06184669100590567, 0.12793595804284427, 0.061631749735753305, 0.10320149192105464, 0.0019657181843545637, 0.0012795846154512822, 0.0025506953918439843, 2.444779576571465e-18, 0.11446288274325121, 0.0032345455016852625, 0.0023408804404681173]
[-8.512508679007504e-17, 4.141843841385245e-17, 0.008492321888246768, 0.00859977696443434, 0.1601124918655954, 0.010891242042045236, 0.009670051795856475, 0.0011031446563085836, 0.006325895251493499, 0.0028846727667624097, 0.33114212125943593, 0.002805986206042753, 0.0024146439302943318]
E for cur_iter:  -6.764551346018201
params in def chemistry in vqe.py:  [ 6.19109194e-02  1.28569364e-01  5.09777941e-02  1.05263264e-01
  5.76343391e-03  6.17588120e-04  1.17809067e-17  1.15890156e-03
  1.15789753e-01  3.05877765e-03  3.08493713e-03  1.83126746e-05
 -2.92655104e-04  2.94670861e-04  2.98301137e-04  2.49371646e-02
  2.12228839e-04 -8.93748859e-04  1.11756760e-03  2.00386975e-04
 -5.46715433e-03  5.44669074e-02  1.26456126e-03  1.21751450e-03
  1.04720524e-03 -2.75964599e-05]
[0.061910919416611455, 0.12856936444340547, 0.05097779410168458, 0.10526326397305578, 0.005763433910984264, 0.0006175881198729962, 1.1780906676125344e-17, 0.0011589015584330161, 0.1157897526354014, 0.003058777653454183, 0.0030849371253411193]
[0.00011506192820774287, -0.0018388062464543165, 0.0018514716268203028, 0.0018742813187389755, 0.15668482642110465, 0.0013334731213727553, -0.005615589699752314, 0.007021884341400784, 0.0012590684961952272, -0.03435114375349728, 0.3422256724467062, 0.007945472714866198, 0.0076498692331047734]
E for cur_iter:  -6.7774054795561955
params in def chemistry in vqe.py:  [ 5.79242677e-02  1.28730049e-01  5.30853678e-02  1.05985595e-01
  1.00177723e-02  6.01836264e-04  8.39650171e-04  8.07639769e-18
  1.23303945e-01  2.60182485e-03  3.16506296e-03  3.35310750e-03
 -5.04781447e-18  1.66312902e-03  1.67119399e-03  2.09227622e-02
  2.67379922e-17  2.48654546e-17  6.19858711e-18  2.64274280e-18
  1.65694702e-03  5.69147593e-02  5.76000255e-04  5.41603293e-04
  4.05407584e-04  1.24539679e-03]
[0.057924267665282976, 0.12873004926868492, 0.05308536779962632, 0.10598559508495524, 0.01001777231303129, 0.0006018362641135091, 0.0008396501705570358, 8.076397687009397e-18, 0.12330394507993359, 0.0026018248530777933, 0.0031650629596098228]
[0.02106819580104697, -3.1716353709330687e-17, 0.010449747836276014, 0.01050042150268791, 0.13146159218203782, 1.6799975962646994e-16, 1.5623425916818231e-16, 3.8946871442302194e-17, 1.6604842702921952e-17, 0.010410905173837576, 0.3576059795457545, 0.003619116338005227, 0.003402993850145327]
E for cur_iter:  -6.776026360694782
params in def chemistry in vqe.py:  [ 6.21248128e-02  1.28564450e-01  5.08609680e-02  1.05097200e-01
  5.48441831e-03  6.47482507e-04  1.24963160e-17 -1.62188544e-05
  1.15020496e-01  3.39729562e-03  3.05597367e-03 -2.43698184e-05
  4.74629842e-05  4.47219234e-03 -4.36181785e-03  2.50314788e-02
 -2.08444222e-05 -1.65355412e-05  3.40548005e-06  8.96023246e-05
  9.76451005e-05  5.48293193e-02  1.87473079e-04  1.50978663e-04
 -2.59531394e-06  2.02283937e-06]
[0.062124812805921206, 0.12856444971683087, 0.05086096804216113, 0.1050971995856049, 0.0054844183060140834, 0.0006474825068136468, 1.2496315959025646e-17, -1.6218854418650234e-05, 0.11502049644303212, 0.003397295620324953, 0.003055973666592599]
[-0.00015312008490789614, 0.0002982187249636344, 0.028099613185213534, -0.027406109855955957, 0.15727741998516137, -0.0001309693673168253, -0.0001038958693789211, 2.1397262183846023e-05, 0.0005629880091396421, 0.0006135222605078082, 0.34450277336236745, 0.0011779280947899484, 0.0009486269193936644]
E for cur_iter:  -6.769568544028506
params in def chemistry in vqe.py:  [6.38040552e-02 1.27522075e-01 5.15120113e-02 1.05264777e-01
 5.86438479e-03 1.14397798e-03 1.35873824e-03 1.36735509e-03
 1.14636847e-01 4.57202359e-03 2.57761762e-03 6.12720357e-03
 1.42786371e-17 9.04419429e-18 9.02598309e-18 1.89619458e-02
 6.43036880e-03 5.15224677e-03 1.12530024e-03 1.28549054e-04
 9.97039689e-05 5.44964293e-02 1.15600247e-03 1.10525635e-03
 9.71346643e-04 1.18458137e-18]
[0.0638040551570685, 0.1275220749283209, 0.051512011313743895, 0.10526477722718369, 0.005864384790191387, 0.0011439779767522798, 0.0013587382381342345, 0.0013673550870603086, 0.11463684729584646, 0.0045720235882233135, 0.002577617616016857]
[0.038498355441310673, 8.971532300417323e-17, 5.682634870527216e-17, 5.671192430844113e-17, 0.11914141928619743, 0.04040319874150654, 0.03237252120904992, 0.007070469929244588, 0.0008076975273609658, 0.0006264585126221581, 0.34241116370358116, 0.007263377750933955, 0.006944530473874716]
E for cur_iter:  -6.782098461525215
params in def chemistry in vqe.py:  [ 6.38046863e-02  1.27528449e-01  5.15233666e-02  1.05268843e-01
  5.85327420e-03  1.14502865e-03  1.35873824e-03  1.34378328e-03
  1.14640529e-01  4.56853337e-03  2.57564116e-03  6.13192667e-03
 -1.70680785e-05 -1.71759964e-05 -1.77656819e-05  1.89630010e-02
  6.44845498e-03  5.13592218e-03  1.15933627e-03  1.26313232e-04
  9.74718461e-05  5.45092606e-02 -3.27307763e-03  5.51444542e-03
  1.00377888e-03 -1.00886386e-06]
[0.0638046863120741, 0.12752844912464306, 0.05152336655726053, 0.10526884301205955, 0.005853274196168257, 0.0011450286465060795, 0.0013587382381342345, 0.0013437832780317472, 0.11464052935912096, 0.004568533373595279, 0.002575641155988197]
[0.038528031548791815, -0.00010724190009098456, -0.00010791996837091935, -0.0001116250712154185, 0.11914804904487672, 0.040516837573516096, 0.032269950776928784, 0.007284324607288307, 0.0007936494408526724, 0.0006124336713134139, 0.3424917852501019, -0.020565353263471472, 0.03464828242585567]
E for cur_iter:  -6.782175820819143
params in def chemistry in vqe.py:  [ 6.35618657e-02  1.27675609e-01  5.11305041e-02  1.05483721e-01
  6.24011004e-03  1.20807932e-03  2.33743976e-03  6.07153217e-18
  1.14639547e-01  4.66904042e-03  2.15116710e-03  6.21014545e-03
  5.91906624e-18  1.23497404e-17  1.06319576e-17  1.92179115e-02
  9.83535577e-03  2.11998555e-03  7.52546815e-03  8.40256684e-19
 -2.19550940e-18  5.58786556e-02 -3.90312782e-18  3.46944695e-18
  7.94326714e-03  7.16914223e-04]
[0.06356186573811484, 0.12767560893334196, 0.0511305040734586, 0.10548372094495335, 0.006240110038126407, 0.001208079317110583, 0.0023374397626368002, 6.071532165918825e-18, 0.11463954749135936, 0.004669040422371822, 0.0021511671004604774]
[0.039019494624806514, 3.7190590002570064e-17, 7.759570724634682e-17, 6.680255948944755e-17, 0.12074969918845015, 0.06179736287257917, 0.013320262055658243, 0.0472839108993314, 5.279488449134159e-18, -1.3794792399350545e-17, 0.35109594809264916, -2.4524075376623192e-17, 2.179917811255395e-17]
E for cur_iter:  -6.780622527607408
params in def chemistry in vqe.py:  [ 6.36043557e-02  1.27659669e-01  5.16873811e-02  1.05221279e-01
  5.73958715e-03  1.13220467e-03  1.35873824e-03  1.05331397e-04
  1.14562944e-01  4.65362692e-03  2.57440571e-03  6.03328512e-03
  1.00909638e-03  3.34900089e-04  3.57055456e-04  1.90433575e-02
  5.52004679e-03  6.42661051e-03  5.77818406e-03  1.34373892e-05
 -4.27735824e-05  5.49112255e-02 -2.90582912e-03  5.87983545e-03
 -2.42525545e-03 -3.43453660e-06]
[0.06360435565192717, 0.12765966942536497, 0.051687381134497126, 0.10522127923665907, 0.005739587152052292, 0.0011322046659630234, 0.001358738238134235, 0.00010533139734686674, 0.11456294388924419, 0.004653626922095161, 0.002574405712018608]
[0.037908248421551556, 0.006340339574487521, 0.0021042393161275165, 0.0022434455949970128, 0.11965294422145366, 0.034683476915145915, 0.04037958471580552, 0.0363054012108845, 8.44296063610555e-05, -0.00026875434445933785, 0.34501740541321163, -0.01825786284254561, 0.036944095717485664]
E for cur_iter:  -6.781343717660246
params in def chemistry in vqe.py:  [ 6.36603474e-02  1.27085798e-01  5.18164506e-02  1.05235592e-01
  5.46478394e-03  1.27810225e-03  3.83018447e-03  2.81892565e-18
  1.15357275e-01  4.21864463e-03  1.57796503e-03  6.48380564e-03
  1.12960314e-17  5.00427065e-18  3.58464343e-18  1.89447332e-02
  1.66895736e-02  7.80625564e-18  1.51788304e-18  2.16840434e-19
 -2.42590236e-18  5.55680433e-02 -3.90312782e-18  6.28181020e-03
  8.45677695e-18  2.20415776e-04]
[0.06366034736047559, 0.12708579804609985, 0.05181645060951373, 0.10523559193362063, 0.005464783941175165, 0.0012781022488702993, 0.0038301844723502535, 2.8189256484623115e-18, 0.11535727486262162, 0.00421864463459652, 0.0015779650281501018]
[0.04073895233655849, 7.097505842505357e-17, 3.1442759836174003e-17, 2.252297894832234e-17, 0.11903326929110397, 0.10486368349806204, 4.9048150753246384e-17, 9.537140424242352e-18, 1.3624486320346218e-18, -1.5242394070887332e-17, 0.3491443130832139, -2.4524075376623192e-17, 0.039469777521201295]
E for cur_iter:  -6.780591634178059
params in def chemistry in vqe.py:  [ 6.60040739e-02  1.25344202e-01  5.25188383e-02  1.04351530e-01
  6.15250272e-03  1.71202773e-03  1.35873824e-03  1.10291000e-03
  1.14247297e-01  7.84919096e-03  2.66219749e-03  7.15898458e-03
 -1.04357739e-05  1.29142509e-04  1.26079961e-04  1.76743928e-02
  4.91593303e-03  2.59784884e-03  9.98753364e-04 -1.43905547e-04
 -2.24840704e-04  5.65496372e-02 -3.38054408e-03  5.40612280e-03
  4.71700147e-04  8.72216695e-05]
[0.06600407388153882, 0.1253442015720346, 0.05251883831180627, 0.10435152999304091, 0.006152502715862322, 0.0017120277287549386, 0.00135873823813424, 0.001102909995494782, 0.11424729664467069, 0.007849190955838144, 0.0026621974930984157]
[0.04498122675662801, -6.556990102554216e-05, 0.0008114263143238825, 0.0007921837603610928, 0.11105148497888176, 0.03088771820893881, 0.01632276564144005, 0.006275352461835319, -0.00090418521906876, -0.0014127158071437595, 0.3553118497918846, -0.021240584900313685, 0.033967671325358516]
E for cur_iter:  -6.775610559486898
params in def chemistry in vqe.py:  [ 6.41097677e-02  1.25686070e-01  5.11927196e-02  1.06670094e-01
  4.74397759e-03  1.47594325e-03  9.39083890e-03 -4.55364912e-18
  1.18689991e-01  1.66951631e-03  0.00000000e+00  7.43548574e-03
  4.33680869e-19 -1.15535294e-18 -9.58841296e-19  1.89550547e-02
  3.61631169e-03  7.86225091e-03  5.85803843e-03 -7.31836466e-19
  2.10048029e-04  5.44589020e-02 -1.30104261e-18  5.49767634e-03
  3.25260652e-18  7.79335688e-04]
[0.06410976774853454, 0.12568607013794034, 0.05119271958815658, 0.10667009418977995, 0.004743977588159015, 0.001475943245183739, 0.00939083890093465, -4.553649124439119e-18, 0.1186899907609511, 0.001669516310100174, 0.0]
[0.0467185347587039, 2.7248972640692436e-18, -7.259296617559468e-18, -6.0245775447780936e-18, 0.11909812108706286, 0.02272195649663057, 0.04939997940089459, 0.03680714102085014, -4.598264133116848e-18, 0.0013197706926308774, 0.3421753729534508, -8.17469179220773e-18, 0.0345429192061171]
E for cur_iter:  -6.778381037335096
params in def chemistry in vqe.py:  [ 6.36100263e-02  1.27480632e-01  5.18192148e-02  1.05227123e-01
  5.95357304e-03  1.10983882e-03  3.56026436e-04  7.08666154e-04
  1.14842404e-01  4.52975869e-03  2.59783546e-03  1.05581365e-02
 -1.48411443e-03 -5.19047241e-04 -5.44847960e-04  2.28452057e-02
  6.34388844e-03  5.03346463e-03  1.23214809e-03 -3.68338862e-05
  7.69826626e-06  5.45360805e-02 -3.19982096e-03  5.56961162e-03
  7.77871675e-04  6.11736459e-05]
[0.06361002628397802, 0.1274806321045679, 0.05181921475249224, 0.10522712301673046, 0.005953573041049892, 0.0011098388178104098, 0.00035602643633004887, 0.0007086661543750775, 0.11484240369270565, 0.004529758688878079, 0.002597835456501599]
[0.0663387283448915, -0.009324965988835641, -0.0032612699978231564, -0.0034233806951456235, 0.14354066062413154, 0.03985982661266151, 0.03162619101479435, 0.007741814774346687, -0.00023143413289090052, 4.836963348245832e-05, 0.3426602999432294, -0.020105068016245328, 0.034994901894133526]
E for cur_iter:  -6.77620974344136
params in def chemistry in vqe.py:  [ 6.39412005e-02  1.24702274e-01  5.12705068e-02  1.06274434e-01
  1.99127858e-03  1.19152511e-03 -3.03576608e-18 -5.20417043e-18
  1.17340050e-01  2.41317504e-03 -4.33680869e-19 -4.33680869e-18
  3.28648784e-18 -2.53093445e-18 -1.69406589e-18  1.23907658e-02
  7.45723658e-03  8.41980584e-03  2.35441775e-03 -4.60785923e-19
 -9.35124374e-19  5.63077564e-02 -8.67361738e-19  6.42745358e-03
  1.95481555e-04  7.38911855e-04]
[0.0639412005286978, 0.12470227409197522, 0.051270506843806164, 0.10627443426242386, 0.001991278580418098, 0.0011915251122287412, -3.0357660829594124e-18, -5.204170427930421e-18, 0.117340049797719, 0.002413175039970608, -4.336808689942018e-19]
[-2.7248972640692436e-17, 2.0649612079274736e-17, -1.59023301270291e-17, -1.0644129937770482e-17, 0.0778534779290365, 0.04685519929712277, 0.0529032003198515, 0.014793243033360291, -2.8952033430735715e-18, -5.8755597256493065e-18, 0.35379206742191616, -5.449794528138487e-18, 0.0403848818838]
E for cur_iter:  -6.750724010018257
{'IIII': -5.813150775102705, 'IIIZ': 1.635036134189641, 'IIZX': -0.01852846495474136, 'IIIX': 0.01852846495474136, 'IIXX': -0.03918165577301425, 'IIYY': -0.03918165577301425, 'IIZZ': 0.43974504331935677, 'IIXZ': -0.010416847948778266, 'IIXI': 0.010416847948778266, 'IIZI': 0.2698726586553449, 'IZII': 1.635036134189641, 'ZXII': -0.01852846495474137, 'IXII': 0.01852846495474137, 'XXII': -0.039181655773014246, 'YYII': -0.039181655773014246, 'ZZII': 0.4397450433193567, 'XZII': -0.010416847948778264, 'XIII': 0.010416847948778264, 'ZIII': 0.2698726586553449, 'IZIZ': 0.4145416937880458, 'IZZX': -0.029213980981015495, 'IZIX': 0.029213980981015495, 'IZXX': -0.03440891595156387, 'IZYY': -0.03440891595156387, 'ZXIZ': -0.02921398098101549, 'IXIZ': 0.02921398098101549, 'ZXZX': 0.0036744565021395582, 'IXZX': -0.0036744565021395582, 'ZXIX': -0.0036744565021395582, 'IXIX': 0.0036744565021395582, 'ZXXX': 0.0028858915562677387, 'IXXX': -0.0028858915562677387, 'ZXYY': 0.0028858915562677387, 'IXYY': -0.0028858915562677387, 'XXIZ': -0.034408915951563875, 'YYIZ': -0.034408915951563875, 'XXZX': 0.0028858915562677387, 'YYZX': 0.0028858915562677387, 'XXIX': -0.0028858915562677387, 'YYIX': -0.0028858915562677387, 'XXXX': 0.00537823837657224, 'YYXX': 0.00537823837657224, 'XXYY': 0.00537823837657224, 'YYYY': 0.00537823837657224, 'ZZIZ': 0.09486647602250192, 'ZZZX': 0.0018135969002540297, 'ZZIX': -0.0018135969002540297, 'ZZXX': -0.004272564381343068, 'ZZYY': -0.004272564381343068, 'XZIZ': 0.002857446971467834, 'XIIZ': -0.002857446971467834, 'XZZX': -0.0009148940971913831, 'XIZX': 0.0009148940971913831, 'XZIX': 0.0009148940971913831, 'XIIX': -0.0009148940971913831, 'XZXX': 5.845579096182565e-05, 'XIXX': -5.845579096182565e-05, 'XZYY': 5.845579096182565e-05, 'XIYY': -5.845579096182565e-05, 'ZIIZ': 0.09899076578197433, 'ZIZX': -0.002918335854982753, 'ZIIX': 0.002918335854982753, 'ZIXX': 0.0005001754547305893, 'ZIYY': 0.0005001754547305893, 'IZZZ': 0.09486647602250192, 'IZXZ': 0.0028574469714678337, 'IZXI': -0.0028574469714678337, 'ZXZZ': 0.0018135969002540297, 'IXZZ': -0.0018135969002540297, 'ZXXZ': -0.0009148940971913831, 'IXXZ': 0.0009148940971913831, 'ZXXI': 0.0009148940971913831, 'IXXI': -0.0009148940971913831, 'XXZZ': -0.004272564381343068, 'YYZZ': -0.004272564381343068, 'XXXZ': 5.8455790961825654e-05, 'YYXZ': 5.8455790961825654e-05, 'XXXI': -5.8455790961825654e-05, 'YYXI': -5.8455790961825654e-05, 'ZZZZ': 0.12357087224900107, 'ZZXZ': -0.011733623912039894, 'ZZXI': 0.011733623912039894, 'XZZZ': -0.011733623912039897, 'XIZZ': 0.011733623912039897, 'XZXZ': 0.00303465683019018, 'XIXZ': -0.00303465683019018, 'XZXI': -0.00303465683019018, 'XIXI': 0.00303465683019018, 'ZIZZ': 0.056656067552804806, 'ZIXZ': 0.0015406700896961197, 'ZIXI': -0.0015406700896961197, 'IZZI': 0.09899076578197433, 'ZXZI': -0.0029183358549827536, 'IXZI': 0.0029183358549827536, 'XXZI': 0.0005001754547305892, 'YYZI': 0.0005001754547305892, 'ZZZI': 0.056656067552804806, 'XZZI': 0.0015406700896961197, 'XIZI': -0.0015406700896961197, 'ZIZI': 0.08470391802240083}
The optimized loss func value: -6.782175820819143

   Return from subroutine COBYLA because the MAXFUN limit has been reached.

   NFVALS =  100   F =-6.782176E+00    MAXCV = 3.273078E-03
   X = 6.380469E-02   1.275284E-01   5.152337E-02   1.052688E-01   5.853274E-03
       1.145029E-03   1.358738E-03   1.343783E-03   1.146405E-01   4.568533E-03
       2.575641E-03   6.131927E-03  -1.706808E-05  -1.717600E-05  -1.776568E-05
       1.896300E-02   6.448455E-03   5.135922E-03   1.159336E-03   1.263132E-04
       9.747185E-05   5.450926E-02  -3.273078E-03   5.514445E-03   1.003779E-03
      -1.008864E-06
