lb in gen_LC_finance:  [0. 0. 0. 0. 0. 0. 0. 0. 0. 0. 0. 0. 0. 0. 0. 0.]
ub in gen_LC_finance:  [1. 1. 1. 1. 1. 1. 1. 1. 1. 1. 1. 1. 1. 1. 1. 1.]
<scipy.optimize._constraints.LinearConstraint object at 0x7f7b669f35e0>
params in def chemistry in vqe.py:  [0. 0. 0. 0. 0. 0. 0. 0. 0. 0. 0. 0. 0. 0. 0. 0.]
[0.0, 0.0, 0.0, 0.0, 0.0]
[0.0, 0.0, 0.0, 0.0, 0.0, 0.0, 0.0, 0.0]
E for cur_iter:  -0.5009641906595523
params in def chemistry in vqe.py:  [0.1 0.  0.  0.  0.  0.  0.  0.  0.  0.  0.  0.  0.  0.  0.  0. ]
[0.1, 0.0, 0.0, 0.0, 0.0]
[0.0, 0.0, 0.0, 0.0, 0.0, 0.0, 0.0, 0.0]
E for cur_iter:  -2.181370317184398
params in def chemistry in vqe.py:  [0.1 0.1 0.  0.  0.  0.  0.  0.  0.  0.  0.  0.  0.  0.  0.  0. ]
[0.1, 0.1, 0.0, 0.0, 0.0]
[0.0, 0.0, 0.0, 0.0, 0.0, 0.0, 0.0, 0.0]
E for cur_iter:  -2.323303827857976
params in def chemistry in vqe.py:  [0.1 0.1 0.1 0.  0.  0.  0.  0.  0.  0.  0.  0.  0.  0.  0.  0. ]
[0.1, 0.1, 0.1, 0.0, 0.0]
[0.0, 0.0, 0.0, 0.0, 0.0, 0.0, 0.0, 0.0]
E for cur_iter:  -4.722197336818597
params in def chemistry in vqe.py:  [0.1 0.1 0.1 0.1 0.  0.  0.  0.  0.  0.  0.  0.  0.  0.  0.  0. ]
[0.1, 0.1, 0.1, 0.1, 0.0]
[0.0, 0.0, 0.0, 0.0, 0.0, 0.0, 0.0, 0.0]
E for cur_iter:  -5.5313292055318595
params in def chemistry in vqe.py:  [0.1 0.1 0.1 0.1 0.1 0.  0.  0.  0.  0.  0.  0.  0.  0.  0.  0. ]
[0.1, 0.1, 0.1, 0.1, 0.1]
[0.0, 0.0, 0.0, 0.0, 0.0, 0.0, 0.0, 0.0]
E for cur_iter:  -5.5313292055318595
params in def chemistry in vqe.py:  [0.1 0.1 0.1 0.1 0.  0.1 0.  0.  0.  0.  0.  0.  0.  0.  0.  0. ]
[0.1, 0.1, 0.1, 0.1, 0.0]
[0.6283185307179586, 0.0, 0.0, 0.0, 0.0, 0.0, 0.0, 0.0]
E for cur_iter:  -5.504971492229211
params in def chemistry in vqe.py:  [0.1 0.1 0.1 0.1 0.  0.  0.1 0.  0.  0.  0.  0.  0.  0.  0.  0. ]
[0.1, 0.1, 0.1, 0.1, 0.0]
[0.0, 0.6283185307179586, 0.0, 0.0, 0.0, 0.0, 0.0, 0.0]
E for cur_iter:  -5.545231712560557
params in def chemistry in vqe.py:  [0.1 0.1 0.1 0.1 0.  0.  0.1 0.1 0.  0.  0.  0.  0.  0.  0.  0. ]
[0.1, 0.1, 0.1, 0.1, 0.0]
[0.0, 0.6283185307179586, 0.6283185307179586, 0.0, 0.0, 0.0, 0.0, 0.0]
E for cur_iter:  -5.526644455505933
params in def chemistry in vqe.py:  [0.1 0.1 0.1 0.1 0.  0.  0.1 0.  0.1 0.  0.  0.  0.  0.  0.  0. ]
[0.1, 0.1, 0.1, 0.1, 0.0]
[0.0, 0.6283185307179586, 0.0, 0.6283185307179586, 0.0, 0.0, 0.0, 0.0]
E for cur_iter:  -5.271458344592328
params in def chemistry in vqe.py:  [0.1 0.1 0.1 0.1 0.  0.  0.1 0.  0.  0.1 0.  0.  0.  0.  0.  0. ]
[0.1, 0.1, 0.1, 0.1, 0.0]
[0.0, 0.6283185307179586, 0.0, 0.0, 0.6283185307179586, 0.0, 0.0, 0.0]
E for cur_iter:  -5.522418636314893
params in def chemistry in vqe.py:  [0.1 0.1 0.1 0.1 0.  0.  0.1 0.  0.  0.  0.1 0.  0.  0.  0.  0. ]
[0.1, 0.1, 0.1, 0.1, 0.0]
[0.0, 0.6283185307179586, 0.0, 0.0, 0.0, 0.6283185307179586, 0.0, 0.0]
E for cur_iter:  -5.296050846347818
params in def chemistry in vqe.py:  [0.1 0.1 0.1 0.1 0.  0.  0.1 0.  0.  0.  0.  0.1 0.  0.  0.  0. ]
[0.1, 0.1, 0.1, 0.1, 0.0]
[0.0, 0.6283185307179586, 0.0, 0.0, 0.0, 0.0, 0.6283185307179586, 0.0]
E for cur_iter:  -5.567039323570629
params in def chemistry in vqe.py:  [0.1 0.1 0.1 0.1 0.  0.  0.1 0.  0.  0.  0.  0.1 0.1 0.  0.  0. ]
[0.1, 0.1, 0.1, 0.1, 0.0]
[0.0, 0.6283185307179586, 0.0, 0.0, 0.0, 0.0, 0.6283185307179586, 0.6283185307179586]
E for cur_iter:  -5.567039323570629
params in def chemistry in vqe.py:  [0.1 0.1 0.1 0.1 0.  0.  0.1 0.  0.  0.  0.  0.1 0.  0.1 0.  0. ]
[0.1, 0.1, 0.1, 0.1, 0.0]
[0.0, 0.6283185307179586, 0.0, 0.0, 0.0, 0.0, 0.6283185307179586, 0.0]
E for cur_iter:  -5.567039323570629
params in def chemistry in vqe.py:  [0.1 0.1 0.1 0.1 0.  0.  0.1 0.  0.  0.  0.  0.1 0.  0.  0.1 0. ]
[0.1, 0.1, 0.1, 0.1, 0.0]
[0.0, 0.6283185307179586, 0.0, 0.0, 0.0, 0.0, 0.6283185307179586, 0.0]
E for cur_iter:  -5.567039323570629
params in def chemistry in vqe.py:  [0.1 0.1 0.1 0.1 0.  0.  0.1 0.  0.  0.  0.  0.1 0.  0.  0.  0.1]
[0.1, 0.1, 0.1, 0.1, 0.0]
[0.0, 0.6283185307179586, 0.0, 0.0, 0.0, 0.0, 0.6283185307179586, 0.0]
E for cur_iter:  -5.567039323570629
params in def chemistry in vqe.py:  [ 1.55239581e-01  1.04665746e-01  1.78858241e-01  1.26598395e-01
  0.00000000e+00  1.65658749e-20  1.00457014e-01 -1.45418956e-19
 -4.30664844e-19 -2.98348215e-20  2.77555756e-18  1.00716876e-01
  0.00000000e+00  0.00000000e+00  0.00000000e+00  0.00000000e+00]
[0.1552395806339716, 0.10466574566931029, 0.17885824106972628, 0.12659839451891067, 0.0]
[1.0408646146641611e-19, 0.6311900326199796, -9.136942447184571e-19, -2.705947021800422e-18, -1.8745771201852293e-19, 1.7439342490043153e-17, 0.6328227972049094, 0.0]
E for cur_iter:  -1.5817138055532936
params in def chemistry in vqe.py:  [0.09579179 0.1498226  0.1        0.1        0.         0.
 0.1        0.         0.         0.         0.         0.1
 0.         0.         0.         0.        ]
[0.0957917935760546, 0.14982259526252587, 0.1, 0.1, 0.0]
[0.0, 0.6283185307179586, 0.0, 0.0, 0.0, 0.0, 0.6283185307179586, 0.0]
E for cur_iter:  -5.581441824804138
params in def chemistry in vqe.py:  [ 2.77555756e-17  1.40243715e-01  1.25638245e-01  1.08647621e-01
  0.00000000e+00  5.46498190e-21  1.00148583e-01 -1.00321691e-19
  2.05406448e-19 -2.93446796e-20  7.03086600e-20  1.00233069e-01
  0.00000000e+00  0.00000000e+00  0.00000000e+00  0.00000000e+00]
[2.7755575615628914e-17, 0.14024371461321392, 0.12563824466159065, 0.1086476205534229, 0.0]
[3.4337493989548804e-20, 0.6292521080753987, -6.303397742714179e-19, 1.2906067771703223e-18, -1.8437806000817895e-19, 4.41762339222376e-19, 0.6297829494603363, 0.0]
E for cur_iter:  -4.712650576240863
params in def chemistry in vqe.py:  [ 9.21451151e-02  1.49795670e-01  5.07583833e-02  1.07867716e-01
  0.00000000e+00 -3.81118112e-20  1.00135183e-01 -1.05619584e-21
 -1.16788684e-18  8.92896218e-21  0.00000000e+00  1.00212050e-01
  0.00000000e+00  0.00000000e+00  0.00000000e+00  0.00000000e+00]
[0.09214511508572071, 0.14979567000645252, 0.050758383286791664, 0.10786771599492649, 0.0]
[-2.394635720680102e-19, 0.6291679113611374, -6.636274193716249e-21, -7.33804946025286e-18, 5.610232400485417e-20, 0.0, 0.6296508776556506, 0.0]
E for cur_iter:  -5.856926675680917
params in def chemistry in vqe.py:  [ 9.00108073e-02  1.49779911e-01  3.99411468e-02  5.90987688e-02
  0.00000000e+00 -1.18957075e-18  1.00214302e-01 -1.14620280e-18
 -1.16788684e-18 -1.18531256e-18 -1.51262839e-18  1.00336157e-01
  0.00000000e+00  0.00000000e+00  0.00000000e+00  0.00000000e+00]
[0.09001080730398789, 0.14977991134176222, 0.03994114682299804, 0.059098768756034384, 0.0]
[-7.474293466271928e-18, 0.629665032157828, -7.201804597049399e-18, -7.338049460252861e-18, -7.447538433593717e-18, -9.504124457634678e-18, 0.6304306662892308, 0.0]
E for cur_iter:  -4.390669153249314
params in def chemistry in vqe.py:  [ 9.21451151e-02  1.49795670e-01  5.07583833e-02  1.07867716e-01
  2.50000000e-02 -3.81118112e-20  1.00135183e-01 -1.05619584e-21
 -1.16788684e-18  8.92896218e-21  0.00000000e+00  1.00212050e-01
  0.00000000e+00  0.00000000e+00  0.00000000e+00  0.00000000e+00]
[0.09214511508572071, 0.14979567000645252, 0.050758383286791664, 0.10786771599492649, 0.025000000000000005]
[-2.394635720680102e-19, 0.6291679113611374, -6.636274193716249e-21, -7.33804946025286e-18, 5.610232400485417e-20, 0.0, 0.6296508776556506, 0.0]
E for cur_iter:  -5.856926675680917
params in def chemistry in vqe.py:  [ 1.09641694e-01  1.51724671e-01  4.81979478e-02  1.54594902e-01
  0.00000000e+00 -1.25461865e-18  1.00352166e-01 -1.16788684e-18
 -1.16788684e-18 -1.24294350e-18 -1.17615121e-18  1.00552411e-01
  0.00000000e+00  0.00000000e+00  0.00000000e+00  0.00000000e+00]
[0.10964169419668662, 0.15172467101971063, 0.04819794779320081, 0.1545949020596404, 0.0]
[-7.883001482772722e-18, 0.6305312530620368, -7.33804946025286e-18, -7.338049460252865e-18, -7.809644360224138e-18, -7.389975976846004e-18, 0.6317894290281231, 0.0]
E for cur_iter:  -5.5543026796378765
params in def chemistry in vqe.py:  [ 9.21451151e-02  1.49795670e-01  5.07583833e-02  1.07867716e-01
  0.00000000e+00 -2.50000000e-02  1.00135183e-01 -1.05619584e-21
 -1.16788684e-18  8.92896218e-21  0.00000000e+00  1.00212050e-01
  0.00000000e+00  0.00000000e+00  0.00000000e+00  0.00000000e+00]
[0.09214511508572071, 0.14979567000645252, 0.050758383286791664, 0.10786771599492649, 0.0]
[-0.15707963267948968, 0.6291679113611374, -6.636274193716249e-21, -7.33804946025286e-18, 5.610232400485417e-20, 0.0, 0.6296508776556506, 0.0]
E for cur_iter:  -5.866223123980484
params in def chemistry in vqe.py:  [ 5.11095273e-02  1.46444441e-01  5.36696750e-02  1.20958309e-01
  0.00000000e+00  2.77555756e-17  1.00190390e-01  1.75675813e-20
 -1.61746942e-18  4.64189662e-20  0.00000000e+00  1.00298648e-01
  0.00000000e+00  0.00000000e+00  0.00000000e+00  0.00000000e+00]
[0.05110952731173111, 0.14644444073609716, 0.053669674972219736, 0.1209583092564801, 0.0]
[1.743934249004316e-16, 0.629514789373601, 1.1038036855059733e-19, -1.0162860106689818e-17, 2.9165896617371077e-19, 0.0, 0.6301949939613025, 0.0]
E for cur_iter:  -5.818603157503595
params in def chemistry in vqe.py:  [ 9.21433392e-02  1.50388386e-01  5.14100056e-02  1.07763601e-01
  0.00000000e+00 -2.50000000e-02  1.25119443e-01 -1.05619584e-21
 -1.16788684e-18  8.92896218e-21  0.00000000e+00  1.00212050e-01
  0.00000000e+00  0.00000000e+00  0.00000000e+00  0.00000000e+00]
[0.09214333922945424, 0.1503883858518366, 0.051410005611598864, 0.10776360122921122, 0.0]
[-0.15707963267948968, 0.7861486448789528, -6.636274193716249e-21, -7.33804946025286e-18, 5.610232400485417e-20, 0.0, 0.6296508776556506, 0.0]
E for cur_iter:  -5.875343905846283
params in def chemistry in vqe.py:  [ 9.16974632e-02  1.81413396e-01  8.15694821e-02  1.07027859e-01
  0.00000000e+00  6.59194921e-17  1.23665927e-01 -4.70461644e-21
 -1.15798440e-18  1.23617902e-20  7.51157299e-20  1.00255182e-01
  0.00000000e+00  0.00000000e+00  0.00000000e+00  0.00000000e+00]
[0.09169746318676919, 0.1814133964963018, 0.08156948211718833, 0.10702785868221154, 0.0]
[4.14184384138525e-16, 0.7770159351953241, -2.955997686103415e-20, -7.275830545767014e-18, 7.76714188350819e-20, 4.719660506773358e-19, 0.6299218888756754, 0.0]
E for cur_iter:  -5.832442177796715
params in def chemistry in vqe.py:  [ 9.21433392e-02  1.50388386e-01  5.14100056e-02  1.07763601e-01
  0.00000000e+00 -2.50000000e-02  1.25119443e-01 -2.50000000e-02
 -1.16788684e-18  8.92896218e-21  0.00000000e+00  1.00212050e-01
 -4.50053015e-18 -4.50053015e-18 -4.50053015e-18 -4.50053015e-18]
[0.09214333922945424, 0.1503883858518366, 0.05141000561159887, 0.10776360122921122, 0.0]
[-0.15707963267948968, 0.7861486448789528, -0.15707963267948968, -7.33804946025286e-18, 5.610232400485417e-20, 0.0, 0.6296508776556506, -2.8277664918417166e-17]
E for cur_iter:  -5.873930899680315
params in def chemistry in vqe.py:  [ 9.60043577e-02  1.25945359e-01  7.63710966e-02  1.07379764e-01
  0.00000000e+00  3.46944695e-17  1.25110715e-01  9.86843227e-06
 -1.06899227e-18 -2.04124078e-20  2.01593264e-19  1.25498951e-01
  2.18789154e-17  1.68941645e-17  1.77087554e-17  1.80411242e-17]
[0.09600435768223764, 0.12594535899338458, 0.07637109663787844, 0.10737976376624178, 0.0]
[2.1799178112553949e-16, 0.786093807579256, 6.200518861942412e-05, -6.7166765287367905e-18, -1.2825494067444559e-19, 1.2666478337179695e-18, 0.7885331677435415, 1.3746927982440644e-16]
E for cur_iter:  -5.826413313307446
params in def chemistry in vqe.py:  [ 9.21433392e-02  1.50388386e-01  5.14100056e-02  1.07763601e-01
  0.00000000e+00 -2.50000000e-02  1.25119443e-01 -1.05619584e-21
 -2.50000000e-02 -5.01898993e-19 -5.10827955e-19  1.00212050e-01
 -1.54725692e-20 -1.54725692e-20 -1.54725692e-20 -1.54725692e-20]
[0.09214333922945424, 0.1503883858518366, 0.051410005611598864, 0.10776360122921122, 0.0]
[-0.15707963267948968, 0.7861486448789528, -6.6362741937159e-21, -0.15707963267948968, -3.153524376314194e-18, -3.2096267003190485e-18, 0.6296508776556506, -9.721701951906393e-20]
E for cur_iter:  -5.866232577918125
params in def chemistry in vqe.py:  [ 9.49049790e-02  1.32908080e-01  6.93279596e-02  1.07784764e-01
  0.00000000e+00 -1.38777878e-17  1.25118100e-01  7.89622906e-06
  5.09163612e-05  3.14462646e-17  3.05145767e-17  6.49876822e-02
 -6.97433505e-19  4.80782833e-18  4.47318371e-18  3.71854204e-19]
[0.0949049790221842, 0.13290807961932372, 0.06932795963862115, 0.10778476424895013, 0.0]
[-8.71967124502158e-17, 0.7861402083089746, 4.961347039638086e-05, 0.0003199169326515554, 1.9758270783687334e-16, 1.9172873999372115e-16, 0.4083296499599163, -4.382103950794665e-18]
E for cur_iter:  -5.871821003854394
params in def chemistry in vqe.py:  [ 9.21433392e-02  1.50388386e-01  5.14100056e-02  1.07763601e-01
  0.00000000e+00 -2.50000000e-02  1.25119443e-01 -1.05619584e-21
 -6.57058889e-19 -2.50000000e-02 -2.23243992e-17  1.00212050e-01
 -7.57509095e-18 -7.57509095e-18 -7.57509095e-18 -7.57509095e-18]
[0.09214333922945424, 0.1503883858518366, 0.05141000561159887, 0.10776360122921122, 0.0]
[-0.15707963267948968, 0.7861486448789528, -6.636274193674643e-21, -4.128422759933817e-18, -0.15707963267948966, -1.4026833673328044e-16, 0.6296508776556505, -4.7595700180065874e-17]
E for cur_iter:  -5.875113491968089
params in def chemistry in vqe.py:  [ 1.06225079e-01  1.51771747e-01  4.97023855e-02  1.48638196e-01
  0.00000000e+00 -3.46944695e-17  1.25801701e-01  7.72889442e-05
  4.98373562e-04  1.26032326e-05  7.88005665e-17  9.95620760e-02
  2.46029570e-17  2.47455707e-17  2.43965987e-17  2.49800181e-17]
[0.10622507870737606, 0.15177174676377567, 0.049702385515558674, 0.14863819614379226, 0.0]
[-2.1799178112553949e-16, 0.7904353971345601, 0.00048562075839329627, 0.0031313734398390617, 7.918844585954651e-05, 4.951185613871026e-16, 0.6255669730399221, 1.545849376440552e-16]
E for cur_iter:  -5.638290924192833
params in def chemistry in vqe.py:  [ 9.21433392e-02  1.50388386e-01  5.14100056e-02  1.07763601e-01
  0.00000000e+00 -2.50000000e-02  1.25119443e-01 -1.05619584e-21
 -6.57058889e-19  2.23333281e-17 -2.50000000e-02  1.00212050e-01
 -4.15053885e-18 -4.15053885e-18 -4.15053885e-18 -4.15053885e-18]
[0.09214333922945425, 0.1503883858518366, 0.05141000561159887, 0.10776360122921126, 0.0]
[-0.15707963267948968, 0.7861486448789528, -6.636274193695772e-21, -4.12842275993343e-18, 1.4032443905728535e-16, -0.15707963267948966, 0.6296508776556505, -2.6078604703876723e-17]
E for cur_iter:  -5.83990992902167
params in def chemistry in vqe.py:  [ 8.58917496e-02  1.48979929e-01  4.35444297e-02  6.75488148e-02
  0.00000000e+00 -2.77555756e-17  1.27936807e-01  4.25275957e-04
  2.74225888e-03  6.93482343e-05  1.06646516e-02  9.51663029e-02
  2.23491033e-17  1.99543379e-17  2.87532366e-17  2.66898320e-17]
[0.08589174964911639, 0.14897992885687503, 0.04354442969205027, 0.0675488147980601, 0.0]
[-1.743934249004316e-16, 0.8038506642641696, 0.002672087647544771, 0.017230120714209617, 0.0004357278068376628, 0.06700798202924728, 0.5979475163148046, 1.404235574176928e-16]
E for cur_iter:  -4.889242265592308
params in def chemistry in vqe.py:  [ 9.21433392e-02  1.50388386e-01  5.14100056e-02  1.07763601e-01
 -1.95150941e-17 -2.50000000e-02  1.25119443e-01  4.49947396e-18
 -1.15241428e-18  7.58401992e-18  4.15053885e-18  1.00212050e-01
 -2.50000000e-02 -1.05085539e-18 -1.05085539e-18 -1.05085539e-18]
[0.09214333922945425, 0.1503883858518366, 0.05141000561159885, 0.10776360122921122, -1.9515094090488473e-17]
[-0.15707963267948954, 0.7861486448789528, 2.827102864422346e-17, -7.240832440733907e-18, 4.765180250407066e-17, 2.6078604703876735e-17, 0.6296508776556506, -0.15707963267948968]
E for cur_iter:  -5.87483936445104
params in def chemistry in vqe.py:  [8.29957417e-02 1.45277952e-01 7.87568439e-02 1.21635041e-01
 2.82822785e-02 1.04083409e-17 1.25096606e-01 7.92717977e-05
 5.11159372e-04 1.29265694e-05 1.98790006e-03 9.56480113e-02
 2.83055406e-05 2.05517425e-17 2.00433163e-17 2.70118672e-17]
[0.08299574168775196, 0.14527795185818812, 0.07875684393035469, 0.1216350405427895, 0.028282278524785116]
[6.539753433766185e-17, 0.7860051585477891, 0.0004980793944984645, 0.0032117090546613706, 8.122003123498041e-05, 0.012490344448976043, 0.6009741789828847, 0.00017784895685111444]
E for cur_iter:  -5.542090725438604
params in def chemistry in vqe.py:  [ 9.21433392e-02  1.50388386e-01  5.14100056e-02  1.07763601e-01
  8.36990672e-18 -2.50000000e-02  1.25119443e-01  4.49947396e-18
 -1.15241428e-18  7.58401992e-18  4.15053885e-18  1.00212050e-01
  1.05085539e-18 -2.50000000e-02  6.26275874e-18  6.26275874e-18]
[0.09214333922945424, 0.1503883858518366, 0.05141000561159885, 0.10776360122921122, 8.369906720711799e-18]
[-0.15707963267948957, 0.7861486448789529, 2.8271028644223436e-17, -7.240832440733724e-18, 4.765180250407061e-17, 2.6078604703876726e-17, 0.6296508776556506, 6.602719131868039e-18]
E for cur_iter:  -5.875413541120157
params in def chemistry in vqe.py:  [1.01803015e-01 1.47545593e-01 6.80127048e-02 1.12235016e-01
 2.27846993e-17 3.46944695e-17 9.61095781e-02 5.18379157e-05
 3.34260572e-04 8.45302412e-06 1.29994019e-03 9.71154255e-02
 1.85097383e-05 1.73472348e-17 3.64421180e-17 3.58618973e-17]
[0.10180301549443359, 0.14754559260580857, 0.06801270479781388, 0.11223501635694727, 2.2784699291395753e-17]
[2.1799178112553949e-16, 0.6038742891559198, 0.0003257072304378583, 0.0021002211147866526, 5.311191693905252e-05, 0.008167765104571694, 0.6101942144017356, 0.00011630011562846498]
E for cur_iter:  -5.876485624096555
params in def chemistry in vqe.py:  [ 1.01803015e-01  1.47545593e-01  6.80127048e-02  1.12235016e-01
  2.15672443e-17  1.06839069e-17  9.61095781e-02  5.18379157e-05
  3.34260572e-04  8.45302412e-06  1.29994019e-03  9.71154255e-02
  1.85097383e-05  1.10844760e-17 -2.50000000e-02  1.71235086e-17]
[0.1018030154944336, 0.14754559260580857, 0.0680127047978139, 0.1122350163569473, 2.1567244268994377e-17]
[6.712896701010715e-17, 0.6038742891559196, 0.0003257072304378866, 0.0021002211147866526, 5.311191693910012e-05, 0.00816776510457172, 0.6101942144017356, 0.00011630011562847158]
E for cur_iter:  -5.876464128904644
params in def chemistry in vqe.py:  [1.06460564e-01 1.50012563e-01 4.39089113e-02 7.29227400e-02
 2.52519821e-18 1.69500450e-02 9.23708296e-02 3.07968268e-04
 1.98583697e-03 5.02192876e-05 7.72292489e-03 9.64574515e-02
 1.09966073e-04 3.46944695e-19 3.89635319e-06 1.97228316e-22]
[0.1064605643611522, 0.1500125632440378, 0.04390891134009761, 0.0729227399543009, 2.5251982119590925e-18]
[0.10650027370108944, 0.5803830394005964, 0.0019350216994847799, 0.012477381682210995, 0.0003155370902876622, 0.048524568190875056, 0.6060600419370804, 0.0006909372171180646]
E for cur_iter:  -5.010281485613857
params in def chemistry in vqe.py:  [ 1.01803015e-01  1.47545593e-01  6.80127048e-02  1.12235016e-01
  3.79293745e-17  2.68635853e-17  9.61095781e-02  5.18379157e-05
  3.34260572e-04  8.45302412e-06  1.29994019e-03  9.71154255e-02
  1.85097383e-05  1.10844760e-17  5.51805067e-17 -2.50000000e-02]
[0.1018030154944336, 0.14754559260580857, 0.06801270479781389, 0.11223501635694728, 3.7929374483952996e-17]
[1.6878888455523754e-16, 0.6038742891559196, 0.0003257072304378866, 0.0021002211147866526, 5.311191693910012e-05, 0.00816776510457172, 0.6101942144017356, 0.00011630011562847158]
E for cur_iter:  -5.877074094132361
params in def chemistry in vqe.py:  [ 9.53254857e-02  1.40561808e-01  1.04943829e-01  1.26861186e-01
  4.75229229e-17  1.96555018e-17  8.39334420e-02  1.90485754e-04
  1.22828775e-03  3.10618328e-05  4.77681411e-03  9.03873409e-02
  6.80166516e-05  1.42929508e-17  2.10916411e-06 -6.93889390e-18]
[0.09532548574391164, 0.140561808071842, 0.10494382947076397, 0.1268611864659423, 4.752292290115381e-17]
[1.2349916011576668e-16, 0.5273693693081203, 0.001196857290659484, 0.00771755956983378, 0.00019516725165682247, 0.030013608235407243, 0.5679204124059953, 0.000427361225930988]
E for cur_iter:  -4.740279653964829
params in def chemistry in vqe.py:  [ 1.11014031e-01  1.49788136e-01  5.89907662e-02  1.27733170e-01
 -3.03286659e-03  8.75722227e-03  9.67649510e-02  5.18379157e-05
  3.34260572e-04  8.45302412e-06  1.29994019e-03  9.83600227e-02
  1.85097383e-05  2.48574592e-17  7.92698850e-03 -1.70730115e-02]
[0.11101403062072814, 0.14978813568755409, 0.05899076618714241, 0.1277331702392065, -0.003032866593919318]
[0.055023250302790185, 0.6079921185673712, 0.0003257072304378586, 0.002100221114786735, 5.3111916939032515e-05, 0.008167765104571878, 0.6180142492989263, 0.00011630011562857772]
E for cur_iter:  -5.838134074713296
params in def chemistry in vqe.py:  [9.47056402e-02 1.49815217e-01 5.50984568e-02 1.28709338e-01
 4.29997311e-17 1.28228739e-02 1.30922777e-01 1.28268895e-04
 8.27101815e-04 2.09163514e-05 3.21660100e-03 9.81088386e-02
 4.58009092e-05 1.51181272e-17 6.20446721e-17 6.93889390e-18]
[0.09470564022694783, 0.14981521730314137, 0.05509845676574344, 0.1287093380214184, 4.2999731096492187e-17]
[0.0805684926393377, 0.8226120678140536, 0.0008059372355245577, 0.0051968339694703925, 0.0001314213118747, 0.020210500147457615, 0.6164360134631003, 0.0002877756000531476]
E for cur_iter:  -5.825182412246334
params in def chemistry in vqe.py:  [ 0.10083125  0.14715935  0.06989131  0.11149738  0.00064571  0.00777485
  0.09569421 -0.00957274 -0.00929032 -0.00961613 -0.00832464  0.09685721
 -0.00960607 -0.00962458 -0.00121113 -0.02621113]
[0.10083124588935438, 0.14715935027905622, 0.06989131144149348, 0.11149738392471088, 0.0006457138300887703]
[0.04885082440282695, 0.6012644713584602, -0.06014730587224896, -0.05837279198790029, -0.060419901185747665, -0.05230524799811521, 0.6085717812458482, -0.06035671298705843]
E for cur_iter:  -5.864503531503129
params in def chemistry in vqe.py:  [ 7.91066146e-02  1.46223503e-01  6.93206798e-02  1.03579477e-01
  4.42739906e-17  4.77399371e-17  1.31460216e-01  1.84093064e-03
  2.55846100e-03  1.73070585e-03  5.01189182e-03  9.61112948e-02
  1.75625620e-03  1.70529411e-03  6.34075413e-17 -6.93889390e-18]
[0.0791066146174542, 0.14622350265989326, 0.06932067981325922, 0.10357947718011076, 4.4273990636208967e-17]
[2.999588712276842e-16, 0.8259888959543068, 0.011566908346411876, 0.016075284586558432, 0.010874345585763596, 0.03149064504152938, 0.603885075185135, 0.011034883170812575]
E for cur_iter:  -5.890720057403125
params in def chemistry in vqe.py:  [ 6.84304467e-02  1.52299671e-01  6.47671300e-02  1.05483405e-01
 -7.28585011e-18  2.08166817e-18  1.48044677e-01  2.36430135e-03
  3.40116791e-03  2.20502113e-03  6.94649576e-03  1.09122619e-01
  2.24194263e-03  2.16716296e-03 -1.21743903e-17 -6.80181236e-18]
[0.06843044672554413, 0.15229967146106818, 0.0647671299705466, 0.10548340460393617, -7.285850111791746e-18]
[1.3079506867532556e-17, 0.9301921391558364, 0.014855343491267756, 0.02137016825331331, 0.013854556338198218, 0.04364612009459886, 0.6856376339463199, 0.014086541021509207]
E for cur_iter:  -5.883120473144968
params in def chemistry in vqe.py:  [ 0.07753156  0.14468824  0.07506619  0.11027657 -0.00575263 -0.00431606
  0.1336121   0.00142879  0.00214632  0.00131856  0.00459975  0.0939734
  0.00134411  0.00129315 -0.00240921 -0.00240921]
[0.07753155813793688, 0.14468824244831924, 0.07506619397816394, 0.11027657494700528, -0.005752625769202044]
[-0.027118627234169575, 0.8395095906944147, 0.008977338043486618, 0.01348571428363326, 0.008284775282838363, 0.0289010747386042, 0.5904522752335044, 0.008445312867887283]
E for cur_iter:  -5.794942986220795
params in def chemistry in vqe.py:  [ 8.20263035e-02  1.48115848e-01  5.64154883e-02  8.48182683e-02
 -4.16333634e-18  8.41084915e-03  1.29035990e-01  2.52667946e-03
  3.89011468e-03  2.31723278e-03  8.55206925e-03  9.70127359e-02
  2.36578299e-03  2.26664630e-03  7.76354689e-04  7.25177367e-04]
[0.08202630351655518, 0.14811584802259495, 0.05641548832065558, 0.08481826831423836, -4.163336342344347e-18]
[0.052846923816393575, 0.8107570375248504, 0.015875595288921563, 0.024442311372817285, 0.014559602961590604, 0.05373423585167538, 0.6095489968960303, 0.014864652903888083]
E for cur_iter:  -5.608997268653916
params in def chemistry in vqe.py:  [ 0.07732674  0.14542461  0.07051064  0.10193473  0.00247436  0.0038034
  0.13333495 -0.0023755  -0.00165797 -0.00248573  0.00079546  0.09482187
 -0.00246018 -0.00251114 -0.00281845 -0.00281845]
[0.07732673923449668, 0.14542460555415962, 0.07051063716343399, 0.1019347254569114, 0.0024743571382795254]
[0.023897454458742654, 0.8377681756390992, -0.014925715309449554, -0.010417339069303047, -0.015618278070097788, 0.0049980213856679, 0.595783404387775, -0.015457740485048898]
E for cur_iter:  -5.8870621532008585
params in def chemistry in vqe.py:  [ 7.88065325e-02  1.45174970e-01  7.25979930e-02  1.07981057e-01
  2.37451142e-02 -2.43446568e-17  1.32593660e-01  3.72226743e-03
  4.61698097e-03  3.58482432e-03  7.67624910e-03  9.42690605e-02
  3.61668394e-03  3.55250669e-03 -3.81639165e-18  3.29517800e-18]
[0.07880653249570874, 0.14517497045197036, 0.07259799297062798, 0.10798105686876888, 0.023745114227612843]
[-1.5296199014470405e-16, 0.8331105353016899, 0.02338769604545461, 0.02900934701339404, 0.02252411547755797, 0.04823129553914626, 0.5923099758099876, 0.022724295369898066]
E for cur_iter:  -5.853009835922961
params in def chemistry in vqe.py:  [ 0.07863165  0.14597804  0.06982109  0.10345826  0.00039228  0.00071561
  0.1319797   0.00084509  0.00156262  0.00073487  0.00401605  0.09572836
  0.00076042  0.00070946  0.01216987 -0.00074881]
[0.07863164547799828, 0.14597803536247794, 0.06982108516691983, 0.10345825965229113, 0.0003922794655505707]
[0.004496308801094051, 0.8292529407457941, 0.005309875622692935, 0.009818251862839498, 0.004617312862044658, 0.02523361231781043, 0.6014790256985005, 0.004777850447093632]
E for cur_iter:  -5.889438899208092
params in def chemistry in vqe.py:  [ 7.46598154e-02  1.40713135e-01  8.41803359e-02  1.17576046e-01
 -6.75396995e-18 -1.14036396e-17  1.39280325e-01  1.30349350e-03
  2.69783704e-03  1.08929878e-03  7.46547557e-03  8.66546755e-02
  1.13894959e-03  1.03750761e-03 -5.89805982e-18  2.76775804e-18]
[0.07465981540289272, 0.14071313503412763, 0.0841803359493935, 0.11757604621839497, -6.753969952245318e-18]
[-7.165118086931216e-17, 0.8751240901461766, 0.008190091212442798, 0.016951010052915206, 0.006844266060596878, 0.04690696639923694, 0.5444673839852491, 0.007156231317829973]
E for cur_iter:  -5.520006218339806
params in def chemistry in vqe.py:  [ 7.68832150e-02  1.43468319e-01  7.67505079e-02  1.10577762e-01
 -6.84643193e-18 -9.17126676e-18  1.35370270e-01  1.57221207e-03
  2.62814902e-03  1.41000231e-03  6.23868369e-03  9.13829851e-02
  1.44760290e-03  1.37140086e-03 -6.41847686e-18 -2.08556793e-18]
[0.07688321501017346, 0.14346831884701045, 0.07675050788132635, 0.11057776169925286, -6.846431928076292e-18]
[-5.762476854721001e-17, 0.8505564930502418, 0.009878499779427338, 0.01651314731973682, 0.008859305823180237, 0.039198805720383166, 0.574176229585192, 0.009095557244321274]
E for cur_iter:  -5.767576971731223
params in def chemistry in vqe.py:  [7.89149474e-02 1.46152164e-01 6.93655936e-02 1.03257764e-01
 2.92040741e-04 5.45818597e-04 1.31653355e-01 1.32801258e-03
 2.04554294e-03 1.21778779e-03 4.49897376e-03 9.59901231e-02
 1.24333814e-03 1.19237604e-03 5.43941795e-05 6.07441340e-03]
[0.07891494740542987, 0.146152163775527, 0.06936559360396664, 0.10325776385965921, 0.0002920407409910418]
[0.0034294793863974874, 0.8272024285522469, 0.00834414911087332, 0.012852525351019878, 0.007651586350225053, 0.028267885805990815, 0.6031237310440816, 0.00781212393527402]
E for cur_iter:  -5.891567455838527
params in def chemistry in vqe.py:  [0.080477   0.14716256 0.06284647 0.09400829 0.00099857 0.00457518
 0.1303089  0.00189335 0.00292491 0.00173488 0.00645211 0.09656339
 0.00177162 0.00169723 0.00041473 0.0059089 ]
[0.08047700010107836, 0.1471625567751219, 0.062846470057095, 0.09400829116265907, 0.0009985655316197889]
[0.028746731117839652, 0.8187549693891163, 0.011896260146751717, 0.018377767765192246, 0.010900591069841538, 0.04053979926118234, 0.6067256952256155, 0.011131389371739372]
E for cur_iter:  -5.84650564345581
params in def chemistry in vqe.py:  [8.30952462e-02 1.44168125e-01 7.15670663e-02 1.02028093e-01
 2.92904780e-04 5.33918682e-04 1.33788069e-01 1.30429912e-03
 2.02182949e-03 1.19407434e-03 4.47526030e-03 9.85847524e-02
 1.21962469e-03 1.16866259e-03 5.43105970e-05 6.07450820e-03]
[0.08309524624978287, 0.14416812487103586, 0.0715670662552633, 0.10202809309597269, 0.00029290478013299816]
[0.0033547100155765746, 0.8406152288495535, 0.008195153095175798, 0.012703529335322351, 0.0075025903345275185, 0.02811888979029328, 0.6194262677920466, 0.0076631279195765005]
E for cur_iter:  -5.878229449920242
params in def chemistry in vqe.py:  [7.51746773e-02 1.43540704e-01 7.08478590e-02 1.04537516e-01
 4.91956215e-04 1.57762590e-03 1.23913133e-01 8.01516150e-04
 1.60327174e-03 6.78352945e-04 4.34469142e-03 1.04309916e-01
 7.06902450e-04 6.49658444e-04 8.09761626e-05 6.09870465e-03]
[0.07517467728059363, 0.14354070426279203, 0.07084785903129985, 0.10453751606642929, 0.0004919562146523631]
[0.00991251587128471, 0.7785691787760727, 0.00503607449449459, 0.010073653420936182, 0.004262217260217503, 0.02729850131183423, 0.6553985315224591, 0.004441599084685363]
E for cur_iter:  -5.865750327593463
params in def chemistry in vqe.py:  [7.87796537e-02 1.46104851e-01 6.95284333e-02 1.03215158e-01
 2.54057868e-04 1.06893490e-03 1.31715774e-01 6.67161822e-04
 7.65384694e-03 5.56937035e-04 2.14647721e-03 9.59702184e-02
 5.82487386e-04 5.31525289e-04 5.80684384e-05 6.07024589e-03]
[0.07877965373530509, 0.14610485084878075, 0.06952843325866805, 0.1032151580166038, 0.0002540578679670636]
[0.006716316035428245, 0.8275946139402679, 0.004191901358961601, 0.04809053864696026, 0.003499338598313347, 0.013486714083099895, 0.6029986664093228, 0.0036598761833622957]
E for cur_iter:  -5.887455361716105
params in def chemistry in vqe.py:  [ 7.79094814e-02  1.45094728e-01  6.69587398e-02  1.02584415e-01
  8.03370179e-04  2.27682456e-18  1.32201503e-01  6.87639284e-03
 -2.16840434e-18  6.74875970e-03 -4.33680869e-18  9.61653857e-02
  6.77834535e-03  6.71893108e-03  6.67162428e-05  6.13368730e-03]
[0.07790948138176977, 0.14509472811700658, 0.0669587397623433, 0.10258441489403224, 0.0008033701792756261]
[1.430571063636353e-17, 0.830646540901285, 0.04320565047338585, -1.3624486320346218e-17, 0.04240370780436962, -2.7248972640692436e-17, 0.604224938530283, 0.04258959989494506]
E for cur_iter:  -5.889321195151035
params in def chemistry in vqe.py:  [ 7.89021067e-02  1.46147673e-01  6.93810486e-02  1.03253720e-01
  2.88435802e-04  5.95467347e-04  1.31659280e-01 -3.01003195e-03
  2.05145456e-03  1.15506672e-03  4.51659458e-03  9.59882339e-02
  5.74141542e-03  1.12965497e-03  5.47429019e-05  6.07401786e-03]
[0.07890210673943403, 0.14614767332531545, 0.06938104864790898, 0.10325372015680422, 0.00028843580230017245]
[0.003741431686561586, 0.8272396507044095, -0.01891258852159851, 0.012889669149709931, 0.007257498242000373, 0.028378600699801873, 0.6031118612115804, 0.036074376989471905]
E for cur_iter:  -5.89065592367197
params in def chemistry in vqe.py:  [7.94927586e-02 1.45975713e-01 6.67304053e-02 1.03248427e-01
 8.79851735e-04 8.34835673e-18 1.31431973e-01 4.33680869e-19
 1.43216219e-03 9.64008020e-03 2.86780891e-03 9.62484505e-02
 6.50521303e-19 9.61229979e-03 3.06665805e-05 6.14060869e-03]
[0.07949275862809578, 0.14597571279466962, 0.06673040533074984, 0.10324842699428914, 0.0008798517347621242]
[5.245427233333294e-17, 0.8258114430507063, 2.7248972640692436e-18, 0.008998540447374654, 0.060570410294025566, 0.018018974824213895, 0.6047468501642002, 4.087345896103865e-18]
E for cur_iter:  -5.891722749906658
params in def chemistry in vqe.py:  [7.94882368e-02 1.45974448e-01 6.67360592e-02 1.03246728e-01
 8.78632523e-04 1.67915101e-05 1.31433954e-01 2.76261022e-06
 1.43418239e-03 5.22401346e-03 2.87379540e-03 9.62477958e-02
 2.50664622e-06 1.40350202e-02 3.07845206e-05 6.14047492e-03]
[0.0794882367839401, 0.14597444764500678, 0.06673605921916105, 0.10324672810078418, 0.000878632522521914]
[0.00010550416951178015, 0.825823890117071, 1.735799192120461e-05, 0.00901123372917824, 0.03282344464356054, 0.018056589032739274, 0.6047427363152776, 1.5749722717516825e-05]
E for cur_iter:  -5.891598011250845
params in def chemistry in vqe.py:  [ 8.19055848e-02  1.45374502e-01  5.64329768e-02  1.03281566e-01
  3.17860279e-03 -2.99397144e-18  1.30491890e-01 -1.56012483e-18
 -1.30104261e-18  5.95377923e-03 -5.20417043e-18  9.72637962e-02
 -8.40060290e-19  6.02097081e-03 -4.47233396e-19  6.39930832e-03]
[0.08190558478504795, 0.14537450191051748, 0.05643297675221406, 0.10328156577821927, 0.0031786027917766494]
[-1.8811677367127595e-17, 0.8199047229091456, -9.802553390269007e-18, -8.17469179220773e-18, 0.03740869816879172, -3.269876716883092e-17, 0.6111264554405651, -5.278254470542136e-18]
E for cur_iter:  -5.8643882843923905
params in def chemistry in vqe.py:  [8.14830441e-02 1.49199043e-01 6.70469972e-02 1.05613607e-01
 5.76608340e-04 4.17639715e-03 1.30910697e-01 5.86175405e-04
 1.16808883e-03 9.83682470e-03 2.53064161e-03 9.68153122e-02
 5.36816352e-04 9.79649138e-03 6.00007158e-05 6.10733661e-03]
[0.0814830440640561, 0.14919904260044234, 0.06704699721293973, 0.10561360667362893, 0.0005766083402368801]
[0.026241077184257246, 0.8225361659475503, 0.0036830486895829124, 0.007339318594226574, 0.061806592435897444, 0.015900490185725126, 0.6083085473988856, 0.0033729166143536358]
E for cur_iter:  -5.881161943300273
params in def chemistry in vqe.py:  [ 8.07775264e-02  1.56639093e-01  6.99614196e-02  9.97652317e-02
  1.94898902e-03  3.88182792e-19  1.29191005e-01 -2.59889930e-18
 -8.67361738e-19  9.19966399e-03 -5.63785130e-18  9.74738805e-02
 -1.50804339e-18  9.20247940e-03 -8.13151629e-19  6.26158516e-03]
[0.08077752638355613, 0.1566390934887735, 0.06996141958348055, 0.09976523169829199, 0.0019489890192313565]
[2.4390244143574867e-18, 0.8117310269342739, -1.6329365923753346e-17, -5.449794528138487e-18, 0.057803193640649335, -3.542366443290017e-17, 0.6124464538337752, -9.475316063513223e-18]
E for cur_iter:  -5.890485084026906
params in def chemistry in vqe.py:  [ 8.20733942e-02  1.44429952e-01  6.77000128e-02  1.02756643e-01
 -2.31242219e-04 -1.14653813e-04  1.27453448e-01  5.28742404e-06
  9.35672759e-04  9.57488096e-03  1.58594230e-03  9.31088729e-02
  1.53621888e-05  9.55136304e-03  1.48056623e-05  6.13933161e-03]
[0.08207339422886198, 0.14442995192547975, 0.067700012837863, 0.10275664332889436, -0.00023124221855186507]
[-0.00072039115494153, 0.800813629785101, 3.322186506215366e-05, 0.005879005333966626, 0.06016075139477643, 0.009964769379804938, 0.5850203024298101, 9.652347893644685e-05]
E for cur_iter:  -5.891521535831498
params in def chemistry in vqe.py:  [ 7.48071882e-02  1.49224691e-01  6.10661100e-02  1.00889104e-01
  1.08420217e-18 -2.25504729e-18  1.38192556e-01 -2.46108571e-18
 -2.38524478e-18  8.63631598e-03 -4.33680869e-18  1.01476279e-01
 -6.53470736e-19  8.61469745e-03 -1.35525272e-18  6.13792736e-03]
[0.07480718817107374, 0.14922469071877423, 0.06106610995649413, 0.10088910438470262, 1.0842021724855044e-18]
[-1.41688800235733e-17, 0.8682894398587041, -1.5463457584506665e-17, -1.4986934952380838e-17, 0.05426357366592871, -2.7248972640692436e-17, 0.6375942623097618, -4.105877723981929e-18]
E for cur_iter:  -5.874603118884456
params in def chemistry in vqe.py:  [ 0.07959889  0.1476945   0.06553201  0.10464793 -0.00254788 -0.00223146
  0.13103793  0.00163587  0.00108754  0.00926146  0.00542919  0.09571347
 -0.00054507  0.00924057  0.00072284  0.00840306]
[0.07959888720701168, 0.14769450298366704, 0.06553201148775134, 0.10464792989727675, -0.002547883900226397]
[-0.014020693111015928, 0.8233356208183193, 0.010278502795676004, 0.006833211349331765, 0.058191450740323475, 0.034112610977216636, 0.6013854781640297, -0.0034247837203388006]
E for cur_iter:  -5.889487670044949
params in def chemistry in vqe.py:  [ 8.36805706e-02  1.45859724e-01  6.62043805e-02  1.02455009e-01
  6.50521303e-19 -5.36890202e-18  1.30228731e-01 -2.34844185e-18
  8.47137835e-03  1.18373434e-02  2.54085233e-03  1.01441740e-01
  5.85846996e-03  1.18092844e-02  1.73938085e-03  2.66975422e-03]
[0.08368057056746789, 0.14585972441089198, 0.0662043804995162, 0.10245500851822494, 6.505213034913027e-19]
[-3.37338062614029e-17, 0.8182512513647481, -1.4755695325515355e-17, 0.05322723997734518, 0.0743762221095881, 0.01596464600924367, 0.6373772502826116, 0.0368098523843337]
E for cur_iter:  -5.881010733393419
params in def chemistry in vqe.py:  [ 0.07886181  0.14708727  0.06655738  0.1044764   0.00555866 -0.00077822
  0.13237919  0.00117119  0.00238463  0.00970491  0.00582405  0.0968314
  0.00039305  0.00967593  0.0004345   0.00704227]
[0.07886180564986875, 0.1470872672564391, 0.06655737590302337, 0.10447640009670817, 0.005558662238835069]
[-0.004889726728004157, 0.8317629926929087, 0.007358781388297293, 0.014983050337272895, 0.06097776366076944, 0.036593563458358444, 0.6084096545037944, 0.002469631121477205]
E for cur_iter:  -5.892955670755403
params in def chemistry in vqe.py:  [ 7.53954788e-02  1.47160391e-01  7.28104306e-02  1.08259430e-01
  7.06666181e-03 -9.75781955e-19  1.34246224e-01 -4.33680869e-19
  3.29563231e-03  1.15860724e-02  3.05756975e-03  8.91038552e-02
  1.76255624e-03  1.14872853e-02 -4.87890978e-19  4.59327017e-03]
[0.0753954787641139, 0.14716039072205714, 0.07281043063086848, 0.10825942974904629, 0.007066661812495893]
[-6.131018844155798e-18, 0.8434939016922102, -2.7248972640692436e-18, 0.02070706848015201, 0.0727974398524592, 0.01921127730561731, 0.5598560340535867, 0.011074467441001006]
E for cur_iter:  -5.843674864159741
params in def chemistry in vqe.py:  [ 7.66512947e-02  1.44152615e-01  6.79154839e-02  1.03217264e-01
  5.42320231e-03 -3.85367731e-04  1.29468259e-01 -1.08276503e-04
  1.27595984e-03  1.17372979e-02  4.73679831e-03  9.80903070e-02
 -1.22155107e-03  8.71071578e-03  2.78550272e-05  6.90011943e-03]
[0.07665129465332096, 0.14415261478203723, 0.06791548393170573, 0.10321726434258545, 0.005423202306809168]
[-0.0024213368630987496, 0.8134730622342196, -0.00068032133354267, 0.008017092098890434, 0.07374761762194638, 0.029762181559332242, 0.6163195758775617, -0.007675231751786583]
E for cur_iter:  -5.883790953600335
params in def chemistry in vqe.py:  [ 7.57760266e-02  1.50283856e-01  6.70006242e-02  1.09865753e-01
  6.32859370e-03 -7.58941521e-19  1.28156776e-01  3.94598911e-03
  2.25094122e-03  5.20531529e-03  8.08968791e-03  1.03641129e-01
  1.87444132e-03  1.14147239e-02  1.17380151e-03  8.77641196e-03]
[0.07577602663981307, 0.15028385633481187, 0.06700062415632664, 0.1098657531689848, 0.006328593701208848]
[-4.768570212121176e-18, 0.8052327715648925, 0.024793380819126225, 0.01414308081468395, 0.03270596056702754, 0.050829008238527575, 0.6511964164964816, 0.011777462146671315]
E for cur_iter:  -5.875394025394355
params in def chemistry in vqe.py:  [0.07802666 0.14760827 0.0656271  0.10064069 0.00533552 0.00178025
 0.13175274 0.00233562 0.00310359 0.00931489 0.00912983 0.0955356
 0.00093031 0.01023676 0.00072935 0.00749519]
[0.0780266611876552, 0.14760827076838398, 0.0656270999643077, 0.10064069172168558, 0.005335519633861119]
[0.01118564140663548, 0.8278268762447966, 0.014675157235999858, 0.01950044240701514, 0.058527184561440584, 0.05736441167593961, 0.6002679012399678, 0.0058453007223590574]
E for cur_iter:  -5.89287806411321
params in def chemistry in vqe.py:  [ 0.07895023  0.14695998  0.06666817  0.10443729  0.00568774 -0.00068765
  0.13248879  0.00096643  0.0014993   0.00970615  0.00582642  0.09679904
  0.00043739  0.00972579  0.00339491  0.00673305]
[0.07895022982442575, 0.14695998205421085, 0.06666817265063675, 0.1044372878953876, 0.005687741048195602]
[-0.00432066351760881, 0.8324516431350623, 0.00607224285800443, 0.009420360860109021, 0.06098555358528905, 0.0366084472935854, 0.6082062861656399, 0.002748173025626344]
E for cur_iter:  -5.89307981718391
params in def chemistry in vqe.py:  [ 8.08986452e-02  1.46835708e-01  6.68470223e-02  1.03969546e-01
  5.70814604e-03  1.30104261e-18  1.33098084e-01 -3.25260652e-19
 -8.67361738e-19  1.06445953e-02  9.04127710e-03  9.78055561e-02
  3.09255458e-03  1.09183746e-02  1.31801820e-03  4.29198172e-03]
[0.08089864520634747, 0.14683570809426327, 0.06684702234911585, 0.10396954557791173, 0.005708146039472848]
[8.17469179220773e-18, 0.8362799284968838, -2.0436729480519327e-18, -5.449794528138487e-18, 0.06688196475851281, 0.0568080194326161, 0.6145304332695559, 0.019431093527704776]
E for cur_iter:  -5.886810286007686
params in def chemistry in vqe.py:  [ 0.07893596  0.14678054  0.06712812  0.10434283  0.0056061  -0.00042304
  0.1327131  -0.00092973  0.00165893  0.00911586  0.00592887  0.09682052
  0.00174951  0.00903432  0.00345223  0.00852256]
[0.07893595932080892, 0.1467805441581021, 0.06712811882780305, 0.10434283178057377, 0.005606104124543641]
[-0.002658044922541021, 0.8338610023971255, -0.005841689308421499, 0.010423366355776675, 0.057276624423397836, 0.037252170868468, 0.6083412839963545, 0.010992464614641973]
E for cur_iter:  -5.893115102193875
params in def chemistry in vqe.py:  [ 8.21218874e-02  1.45627444e-01  6.94412950e-02  1.02749335e-01
  5.93106454e-03 -5.42101086e-20  1.34811889e-01  1.03578282e-03
  1.77042624e-03  8.12451550e-03  6.23944743e-03  9.83852337e-02
 -1.73472348e-18  8.65866877e-03  3.58003235e-03  1.06158347e-02]
[0.08212188738885275, 0.14562744367614808, 0.06944129503634776, 0.10274933457864711, 0.005931064542671697]
[-3.4061215800865545e-19, 0.8470480786240834, 0.006508015370526509, 0.011123916164641721, 0.05104783644319088, 0.039203604390426104, 0.6181726545485854, -1.0899589056276974e-17]
E for cur_iter:  -5.879876183926368
params in def chemistry in vqe.py:  [ 0.07904545  0.14682005  0.06663113  0.10427378  0.00589417 -0.00049872
  0.13262979 -0.00036147  0.00095952  0.01059477  0.00530063  0.09681639
  0.00239428  0.0108071   0.00341518  0.01008807]
[0.07904545097941529, 0.14682005467237993, 0.0666311254792983, 0.10427377746327582, 0.005894173505919088]
[-0.0031335679960704976, 0.8333375556233571, -0.0022711768976759073, 0.006028838714417426, 0.06656891079611771, 0.033304865511340855, 0.6083152922420826, 0.01504367611047569]
E for cur_iter:  -5.8929829516472685
params in def chemistry in vqe.py:  [ 8.12614695e-02  1.46717594e-01  6.31541517e-02  1.03808777e-01
  7.64843685e-03 -7.04731412e-19  1.30305201e-01 -4.33680869e-19
  1.09508992e-03  7.65365725e-03  5.18968340e-03  9.52731925e-02
  1.79298314e-03  7.97083095e-03  3.39563834e-03  8.68922157e-03]
[0.08126146950853361, 0.14671759366392242, 0.06315415167129437, 0.10380877711937223, 0.007648436849634762]
[-4.427958054112521e-18, 0.8187317265091575, -2.7248972640692436e-18, 0.006880652891143116, 0.048089346748917, 0.03260774247382585, 0.5986191233417774, 0.011265645311946688]
E for cur_iter:  -5.88852274044982
params in def chemistry in vqe.py:  [ 0.07796235  0.14712254  0.06664904  0.10450882  0.00585454  0.0001572
  0.13390867 -0.00103961 -0.00055345  0.00856679  0.00606683  0.0966189
  0.00090356  0.00867248  0.0028251   0.00885154]
[0.07796234761018385, 0.1471225357098064, 0.06664904470931653, 0.10450881852181072, 0.005854535443505702]
[0.000987686313390647, 0.84137297416569, -0.006532050222902002, -0.00347741549627073, 0.05382673997686349, 0.03811904603019042, 0.6070744687368504, 0.0056772354872204524]
E for cur_iter:  -5.892776457438832
params in def chemistry in vqe.py:  [ 7.74741333e-02  1.47491637e-01  6.36023861e-02  1.02752341e-01
  5.01995647e-03 -1.19262239e-18  1.35428323e-01 -1.51788304e-18
  3.62509708e-03  9.72166253e-03  4.57154555e-03  9.91857019e-02
  1.96006154e-03  9.04521800e-03  4.04670314e-03  7.72693180e-03]
[0.07747413328264391, 0.14749163677174487, 0.06360238605762081, 0.1027523409457181, 0.005019956471542277]
[-7.493467476190419e-18, 0.8509212468399016, -9.537140424242352e-18, 0.022777156728923255, 0.06108300718569085, 0.028723867817596855, 0.6232021450593977, 0.012315429857180569]
E for cur_iter:  -5.891764965250791
params in def chemistry in vqe.py:  [ 0.07911518  0.1453302   0.06624278  0.10583127  0.00537682  0.0005867
  0.13308027 -0.00144191  0.00242279  0.00935364  0.00690931  0.09661052
  0.00075226  0.0096492   0.00363206  0.00885591]
[0.07911517595823382, 0.14533020006492406, 0.06624277915581439, 0.10583127367930231, 0.005376824180658435]
[0.0036863498775167557, 0.8361679973613516, -0.009059799440483924, 0.015222867898858544, 0.05877065248666083, 0.043412494631631035, 0.6070218286483082, 0.00472658311557078]
E for cur_iter:  -5.89158608098189
params in def chemistry in vqe.py:  [ 8.00284241e-02  1.51518746e-01  6.65137891e-02  1.02983438e-01
  6.56716861e-03 -2.54787511e-18  1.31932083e-01 -7.58941521e-19
  2.54458231e-03  9.97327429e-03  6.99107996e-03  9.73639455e-02
  1.30104261e-18  1.11472388e-02  3.69798824e-03  8.81812707e-03]
[0.08002842405393992, 0.1515187460834834, 0.06651378905065172, 0.1029834375716078, 0.006567168606657967]
[-1.6008771426406807e-17, 0.8289537225246826, -4.768570212121176e-18, 0.015988082192837136, 0.06266393047863157, 0.04392625089361725, 0.6117557119830974, 8.17469179220773e-18]
E for cur_iter:  -5.884840057450125
params in def chemistry in vqe.py:  [ 0.0796427   0.14665929  0.0671321   0.10328122  0.00563505 -0.00075705
  0.13377002 -0.00206866  0.0018791   0.01021345  0.00532731  0.09500907
  0.00108674  0.00897119  0.00330892  0.00803517]
[0.07964269591109757, 0.14665929327745722, 0.06713209801687221, 0.10328121537195087, 0.005635048995924425]
[-0.004756660599034263, 0.8405018466831545, -0.01299777012837698, 0.011806720624745581, 0.06417302495186682, 0.03347244785105171, 0.596959584463207, 0.006828165884471138]
E for cur_iter:  -5.891664611097964
params in def chemistry in vqe.py:  [ 7.56024475e-02  1.46973290e-01  6.77943140e-02  1.06187820e-01
  5.93364704e-03 -2.22261445e-18  1.33528222e-01  7.59638741e-04
  2.71869190e-03  7.95796565e-03  5.68946247e-03  9.36638115e-02
  4.42925920e-03  9.49091173e-03  3.91117263e-03  8.10487761e-03]
[0.07560244749715511, 0.14697328958729095, 0.06779431402619013, 0.10618781989825704, 0.005933647038384936]
[-1.3965098478354872e-17, 0.8389825654182247, 0.004772950974655352, 0.017082044992429973, 0.050001372815929174, 0.03574794697254634, 0.588507084171967, 0.02782985633809513]
E for cur_iter:  -5.868295566630209
params in def chemistry in vqe.py:  [ 7.90312495e-02  1.46961960e-01  6.62541806e-02  1.04410329e-01
  3.37488844e-03 -2.22261445e-18  1.32444304e-01 -1.19262239e-18
  1.18697365e-03  9.52928307e-03  7.03547463e-03  9.65992855e-02
  1.58088675e-03  8.24125340e-03  3.62867309e-03  9.23366081e-03]
[0.0790312495307351, 0.14696196017847793, 0.06625418055111348, 0.1044103292853218, 0.0033748884386979637]
[-1.3965098478354872e-17, 0.8321721062462062, -7.493467476190419e-18, 0.007457975421442347, 0.05987425137094787, 0.044205190831324424, 0.6069512113903947, 0.00993300439983115]
E for cur_iter:  -5.893826863139027
params in def chemistry in vqe.py:  [ 0.07928144  0.14703995  0.06640597  0.10434357  0.00271772  0.00082983
  0.1322847  -0.00017255  0.0010798   0.00903973  0.00629637  0.09656781
  0.00160954  0.00878178  0.00354622  0.00896669]
[0.07928143628583569, 0.14703995169469442, 0.0664059662554173, 0.10434357392046013, 0.0027177156651258805]
[0.0052139926387363405, 0.8311692672448819, -0.0010841812070819844, 0.0067846045941778125, 0.056798279911816824, 0.039561248951495286, 0.6067534620557021, 0.010113007605715488]
E for cur_iter:  -5.893159146245482
params in def chemistry in vqe.py:  [ 7.86449002e-02  1.46323479e-01  6.55243229e-02  1.03579860e-01
  2.27160278e-03 -4.79051412e-18  1.32216575e-01 -4.04407410e-18
  9.14120362e-04  7.77494835e-03  7.60583689e-03  9.66503634e-02
  1.03640235e-03  9.94983451e-03  3.63249792e-03  9.38008889e-03]
[0.07864490016124023, 0.14632347941342488, 0.06552432285474348, 0.10357985988054075, 0.0022716027827497927]
[-3.009968794045813e-17, 0.8307412388771255, -2.5409666987445695e-17, 0.005743587626279129, 0.04885144124308372, 0.047788882590288774, 0.6072721431172556, 0.006511908033411952]
E for cur_iter:  -5.893148315609768
params in def chemistry in vqe.py:  [7.83239313e-02 1.46824291e-01 6.64152946e-02 1.04187309e-01
 3.40479559e-03 9.13824194e-05 1.31894892e-01 6.56232759e-05
 1.49467219e-03 9.59703158e-03 6.45858792e-03 9.64970964e-02
 7.71685986e-04 7.94480429e-03 3.82213867e-03 9.78902286e-03]
[0.0783239313038803, 0.14682429136961256, 0.06641529461788637, 0.10418730854676099, 0.0034047955869324384]
[0.0005741726751840142, 0.8287200471069898, 0.00041232320266194265, 0.00939130233129938, 0.060299927829393946, 0.040580504730988766, 0.6063091380891055, 0.004848646047890825]
E for cur_iter:  -5.89190696417023
params in def chemistry in vqe.py:  [ 7.88674987e-02  1.46125425e-01  6.60289056e-02  1.03709164e-01
  3.10968724e-03 -2.25969764e-18  1.31309370e-01 -3.43692089e-18
  4.89575870e-05  1.08010039e-02  7.62107753e-03  9.81075850e-02
  1.95097447e-03  8.05847544e-03  3.14150254e-03  8.13809270e-03]
[0.07886749874620647, 0.14612542541084567, 0.06602890560077475, 0.10370916371039761, 0.003109687240289932]
[-1.4198098998432386e-17, 0.8250411014955583, -2.159481081774875e-17, 0.00030760959101970624, 0.06786470921529379, 0.04788464234907255, 0.6164281365969903, 0.012258334144246381]
E for cur_iter:  -5.892677226326991
params in def chemistry in vqe.py:  [ 0.07947379  0.14714768  0.06601403  0.10494708  0.00299359 -0.00086417
  0.1323969  -0.00046187  0.00098052  0.00947845  0.00656506  0.09710882
  0.00111059  0.008215    0.00361421  0.00933042]
[0.07947378591410392, 0.1471476758529445, 0.06601402552022957, 0.10494708044151795, 0.0029935854852575295]
[-0.005429720633628465, 0.8318742636084034, -0.0029020128769412334, 0.00616078730759672, 0.059554878491758105, 0.04124951746716427, 0.6101527036554847, 0.006978056020893186]
E for cur_iter:  -5.893957550295864
params in def chemistry in vqe.py:  [ 7.83278616e-02  1.47313626e-01  6.59852564e-02  1.06361531e-01
  2.26694628e-03 -1.08420217e-19  1.32685097e-01 -5.42101086e-19
  7.96435024e-04  9.30342636e-03  6.60478150e-03  9.61454884e-02
  2.91394532e-03  8.35204634e-03  3.61796924e-03  8.56406920e-03]
[0.07832786158504437, 0.14731362576853776, 0.06598525643501445, 0.10636153134524419, 0.0022669462835883504]
[-6.812243160173109e-19, 0.8336850532916029, -3.4061215800865545e-18, 0.005004148842114465, 0.058455151836735816, 0.041499066053995816, 0.604099920010991, 0.01830885839868408]
E for cur_iter:  -5.892219831821109
params in def chemistry in vqe.py:  [ 0.07972905  0.14605728  0.06624879  0.1049156   0.0028702  -0.00110202
  0.13285027  0.00014712  0.0008247   0.00924994  0.00608218  0.09713186
  0.00130838  0.00788288  0.0035602   0.00947338]
[0.0797290516792278, 0.1460572848332679, 0.06624879362455303, 0.10491559634080978, 0.002870200763801215]
[-0.006924203543187455, 0.834722835641334, 0.000924387446794797, 0.0051817735050637, 0.0581191163164389, 0.03821547076238058, 0.6102974541948687, 0.008220802284008838]
E for cur_iter:  -5.892101322356166
params in def chemistry in vqe.py:  [8.05257905e-02 1.49004380e-01 6.68734432e-02 1.04872935e-01
 3.11485725e-03 1.08420217e-19 1.33024114e-01 3.79470760e-19
 1.09479647e-03 9.41210062e-03 8.05437502e-03 9.78961379e-02
 1.06010206e-03 8.61766980e-03 3.72648771e-03 9.58844142e-03]
[0.08052579046567768, 0.14900437951015222, 0.06687344322300091, 0.10487293522048372, 0.003114857246886783]
[6.812243160173109e-19, 0.8358151586991218, 2.384285106060588e-18, 0.0068788091069933235, 0.05913797233816345, 0.05060713079390051, 0.6150995750331334, 0.006660817715366507]
E for cur_iter:  -5.882000778819979
params in def chemistry in vqe.py:  [ 0.07988398  0.14698333  0.06668215  0.10531002  0.0031341  -0.00103024
  0.13160735 -0.0004608   0.00043024  0.00933119  0.00689981  0.09640942
  0.00096129  0.00830747  0.00344225  0.00943616]
[0.07988398189719308, 0.14698332885993873, 0.06668215374953039, 0.10531001762596415, 0.003134095031237682]
[-0.006473187870403198, 0.8269133509287943, -0.0028953215432714428, 0.002703265162728672, 0.05862961251029254, 0.04335275971988095, 0.6057582740715679, 0.006039956427903909]
E for cur_iter:  -5.891741479021693
params in def chemistry in vqe.py:  [ 8.02310672e-02  1.47328338e-01  6.37829891e-02  1.04745513e-01
  3.94059085e-03 -1.84314369e-18  1.31550313e-01  7.04731412e-19
  9.36938055e-04  8.84863880e-03  6.12114085e-03  9.66812322e-02
  1.64732551e-03  7.51033872e-03  3.65741628e-03  9.27785781e-03]
[0.08023106717656203, 0.1473283382652617, 0.06378298905519675, 0.1047455131035848, 0.0039405908492520375]
[-1.1580813372294286e-17, 0.8265549923676552, 4.427958054112521e-18, 0.005886955417932659, 0.055597637301296084, 0.03846026224778302, 0.6074660973457161, 0.0103504514333373]
E for cur_iter:  -5.889819529271627
{'IIII': -5.813150775102709, 'IIIZ': 1.6350361341896449, 'IIZX': -0.018528464954751356, 'IIIX': 0.018528464954751356, 'IIXX': -0.03918165577300521, 'IIYY': -0.03918165577300521, 'IIZZ': 0.43974504331934877, 'IIXZ': -0.010416847948827858, 'IIXI': 0.010416847948827858, 'IIZI': 0.269872658655353, 'IZII': 1.6350361341896447, 'ZXII': -0.018528464954751342, 'IXII': 0.018528464954751342, 'XXII': -0.039181655773005204, 'YYII': -0.039181655773005204, 'ZZII': 0.43974504331934855, 'XZII': -0.010416847948827863, 'XIII': 0.010416847948827863, 'ZIII': 0.269872658655353, 'IZIZ': 0.41454169378804673, 'IZZX': -0.02921398098102455, 'IZIX': 0.02921398098102455, 'IZXX': -0.03440891595155518, 'IZYY': -0.03440891595155518, 'ZXIZ': -0.02921398098102455, 'IXIZ': 0.02921398098102455, 'ZXZX': 0.0036744565021409954, 'IXZX': -0.0036744565021409954, 'ZXIX': -0.0036744565021409954, 'IXIX': 0.0036744565021409954, 'ZXXX': 0.002885891556268186, 'IXXX': -0.002885891556268186, 'ZXYY': 0.002885891556268186, 'IXYY': -0.002885891556268186, 'XXIZ': -0.03440891595155518, 'YYIZ': -0.03440891595155518, 'XXZX': 0.002885891556268186, 'YYZX': 0.002885891556268186, 'XXIX': -0.002885891556268186, 'YYIX': -0.002885891556268186, 'XXXX': 0.005378238376570419, 'YYXX': 0.005378238376570419, 'XXYY': 0.005378238376570419, 'YYYY': 0.005378238376570419, 'ZZIZ': 0.0948664760225032, 'ZZZX': 0.0018135969002522703, 'ZZIX': -0.0018135969002522703, 'ZZXX': -0.004272564381343333, 'ZZYY': -0.004272564381343333, 'XZIZ': 0.002857446971469325, 'XIIZ': -0.002857446971469325, 'XZZX': -0.0009148940971927479, 'XIZX': 0.0009148940971927479, 'XZIX': 0.0009148940971927479, 'XIIX': -0.0009148940971927479, 'XZXX': 5.845579096347912e-05, 'XIXX': -5.845579096347912e-05, 'XZYY': 5.845579096347912e-05, 'XIYY': -5.845579096347912e-05, 'ZIIZ': 0.0989907657819723, 'ZIZX': -0.0029183358549818607, 'ZIIX': 0.0029183358549818607, 'ZIXX': 0.0005001754547312449, 'ZIYY': 0.0005001754547312449, 'IZZZ': 0.0948664760225032, 'IZXZ': 0.0028574469714693256, 'IZXI': -0.0028574469714693256, 'ZXZZ': 0.0018135969002522703, 'IXZZ': -0.0018135969002522703, 'ZXXZ': -0.0009148940971927479, 'IXXZ': 0.0009148940971927479, 'ZXXI': 0.0009148940971927479, 'IXXI': -0.0009148940971927479, 'XXZZ': -0.004272564381343333, 'YYZZ': -0.004272564381343333, 'XXXZ': 5.845579096347912e-05, 'YYXZ': 5.845579096347912e-05, 'XXXI': -5.845579096347912e-05, 'YYXI': -5.845579096347912e-05, 'ZZZZ': 0.12357087224899184, 'ZZXZ': -0.011733623912059435, 'ZZXI': 0.011733623912059435, 'XZZZ': -0.011733623912059435, 'XIZZ': 0.011733623912059435, 'XZXZ': 0.0030346568301985407, 'XIXZ': -0.0030346568301985407, 'XZXI': -0.0030346568301985407, 'XIXI': 0.0030346568301985407, 'ZIZZ': 0.05665606755281335, 'ZIXZ': 0.0015406700897025614, 'ZIXI': -0.0015406700897025614, 'IZZI': 0.0989907657819723, 'ZXZI': -0.0029183358549818607, 'IXZI': 0.0029183358549818607, 'XXZI': 0.0005001754547312449, 'YYZI': 0.0005001754547312449, 'ZZZI': 0.05665606755281335, 'XZZI': 0.0015406700897025614, 'XIZI': -0.0015406700897025614, 'ZIZI': 0.08470391802239782}
The optimized loss func value: -5.893957550295864

   Return from subroutine COBYLA because the MAXFUN limit has been reached.

   NFVALS =  100   F =-5.893958E+00    MAXCV = 8.641669E-04
   X = 7.947379E-02   1.471477E-01   6.601403E-02   1.049471E-01   2.993585E-03
      -8.641669E-04   1.323969E-01  -4.618697E-04   9.805198E-04   9.478453E-03
       6.565065E-03   9.710882E-02   1.110592E-03   8.214997E-03   3.614211E-03
       9.330418E-03
