lb in gen_LC_finance:  [0. 0. 0. 0. 0. 0. 0. 0. 0. 0. 0.]
ub in gen_LC_finance:  [1. 1. 1. 1. 1. 1. 1. 1. 1. 1. 1.]
<scipy.optimize._constraints.LinearConstraint object at 0x7fcc1aea8370>
params in def finance in vqe.py:  [0. 0. 0. 0. 0. 0. 0. 0. 0. 0. 0.]
[0.0, 0.0, 0.0, 0.0]
[0.0, 0.0, 0.0, 0.0, 0.0, 0.0]
E for cur_iter:  0.5015766290249641
params in def finance in vqe.py:  [0.1 0.  0.  0.  0.  0.  0.  0.  0.  0.  0. ]
[0.1, 0.0, 0.0, 0.0]
[0.0, 0.0, 0.0, 0.0, 0.0, 0.0]
E for cur_iter:  -0.13318712676649871
params in def finance in vqe.py:  [0.1 0.1 0.  0.  0.  0.  0.  0.  0.  0.  0. ]
[0.1, 0.1, 0.0, 0.0]
[0.0, 0.0, 0.0, 0.0, 0.0, 0.0]
E for cur_iter:  -0.445173022194142
params in def finance in vqe.py:  [0.1 0.1 0.1 0.  0.  0.  0.  0.  0.  0.  0. ]
[0.1, 0.1, 0.1, 0.0]
[0.0, 0.0, 0.0, 0.0, 0.0, 0.0]
E for cur_iter:  0.3289051900461427
params in def finance in vqe.py:  [0.1 0.1 0.  0.1 0.  0.  0.  0.  0.  0.  0. ]
[0.1, 0.1, 0.0, 0.1]
[0.0, 0.0, 0.0, 0.0, 0.0, 0.0]
E for cur_iter:  0.11527619881157128
params in def finance in vqe.py:  [0.1 0.1 0.  0.  0.1 0.  0.  0.  0.  0.  0. ]
[0.1, 0.1, 0.0, 0.0]
[0.6283185307179586, 0.0, 0.0, 0.0, 0.0, 0.0]
E for cur_iter:  -0.44321031188337523
params in def finance in vqe.py:  [0.1 0.1 0.  0.  0.  0.1 0.  0.  0.  0.  0. ]
[0.1, 0.1, 0.0, 0.0]
[0.0, 0.6283185307179586, 0.0, 0.0, 0.0, 0.0]
E for cur_iter:  -0.3401966359967903
params in def finance in vqe.py:  [0.1 0.1 0.  0.  0.  0.  0.1 0.  0.  0.  0. ]
[0.1, 0.1, 0.0, 0.0]
[0.0, 0.0, 0.6283185307179586, 0.0, 0.0, 0.0]
E for cur_iter:  -0.35981839042620184
params in def finance in vqe.py:  [0.1 0.1 0.  0.  0.  0.  0.  0.1 0.  0.  0. ]
[0.1, 0.1, 0.0, 0.0]
[0.0, 0.0, 0.0, 0.6283185307179586, 0.0, 0.0]
E for cur_iter:  -0.445173022194142
params in def finance in vqe.py:  [0.1 0.1 0.  0.  0.  0.  0.  0.  0.1 0.  0. ]
[0.1, 0.1, 0.0, 0.0]
[0.0, 0.0, 0.0, 0.0, 0.6283185307179586, 0.0]
E for cur_iter:  -0.445173022194142
params in def finance in vqe.py:  [0.1 0.1 0.  0.  0.  0.  0.  0.  0.  0.1 0. ]
[0.1, 0.1, 0.0, 0.0]
[0.0, 0.0, 0.0, 0.0, 0.0, 0.6283185307179586]
E for cur_iter:  -0.445173022194142
params in def finance in vqe.py:  [0.1 0.1 0.  0.  0.  0.  0.  0.  0.  0.  0.1]
[0.1, 0.1, 0.0, 0.0]
[0.0, 0.0, 0.0, 0.0, 0.0, 0.0]
E for cur_iter:  -0.445173022194142
params in def finance in vqe.py:  [ 1.89745800e-01  1.44109991e-01 -7.07109312e-18  1.60458080e-18
  0.00000000e+00  2.75556510e-18  1.38777878e-18  0.00000000e+00
  0.00000000e+00  0.00000000e+00  0.00000000e+00]
[0.18974580020611626, 0.14410999144597367, -7.071093116019893e-18, 1.6045808043937452e-18]
[0.0, 1.7313726148091622e-17, 8.71967124502158e-18, 0.0, 0.0, 0.0]
E for cur_iter:  0.49372792725319953
params in def finance in vqe.py:  [ 5.16099650e-02  1.12585885e-01  0.00000000e+00  6.02990795e-19
 -8.96587117e-21 -4.87004687e-20 -6.93889390e-19  0.00000000e+00
  0.00000000e+00  0.00000000e+00  0.00000000e+00]
[0.05160996499986069, 0.11258588545495676, 0.0, 6.029907953642379e-19]
[-5.633422997918362e-20, -3.059940695995323e-19, -4.35983562251079e-18, 0.0, 0.0, 0.0]
E for cur_iter:  -0.49717067143208254
params in def finance in vqe.py:  [ 4.95091464e-02  1.37497460e-01 -7.05098950e-19 -3.54596033e-18
 -6.93889390e-19  6.94405842e-19 -6.93889390e-19  0.00000000e+00
  0.00000000e+00  0.00000000e+00  0.00000000e+00]
[0.04950914637945008, 0.13749746029726925, -7.050989497882443e-19, -3.545960326225386e-18]
[-4.35983562251079e-18, 4.363080580842843e-18, -4.35983562251079e-18, 0.0, 0.0, 0.0]
E for cur_iter:  -0.48637870649590614
params in def finance in vqe.py:  [ 5.16099650e-02  1.12585885e-01 -1.25000000e-02  6.02990795e-19
 -8.96587117e-21 -4.87004687e-20 -6.93889390e-19  0.00000000e+00
  0.00000000e+00  0.00000000e+00  0.00000000e+00]
[0.05160996499986069, 0.11258588545495676, -0.012500000000000002, 6.029907953642379e-19]
[-5.633422997918362e-20, -3.059940695995323e-19, -4.35983562251079e-18, 0.0, 0.0, 0.0]
E for cur_iter:  -0.46675695206649465
params in def finance in vqe.py:  [ 4.06598584e-02  1.07754476e-01  2.19488644e-02 -9.77079620e-19
 -6.50521303e-19 -2.08224763e-18 -6.93889390e-19  0.00000000e+00
  0.00000000e+00  0.00000000e+00  0.00000000e+00]
[0.040659858427561146, 0.10775447586045477, 0.021948864375758412, -9.770796197885192e-19]
[-4.087345896103866e-18, -1.3083147729235474e-17, -4.35983562251079e-18, 0.0, 0.0, 0.0]
E for cur_iter:  -0.503057197760906
params in def finance in vqe.py:  [ 4.06598584e-02  1.07754476e-01  2.19488644e-02 -1.25000000e-02
 -2.23010450e-18 -3.66183083e-18 -2.27347259e-18 -1.57958320e-18
 -1.57958320e-18 -1.57958320e-18 -1.57958320e-18]
[0.040659858427561146, 0.10775447586045477, 0.021948864375758412, -0.012500000000000002]
[-1.4012159823589508e-17, -2.3007961656721115e-17, -1.428464954999643e-17, -9.924813927485641e-18, -9.924813927485641e-18, -9.924813927485641e-18]
E for cur_iter:  -0.4883368704301554
params in def finance in vqe.py:  [ 6.19168017e-02  1.07438888e-01  3.37894617e-02  5.73088305e-03
 -2.15353948e-18 -2.08224763e-18 -1.89223791e-18  2.64577528e-19
 -1.01211303e-18 -2.81150736e-18 -4.85780519e-18]
[0.0619168017116617, 0.10743888776974654, 0.03378946173403771, 0.005730883053478289]
[-1.3531087587922469e-17, -1.3083147729235468e-17, -1.188928143801045e-17, 1.6623896366133643e-18, -6.359293705304121e-18, -1.7665221736036996e-17]
E for cur_iter:  -0.4284937286274038
params in def finance in vqe.py:  [ 4.06598584e-02  1.07754476e-01  2.19488644e-02 -2.55666282e-18
  1.25000000e-02 -3.24850177e-18 -1.86014353e-18 -1.16625414e-18
 -1.16625414e-18 -1.16625414e-18 -1.16625414e-18]
[0.040659858427561146, 0.10775447586045477, 0.021948864375758412, -2.556662815615145e-18]
[0.07853981633974483, -2.0410938589705392e-17, -1.1687626482980708e-17, -7.32779086046992e-18, -7.32779086046992e-18, -7.32779086046992e-18]
E for cur_iter:  -0.503057197760906
params in def finance in vqe.py:  [3.55648601e-02 1.29590173e-01 2.44940600e-02 1.23188195e-03
 1.11634185e-17 3.57162560e-03 3.77688330e-03 4.66975433e-03
 4.66975433e-03 4.66975433e-03 4.66975433e-03]
[0.03556486013488889, 0.12959017277390386, 0.02449405995199825, 0.0012318819527683306]
[7.014182690498916e-17, 0.022441185472614433, 0.023730857686205472, 0.029340931815326404, 0.029340931815326408, 0.029340931815326408]
E for cur_iter:  -0.4736245661167887
params in def finance in vqe.py:  [ 4.05190774e-02  1.09423862e-01  2.22460971e-02 -1.58451366e-20
 -1.03843356e-18 -1.23680201e-02  2.78231051e-04  2.78231051e-04
  2.78231051e-04  2.78231051e-04  2.78231051e-04]
[0.0405190773705073, 0.10942386216782254, 0.022246097131520107, -1.5845136640904206e-20]
[-6.5246704858752685e-18, -0.07771056190611454, 0.0017481772530766662, 0.0017481772530766706, 0.0017481772530766706, 0.0017481772530766706]
E for cur_iter:  -0.503057197760906
params in def finance in vqe.py:  [ 2.41904509e-02  9.46457397e-02  1.23623499e-02  6.65428058e-03
  1.08249454e-18 -3.25753584e-18 -3.81697111e-18  3.38152855e-03
  3.38152855e-03  3.38152855e-03  3.38152855e-03]
[0.024190450875059603, 0.09464573968869551, 0.012362349918103534, 0.006654280576127936]
[6.801513758842436e-18, -2.046770133594215e-17, -2.3982736785512445e-17, 0.0212467705193534, 0.0212467705193534, 0.0212467705193534]
E for cur_iter:  -0.3666843998730191
params in def finance in vqe.py:  [ 3.99278727e-02  1.09259834e-01  2.19150440e-02 -2.22302505e-19
 -9.44026786e-19 -1.79622953e-05 -1.23395428e-02  5.43670787e-04
  5.43670787e-04  5.43670787e-04  5.43670787e-04]
[0.039927872742984025, 0.10925983405470646, 0.02191504398214082, -2.223025053792614e-19]
[-5.9314952291373785e-18, -0.00011286042983543173, -0.07753163376113499, 0.003415984300684207, 0.003415984300684207, 0.003415984300684207]
E for cur_iter:  -0.503057197760906
params in def finance in vqe.py:  [ 6.04837095e-02  1.14250512e-01  3.45416170e-02  5.58918861e-03
 -2.58952448e-18 -2.59997759e-18 -3.47002641e-18 -4.64571215e-18
 -2.13431255e-18 -8.60204395e-19 -3.57218007e-18]
[0.060483709516807496, 0.11425051162468797, 0.034541616976884286, 0.005589188605515736]
[-1.6270462184654893e-17, -1.6336141005043977e-17, -2.180281897425705e-17, -2.9189870329643585e-17, -1.3410281247592337e-17, -5.404823614832191e-18]
E for cur_iter:  -0.3980802766957287
params in def finance in vqe.py:  [ 3.83978505e-02  1.09089765e-01  2.11142927e-02 -7.98455953e-19
 -6.18826008e-19 -9.05495154e-08 -6.22047238e-05 -1.19944626e-02
  1.26264433e-03  1.26264433e-03  1.26264433e-03]
[0.03839785053732965, 0.10908976469274903, 0.02111429271519128, -7.984559527267357e-19]
[-3.8881984815463785e-18, -5.689393845733358e-07, -0.000390843806463518, -0.07536343105817896, 0.00793342831950419, 0.00793342831950419]
E for cur_iter:  -0.5020761100394354
params in def finance in vqe.py:  [ 6.07232923e-02  1.13675249e-01  3.45041707e-02  5.45594627e-03
 -2.55327894e-18 -2.77432561e-18 -2.42919233e-18 -4.80870394e-18
 -2.46099952e-18 -5.17577418e-18 -2.17315158e-18]
[0.060723292280170635, 0.11367524901088602, 0.034504170728390425, 0.005455946273072534]
[-1.6042724719970896e-17, -1.7431601885731616e-17, -1.526306554049087e-17, -3.021397793364154e-17, -1.5462916000889767e-17, -3.25203482609689e-17]
E for cur_iter:  -0.40102353986014044
params in def finance in vqe.py:  [ 3.80954889e-02  1.09268252e-01  2.10027359e-02 -7.74579402e-19
 -6.14589311e-19 -1.02653231e-07 -7.05196033e-05 -2.36179072e-04
 -1.19301568e-02  1.43142147e-03  1.43142147e-03]
[0.03809548888534752, 0.10926825219447232, 0.021002735869135928, -7.745794015930529e-19]
[-3.861578529638337e-18, -6.449892749976162e-07, -0.0004430877351870362, -0.0014839568730170135, -0.07495938622988554, 0.008993886376669329]
E for cur_iter:  -0.503057197760906
params in def finance in vqe.py:  [ 6.09732550e-02  1.13033931e-01  3.44531712e-02  5.30429847e-03
 -2.51170833e-18 -2.63553827e-18 -2.77613702e-18 -4.84677248e-18
 -8.59616633e-19 -1.81117510e-18 -3.16395409e-18]
[0.060973255027938975, 0.11303393116735154, 0.03445317115047777, 0.005304298474062889]
[-1.5781528859858846e-17, -1.6559575339678462e-17, -1.744298335174626e-17, -3.0453169644504286e-17, -5.401130598479647e-18, -1.137994875157977e-17]
E for cur_iter:  -0.4059289784674933
params in def finance in vqe.py:  [ 3.76995465e-02  1.09501981e-01  2.08566523e-02 -7.43313076e-19
 -6.09041360e-19 -1.18503038e-07 -8.14079317e-05 -2.72645461e-04
 -2.72645461e-04 -1.18471098e-02  1.65243501e-03]
[0.037699546529542494, 0.10950198144370346, 0.020856652263150255, -7.433130758457373e-19]
[-3.826719722640853e-18, -7.44576549298013e-07, -0.0005115011205475688, -0.0017130819544622698, -0.0017130819544622722, -0.07443758621548272]
E for cur_iter:  -0.503057197760906
params in def finance in vqe.py:  [ 6.12624238e-02  1.12227697e-01  3.43755133e-02  5.10910849e-03
 -2.45774537e-18 -2.94910443e-18 -2.42919233e-18 -1.51413855e-18
 -3.18369511e-18 -7.37737934e-19 -1.10233991e-18]
[0.06126242377493091, 0.11222769714615641, 0.034375513275968606, 0.005109108488514355]
[-1.5442469568435766e-17, -1.8529769612912376e-17, -1.526306554049087e-17, -9.513613062203745e-18, -2.0003746328750263e-17, -4.635344145040035e-18]
E for cur_iter:  -0.40691006618896386
params in def finance in vqe.py:  [ 3.89844628e-02  1.09831327e-01  2.15701823e-02  5.85874820e-03
  1.16191624e-19 -3.00254010e-07 -2.06265242e-04 -6.90808388e-04
 -6.90808388e-04 -6.90808388e-04 -1.06389479e-02]
[0.038984462825689056, 0.10983132725959432, 0.021570182341334645, 0.005858748202017681]
[7.300535072344397e-19, -1.8865515826569462e-06, -0.0012960027406487807, -0.004340477114815267, -0.004340477114815268, -0.0043404771148152655]
E for cur_iter:  -0.49913177713937246
params in def finance in vqe.py:  [ 2.49664294e-02  1.27211743e-01  2.23108438e-02 -6.90451854e-18
 -2.70126050e-17 -1.60495650e-19 -3.47524156e-19 -2.53593013e-18
 -1.67795556e-18 -4.54693647e-18 -2.64045581e-18]
[0.024966429445753956, 0.12721174333842117, 0.022310843772748803, -6.904518539734102e-18]
[-1.6972520303564743e-16, -1.0084239087077398e-18, -2.1835586729585033e-18, -1.5933718904728336e-17, -1.0542905708640357e-17, -2.8569244451427355e-17]
E for cur_iter:  -0.503057197760906
params in def finance in vqe.py:  [ 3.28131439e-02  1.17483110e-01  2.21298541e-02 -4.49338309e-18
 -1.38315632e-17 -1.12137164e-18 -1.21488589e-18 -2.30908888e-18
 -1.88010160e-18 -3.31459205e-18 -2.36135172e-18]
[0.03281314393665755, 0.11748310959943796, 0.022129854074253608, -4.4933830860217166e-18]
[-8.690627446587565e-17, -7.045785818971608e-18, -7.633353201096987e-18, -1.45084333169819e-17, -1.181302671893791e-17, -2.0826196090331414e-17]
E for cur_iter:  -0.503057197760906
params in def finance in vqe.py:  [ 3.58044049e-02  1.03846962e-01  2.14815272e-02 -1.89265891e-18
 -3.21745943e-17 -2.09785351e-18 -2.08224763e-18 -1.99969246e-18
 -1.95441569e-18 -2.44821711e-18 -2.24906244e-18]
[0.03580440490748425, 0.10384696168142776, 0.021481527179425978, -1.8926589122105972e-18]
[-2.0215893821821652e-16, -1.3181202349060693e-17, -1.3083147729235474e-17, -1.2564438277951848e-17, -1.2279955939425535e-17, -1.538260177979509e-17]
E for cur_iter:  -0.49520849598914135
params in def finance in vqe.py:  [ 4.06598584e-02  1.07754476e-01  2.19488644e-02 -2.73648088e-03
 -1.31034802e-18 -4.82020896e-05 -9.03544061e-05 -1.95046475e-04
 -1.95046475e-04 -1.95046475e-04 -1.46720163e-03]
[0.040659858427561146, 0.10775447586045477, 0.021948864375758412, -0.0027364808833237305]
[-8.233159452447921e-18, -0.0003028626613577704, -0.0005677134770348771, -0.0012255131448435023, -0.0012255131448435023, -0.0012255131448435012]
E for cur_iter:  -0.5020758426055226
params in def finance in vqe.py:  [ 4.43953902e-02  1.10700753e-01  2.55313992e-02  5.83694593e-04
  1.68994056e-18  4.52699592e-04  1.43456523e-04 -2.38582424e-18
 -2.16766691e-18 -2.09712619e-18  1.73982271e-03]
[0.04439539018637797, 0.11070075280548211, 0.025531399165020844, 0.0005836945929874036]
[1.0618209685246576e-17, 0.0028443954277516874, 0.0009013639144857594, -1.4990575814083943e-17, -1.3619852851819144e-17, -1.3176632463639871e-17]
E for cur_iter:  -0.49717067143208254
params in def finance in vqe.py:  [ 4.23614353e-02  1.09233559e-01  1.62155666e-02  4.53284263e-05
 -1.02887297e-17  9.17106612e-05  1.83406936e-04  5.16772218e-04
  3.96269553e-04  3.96269553e-04  6.95363290e-04]
[0.04236143532247316, 0.10923355877194678, 0.01621556659456254, 4.532842633130642e-05]
[-6.464599536660026e-17, 0.0005762350787809479, 0.001152379766730551, 0.003246975609010722, 0.002489835034268149, 0.0024898350342681475]
E for cur_iter:  -0.503057197760906
params in def finance in vqe.py:  [ 4.13351202e-02  1.08306202e-01  2.15678957e-02  2.97659336e-03
 -1.95217918e-18 -2.03088380e-18 -2.12561572e-18 -2.49891075e-18
 -2.63531636e-18 -2.79071474e-18 -2.08572830e-18]
[0.04133512023659965, 0.10830620163868342, 0.021567895739537345, 0.0029765933637478743]
[-1.2265903522300593e-17, -1.2760419226889479e-17, -1.3355637455642398e-17, -1.5701119320026847e-17, -1.6558181004380434e-17, -1.7534577852037715e-17]
E for cur_iter:  -0.5020758426055226
params in def finance in vqe.py:  [ 4.06582828e-02  1.07752610e-01  2.19808332e-02  4.79486287e-06
 -4.69136272e-19  3.17019471e-05  1.55827168e-03 -2.57016362e-05
 -2.57016362e-05 -2.57016362e-05 -9.56970190e-05]
[0.040658282794566764, 0.10775261027864319, 0.021980833156046018, 4.794862867279542e-06]
[-2.947670128293957e-18, 0.00019918920827869364, 0.009790909743458, -0.00016148814302488314, -0.00016148814302488308, -0.0001614881430248834]
E for cur_iter:  -0.503057197760906
params in def finance in vqe.py:  [ 4.19796026e-02  1.08800663e-01  2.29305754e-02 -1.73530294e-18
 -1.24751078e-19  2.14270663e-04  1.34439384e-04  1.81279609e-04
  6.50970854e-05  6.50970854e-05  2.42080807e-03]
[0.04197960260957321, 0.10880066348377103, 0.02293057543034209, -1.73530293711397e-18]
[-7.838341374049549e-19, 0.0013463022816059083, 0.000844707559740419, 0.0011390133736323019, 0.0004090170505786636, 0.0004090170505786605]
E for cur_iter:  -0.503057197760906
params in def finance in vqe.py:  [ 4.01771849e-02  1.07357317e-01  2.23710333e-02 -6.48366125e-19
  8.61227455e-19  1.07911704e-04  2.81194094e-04  8.88223805e-04
  5.69980325e-04  5.69980325e-04  4.17527281e-03]
[0.040177184890250725, 0.10735731735138127, 0.022371033328702265, -6.483661248506703e-19]
[5.411251692521059e-18, 0.0006780292327317138, 0.0017667945978686221, 0.005580874758130091, 0.0035812920016419308, 0.003581292001641927]
E for cur_iter:  -0.503057197760906
params in def finance in vqe.py:  [3.93472817e-02 1.06635032e-01 2.52155947e-02 4.70209887e-04
 5.71917306e-18 6.56566827e-05 1.89422264e-04 7.40097869e-04
 3.67316123e-04 3.67316123e-04 3.81712714e-03]
[0.03934728174992463, 0.10663503203379059, 0.02521559474254032, 0.0004702098873271467]
[3.59346241618883e-17, 0.000412533104363996, 0.0011901751841402052, 0.004650172057619626, 0.0023079152666224557, 0.0023079152666224518]
E for cur_iter:  -0.503057197760906
params in def finance in vqe.py:  [ 3.81924714e-02  1.05718620e-01  2.44087353e-02  4.28155701e-04
  4.59655438e-18  6.23416249e-19  1.73427686e-04 -7.58941521e-19
  1.17315285e-03  1.17315285e-03  6.07287087e-03]
[0.03819247137660928, 0.10571862030615349, 0.02440873534963919, 0.000428155701491655]
[2.888100295825156e-17, 3.9170398170995374e-18, 0.0010896782911539705, -4.768570212121176e-18, 0.007371136743561336, 0.007371136743561338]
E for cur_iter:  -0.503057197760906
params in def finance in vqe.py:  [3.84912853e-02 1.07811937e-01 2.53105513e-02 4.58407192e-04
 6.74035616e-18 2.52537344e-04 1.90304706e-04 8.76719105e-04
 7.17259572e-04 7.17259572e-04 3.69102201e-03]
[0.038491285253060836, 0.10781193743691614, 0.02531055133096233, 0.00045840719204649224]
[4.23509067848626e-17, 0.0015867389270021305, 0.0011957197320471256, 0.005508588598796553, 0.004506674806568556, 0.004506674806568551]
E for cur_iter:  -0.503057197760906
params in def finance in vqe.py:  [ 3.85385616e-02  1.05804270e-01  2.79639204e-02  6.34258271e-18
  7.52563008e-18 -1.35525272e-19  1.60952765e-04  2.39339854e-05
  1.80510155e-04  1.80510155e-04  3.57374333e-03]
[0.038538561550102775, 0.10580427036561241, 0.027963920361859115, 6.342582709040201e-18]
[4.7284928321998587e-17, -8.515303950216386e-19, 0.00101129604600822, 0.00015038166538655076, 0.0011341787521288369, 0.0011341787521288345]
E for cur_iter:  -0.503057197760906
params in def finance in vqe.py:  [ 3.89547632e-02  1.06853114e-01  2.50438164e-02  6.30481675e-04
  5.70630230e-18  6.20937570e-05  1.79350322e-04  4.56972507e-04
  3.57224495e-04 -1.06153612e-03  4.06729980e-03]
[0.03895476317858844, 0.10685311354089942, 0.02504381643586849, 0.0006304816750154136]
[3.5853754744642756e-17, 0.00039014658185243143, 0.0011268913052710804, 0.0028712429397896133, 0.0022445076989420624, -0.006669828159050169]
E for cur_iter:  -0.503057197760906
params in def finance in vqe.py:  [ 3.93298206e-02  1.06843721e-01  2.52538499e-02  4.63686228e-04
  5.67127502e-18 -1.48025389e-03  2.24187595e-04  7.80194438e-04
  4.01519888e-04  3.99995239e-04  3.85104445e-03]
[0.03932982060811964, 0.10684372147756001, 0.025253849916089106, 0.00046368622830003176]
[3.5633671895657085e-17, -0.009300709473268444, 0.0014086121999046964, 0.0049021062289463105, 0.002522823860416491, 0.0025132442087447133]
E for cur_iter:  -0.503057197760906
params in def finance in vqe.py:  [ 3.90185402e-02  1.06817858e-01  2.50717686e-02  6.04428168e-04
  5.70835097e-18  6.12815164e-05  1.81018518e-04  5.03022595e-04
 -1.08223911e-03  6.11847217e-04  4.02667185e-03]
[0.039018540231399154, 0.10681785839055453, 0.025071768559441255, 0.0006044281677666547]
[3.586662692418561e-17, 0.0003850431232135352, 0.001137372895556306, 0.003160584179306664, -0.006799908883899387, 0.0038443494462974295]
E for cur_iter:  -0.503057197760906
params in def finance in vqe.py:  [3.93472817e-02 1.06635032e-01 2.52155947e-02 4.70209887e-04
 1.56250000e-03 6.56566827e-05 1.89422264e-04 7.40097869e-04
 3.67316123e-04 3.67316123e-04 3.81712714e-03]
[0.03934728174992463, 0.10663503203379059, 0.025215594742540315, 0.0004702098873271428]
[0.009817477042468142, 0.00041253310436399496, 0.001190175184140204, 0.004650172057619617, 0.0023079152666224544, 0.0023079152666224505]
E for cur_iter:  -0.503057197760906
params in def finance in vqe.py:  [ 3.91793098e-02  1.06570794e-01  2.50572850e-02 -9.11531844e-04
  2.68689265e-18  7.19693736e-05  2.09248898e-04  1.35434087e-03
  1.72827969e-04  1.72827969e-04  3.96346354e-03]
[0.039179309785416554, 0.10657079449133995, 0.025057285028349575, -0.0009115318440842113]
[1.6882244446023944e-17, 0.0004521969108904839, 0.0013147496015860475, 0.008509574628685427, 0.001085910155012644, 0.0010859101550126338]
E for cur_iter:  -0.503057197760906
params in def finance in vqe.py:  [3.93348810e-02 1.06625696e-01 2.52023292e-02 4.61733667e-04
 5.72472510e-18 8.01144774e-05 9.68512791e-04 6.94960775e-04
 3.68955139e-04 3.68955139e-04 3.79204750e-03]
[0.039334880992897586, 0.10662569577908075, 0.025202329152553805, 0.00046173366677286075]
[3.596950861327621e-17, 0.000503374107239129, 0.00608534533680204, 0.004366567329436358, 0.0023182135086689533, 0.002318213508668949]
E for cur_iter:  -0.503057197760906
params in def finance in vqe.py:  [3.89946966e-02 1.06359991e-01 2.49154766e-02 3.94225044e-04
 5.14734800e-18 9.16264446e-06 1.46082967e-04 5.13676002e-04
 4.06347153e-04 4.06347153e-04 3.31199410e-03]
[0.03899469656931278, 0.1063599907560435, 0.02491547662732228, 0.0003942250436764741]
[3.234174129885916e-17, 5.757059307466899e-05, 0.0009178663504892714, 0.003227521505771687, 0.0025531544596958445, 0.0025531544596958423]
E for cur_iter:  -0.503057197760906
params in def finance in vqe.py:  [3.96394915e-02 1.06887246e-01 2.51752053e-02 1.50993681e-04
 4.13718006e-18 8.27244713e-05 1.58183732e-04 1.46479483e-04
 4.12877369e-04 4.12877369e-04 3.82174689e-03]
[0.039639491477155925, 0.10688724584132778, 0.025175205304186127, 0.00015099368132799292]
[2.599466893709681e-17, 0.0005197731825742713, 0.0009938977020178736, 0.0009203577339853863, 0.002594185016413001, 0.002594185016412999]
E for cur_iter:  -0.503057197760906
params in def finance in vqe.py:  [3.92234896e-02 1.06534939e-01 2.55533634e-02 4.10579605e-04
 5.96145997e-18 5.89236570e-05 1.85689264e-04 6.43989275e-04
 3.56455852e-04 3.56455852e-04 3.80879859e-03]
[0.03922348964638113, 0.10653493900116962, 0.02555336335158333, 0.00041057960519431074]
[3.7456957666645087e-17, 0.0003702282556515321, 0.0011667200579365588, 0.004046303948007182, 0.0022396781708731947, 0.0022396781708731916]
E for cur_iter:  -0.503057197760906
params in def finance in vqe.py:  [3.92029305e-02 1.06520481e-01 2.51147373e-02 4.64953114e-04
 5.59194571e-18 5.74495974e-05 1.87422942e-04 6.47585636e-04
 4.68045714e-04 4.68045714e-04 4.09909511e-03]
[0.03920293045326021, 0.10652048056783595, 0.025114737318427675, 0.0004649531140977106]
[3.513523110495815e-17, 0.00036096646631849657, 0.001177613072516923, 0.00406890055041717, 0.002940817951239817, 0.0029408179512398136]
E for cur_iter:  -0.503057197760906
params in def finance in vqe.py:  [3.93262853e-02 1.06627002e-01 2.51958060e-02 2.97492171e-04
 5.34013801e-18 6.64457691e-05 1.91900593e-04 8.16878244e-04
 3.43005104e-04 3.43005104e-04 3.83541919e-03]
[0.03932628525436112, 0.10662700234098425, 0.025195806028266474, 0.00029749217090072695]
[3.355307669740526e-17, 0.00041749108017980694, 0.0012057469863209355, 0.005132597379002852, 0.0021551646276712294, 0.0021551646276712247]
E for cur_iter:  -0.503057197760906
params in def finance in vqe.py:  [3.93061891e-02 1.06657885e-01 2.51976165e-02 4.86987172e-04
 5.71782030e-18 6.51097870e-05 1.88371796e-04 7.10463460e-04
 1.86121719e-04 3.97882510e-04 3.84332023e-03]
[0.039306189060108944, 0.10665788532838608, 0.025197616469652937, 0.0004869871723820852]
[3.5926124507175463e-17, 0.0004090968567201884, 0.0011835748980672178, 0.004463973572830506, 0.0011694372478072256, 0.0024999695390818238]
E for cur_iter:  -0.503057197760906
params in def finance in vqe.py:  [3.93472817e-02 1.06635032e-01 2.52155947e-02 4.70209887e-04
 1.95312500e-04 6.56566827e-05 1.89422264e-04 7.40097869e-04
 3.67316123e-04 3.67316123e-04 3.81712714e-03]
[0.03934728174992463, 0.10663503203379059, 0.02521559474254032, 0.0004702098873271462]
[0.001227184630308549, 0.0004125331043639958, 0.001190175184140205, 0.0046501720576196245, 0.0023079152666224557, 0.0023079152666224518]
E for cur_iter:  -0.503057197760906
params in def finance in vqe.py:  [ 3.93450991e-02  1.06661118e-01  2.52203766e-02  4.69394430e-04
  5.71318581e-18 -1.27582138e-04  1.93767930e-04  7.45109940e-04
  3.71591594e-04  3.71401012e-04  3.82136681e-03]
[0.039345099107199, 0.10666111821426176, 0.025220376639233915, 0.0004693944299487573]
[3.5897005128609403e-17, -0.0008016222178400588, 0.0012174798111107667, 0.004681663829035462, 0.0023347788408467104, 0.0023335813843877343]
E for cur_iter:  -0.503057197760906
params in def finance in vqe.py:  [3.92402822e-02 1.06782145e-01 2.52274643e-02 4.68734550e-04
 5.84682095e-18 8.90167654e-05 1.89532569e-04 7.57175524e-04
 4.11059054e-04 4.11059054e-04 3.80136400e-03]
[0.03924028218781665, 0.10678214520918128, 0.02522746431609307, 0.00046873455041706485]
[3.6736659489760086e-17, 0.0005593088321937628, 0.0011908682526285703, 0.004757474125266742, 0.002582760209115718, 0.0025827602091157142]
E for cur_iter:  -0.503057197760906
params in def finance in vqe.py:  [3.92982169e-02 1.06662292e-01 2.51941225e-02 4.90243861e-04
 5.71756422e-18 6.52113170e-05 1.88163271e-04 7.04707199e-04
 3.66054669e-04 1.88709592e-04 3.84839873e-03]
[0.0392982169285076, 0.1066622922221792, 0.02519412245420634, 0.00049024386078818]
[3.592451548473261e-17, 0.00040973478905005043, 0.0011822646992815644, 0.004427805917890874, 0.0022999893206624065, 0.001185697338413374]
E for cur_iter:  -0.503057197760906
params in def finance in vqe.py:  [3.93457317e-02 1.06633865e-01 2.52139365e-02 4.69150360e-04
 5.71986707e-18 6.74639071e-05 2.86808580e-04 7.34455732e-04
 3.67521000e-04 3.67521000e-04 3.81399219e-03]
[0.03934573165529625, 0.10663386500195186, 0.025213936543792004, 0.00046915035975786097]
[3.593898471831179e-17, 0.0004238882297233876, 0.0018020714532229346, 0.004614721466596718, 0.002309202546878268, 0.0023092025468782642]
E for cur_iter:  -0.503057197760906
params in def finance in vqe.py:  [3.93032086e-02 1.06600652e-01 2.51780800e-02 4.60711782e-04
 5.64769493e-18 5.85949280e-05 1.84004852e-04 7.11795136e-04
 3.72195002e-04 3.72195002e-04 3.75398551e-03]
[0.03930320860234815, 0.1066006518740722, 0.025178079978138063, 0.0004607117818708126]
[3.5485513804009656e-17, 0.0003681627904528301, 0.0011561365799338385, 0.004472340738638634, 0.0023385701657566292, 0.0023385701657566258]
E for cur_iter:  -0.503057197760906
params in def finance in vqe.py:  [3.93838080e-02 1.06666559e-01 2.52105461e-02 4.30307862e-04
 5.52142394e-18 6.77901563e-05 1.85517447e-04 6.65895571e-04
 3.73011279e-04 3.73011279e-04 3.81770461e-03]
[0.03938380796582854, 0.10666655875973273, 0.025210546062746045, 0.00043030786157725247]
[3.469212975878937e-17, 0.00042593811414028034, 0.0011656404988749137, 0.004183945267165346, 0.0023436989853462737, 0.0023436989853462703]
E for cur_iter:  -0.503057197760906
params in def finance in vqe.py:  [3.93288048e-02 1.06620369e-01 2.52026850e-02 4.69537020e-04
 5.70288796e-18 6.46061758e-05 1.89166350e-04 7.28256303e-04
 3.80209511e-04 3.80209511e-04 3.85321904e-03]
[0.03932880478395158, 0.10662036944614839, 0.0252026849922539, 0.00046953702035377884]
[3.5832301850601247e-17, 0.0004059325746941721, 0.001188567233852425, 0.004575769304697712, 0.002388926810253478, 0.002388926810253474]
E for cur_iter:  -0.503057197760906
params in def finance in vqe.py:  [3.93314364e-02 1.06622220e-01 2.52588291e-02 4.62577211e-04
 5.75018579e-18 6.47948554e-05 1.88944440e-04 7.27795969e-04
 3.65926008e-04 3.65926008e-04 3.81606109e-03]
[0.03933143636067106, 0.1066222201256151, 0.025258829124497825, 0.00046257721121414365]
[3.612948285049717e-17, 0.00040711808372880057, 0.0011871729279861385, 0.004572876939589233, 0.0022991809183665504, 0.0022991809183665465]
E for cur_iter:  -0.503057197760906
{'IZ': -0.0007402843679709115, 'ZI': 0.000603358204620319, 'ZZ': 0.5017135551883147}
The optimized loss func value: -0.503057197760906

   Normal return from subroutine COBYLA

   NFVALS =   67   F =-5.030572E-01    MAXCV = 0.000000E+00
   X = 3.934728E-02   1.066350E-01   2.521559E-02   4.702099E-04   5.719173E-18
       6.565668E-05   1.894223E-04   7.400979E-04   3.673161E-04   3.673161E-04
       3.817127E-03
