lb in gen_LC_finance:  [0. 0. 0. 0. 0. 0. 0. 0. 0. 0. 0.]
ub in gen_LC_finance:  [1. 1. 1. 1. 1. 1. 1. 1. 1. 1. 1.]
<scipy.optimize._constraints.LinearConstraint object at 0x7f97df96e4f0>
params in def chemistry in vqe.py:  [0. 0. 0. 0. 0. 0. 0. 0. 0. 0. 0.]
[0.0, 0.0, 0.0, 0.0]
[0.0, 0.0, 0.0, 0.0, 0.0, 0.0]
E for cur_iter:  -1.05764586878626
params in def chemistry in vqe.py:  [0.1 0.  0.  0.  0.  0.  0.  0.  0.  0.  0. ]
[0.1, 0.0, 0.0, 0.0]
[0.0, 0.0, 0.0, 0.0, 0.0, 0.0]
E for cur_iter:  -0.5461832864995934
params in def chemistry in vqe.py:  [0.  0.1 0.  0.  0.  0.  0.  0.  0.  0.  0. ]
[0.0, 0.1, 0.0, 0.0]
[0.0, 0.0, 0.0, 0.0, 0.0, 0.0]
E for cur_iter:  -0.5454765240004362
params in def chemistry in vqe.py:  [0.  0.  0.1 0.  0.  0.  0.  0.  0.  0.  0. ]
[0.0, 0.0, 0.1, 0.0]
[0.0, 0.0, 0.0, 0.0, 0.0, 0.0]
E for cur_iter:  -0.5458299052500148
params in def chemistry in vqe.py:  [0.  0.  0.  0.1 0.  0.  0.  0.  0.  0.  0. ]
[0.0, 0.0, 0.0, 0.1]
[0.0, 0.0, 0.0, 0.0, 0.0, 0.0]
E for cur_iter:  -1.5493033867694825
params in def chemistry in vqe.py:  [0.  0.  0.  0.1 0.1 0.  0.  0.  0.  0.  0. ]
[0.0, 0.0, 0.0, 0.1]
[0.6283185307179586, 0.0, 0.0, 0.0, 0.0, 0.0]
E for cur_iter:  -1.5308738711975054
params in def chemistry in vqe.py:  [0.  0.  0.  0.1 0.  0.1 0.  0.  0.  0.  0. ]
[0.0, 0.0, 0.0, 0.1]
[0.0, 0.6283185307179586, 0.0, 0.0, 0.0, 0.0]
E for cur_iter:  -1.5493033867694825
params in def chemistry in vqe.py:  [0.  0.  0.  0.1 0.  0.  0.1 0.  0.  0.  0. ]
[0.0, 0.0, 0.0, 0.1]
[0.0, 0.0, 0.6283185307179586, 0.0, 0.0, 0.0]
E for cur_iter:  -1.5493033867694825
params in def chemistry in vqe.py:  [0.  0.  0.  0.1 0.  0.  0.  0.1 0.  0.  0. ]
[0.0, 0.0, 0.0, 0.1]
[0.0, 0.0, 0.0, 0.6283185307179586, 0.0, 0.0]
E for cur_iter:  -1.5493033867694825
params in def chemistry in vqe.py:  [0.  0.  0.  0.1 0.  0.  0.  0.  0.1 0.  0. ]
[0.0, 0.0, 0.0, 0.1]
[0.0, 0.0, 0.0, 0.0, 0.6283185307179586, 0.0]
E for cur_iter:  -1.5683859742467257
params in def chemistry in vqe.py:  [0.  0.  0.  0.1 0.  0.  0.  0.  0.1 0.1 0. ]
[0.0, 0.0, 0.0, 0.1]
[0.0, 0.0, 0.0, 0.0, 0.6283185307179586, 0.6283185307179586]
E for cur_iter:  -1.5683859742467257
params in def chemistry in vqe.py:  [0.  0.  0.  0.1 0.  0.  0.  0.  0.1 0.  0.1]
[0.0, 0.0, 0.0, 0.1]
[0.0, 0.0, 0.0, 0.0, 0.6283185307179586, 0.0]
E for cur_iter:  -1.5683859742467257
params in def chemistry in vqe.py:  [ 0.00000000e+00 -5.36822990e-18 -1.49159985e-19  1.99924763e-01
  0.00000000e+00  0.00000000e+00  0.00000000e+00  0.00000000e+00
  1.03878356e-01  0.00000000e+00  0.00000000e+00]
[0.0, -5.3682299049457904e-18, -1.4915998537498308e-19, 0.19992476345877142]
[0.0, 0.0, 0.0, 0.0, 0.652686962134385, 0.0]
E for cur_iter:  -1.7613521281156173
params in def chemistry in vqe.py:  [-5.36822990e-18 -5.36822990e-18 -8.03249500e-18  2.99436364e-01
 -2.59267234e-18  0.00000000e+00  0.00000000e+00  0.00000000e+00
  1.13749599e-01  0.00000000e+00  0.00000000e+00]
[-5.36822990494579e-18, -5.36822990494579e-18, -8.032495002034801e-18, 0.2994363636261871]
[-1.6290240774274302e-17, 0.0, 0.0, 0.0, 0.7147098091281792, 0.0]
E for cur_iter:  -1.1164591028229758
params in def chemistry in vqe.py:  [-5.00000000e-02 -5.36822990e-18 -1.49159985e-19  1.99924763e-01
  0.00000000e+00  0.00000000e+00  0.00000000e+00  0.00000000e+00
  1.03878356e-01  0.00000000e+00  0.00000000e+00]
[-0.05000000000000001, -5.3682299049457904e-18, -1.4915998537498308e-19, 0.19992476345877142]
[0.0, 0.0, 0.0, 0.0, 0.652686962134385, 0.0]
E for cur_iter:  -1.5780329184749806
params in def chemistry in vqe.py:  [ 8.84572577e-02 -5.36822990e-18 -1.64488853e-17  2.46337229e-01
 -4.67434051e-18  0.00000000e+00  0.00000000e+00  0.00000000e+00
  1.08482329e-01  0.00000000e+00  0.00000000e+00]
[0.08845725774842714, -5.3682299049457904e-18, -1.644888530302323e-17, 0.24633722929339574]
[-2.936974764180667e-17, 0.0, 0.0, 0.0, 0.6816145772287324, 0.0]
E for cur_iter:  -1.0022336235106335
params in def chemistry in vqe.py:  [ 1.40938340e-18 -5.00000000e-02 -2.83529589e-18  1.99924763e-01
  0.00000000e+00  0.00000000e+00  0.00000000e+00  0.00000000e+00
  1.03878356e-01  0.00000000e+00  0.00000000e+00]
[1.4093834043795194e-18, -0.05000000000000002, -2.835295893597925e-18, 0.19992476345877142]
[0.0, 0.0, 0.0, 0.0, 0.652686962134385, 0.0]
E for cur_iter:  -1.577679537225402
params in def chemistry in vqe.py:  [-1.25522543e-17  8.84942669e-02 -5.37856885e-18  2.46267314e-01
 -5.36822990e-18  0.00000000e+00  0.00000000e+00  0.00000000e+00
  1.08475394e-01  0.00000000e+00  0.00000000e+00]
[-1.2552254329978155e-17, 0.08849426688788449, -5.378568852222364e-18, 0.2462673138188159]
[-3.3729583264317455e-17, 0.0, 0.0, 0.0, 0.6815710008338692, 0.0]
E for cur_iter:  -1.0011734797618979
params in def chemistry in vqe.py:  [-9.17417337e-18 -8.28380425e-18 -5.00000000e-02  1.99924763e-01
  0.00000000e+00  0.00000000e+00  0.00000000e+00  0.00000000e+00
  1.03878356e-01  0.00000000e+00  0.00000000e+00]
[-9.174173368546377e-18, -8.283804247164965e-18, -0.05000000000000001, 0.19992476345877142]
[0.0, 0.0, 0.0, 0.0, 0.652686962134385, 0.0]
E for cur_iter:  -1.577679537225402
params in def chemistry in vqe.py:  [-5.36822990e-18 -5.36822990e-18  8.84942669e-02  2.46267314e-01
 -4.67434051e-18  0.00000000e+00  0.00000000e+00  0.00000000e+00
  1.08475394e-01  0.00000000e+00  0.00000000e+00]
[-5.36822990494579e-18, -5.368229904945788e-18, 0.0884942668878845, 0.24626731381881586]
[-2.936974764180667e-17, 0.0, 0.0, 0.0, 0.6815710008338692, 0.0]
E for cur_iter:  -1.0011734797618979
params in def chemistry in vqe.py:  [-5.36822990e-18 -5.36822990e-18 -6.72232482e-18  2.49680564e-01
 -3.98045112e-18  0.00000000e+00  0.00000000e+00  0.00000000e+00
  1.08813978e-01  0.00000000e+00  0.00000000e+00]
[-5.3682299049457904e-18, -5.3682299049457904e-18, -6.722324817285532e-18, 0.24968056354247925]
[-2.5009912019295884e-17, 0.0, 0.0, 0.0, 0.6836983856312822, 0.0]
E for cur_iter:  -1.4056969031839122
params in def chemistry in vqe.py:  [-2.71700505e-19 -5.83742354e-18 -4.22326971e-19  1.99924763e-01
 -2.50000000e-02  0.00000000e+00  0.00000000e+00  0.00000000e+00
  1.03878356e-01 -2.12681827e-18 -2.12681827e-18]
[-2.717005051783003e-19, -5.837423541251202e-18, -4.2232697080429152e-19, 0.19992476345877142]
[-0.15707963267948968, 0.0, 0.0, 0.0, 0.652686962134385, -1.3363193302411258e-17]
E for cur_iter:  -1.7609503192859244
params in def chemistry in vqe.py:  [-5.36822990e-18 -5.36822990e-18 -1.10513558e-17  1.68121731e-01
  6.29038057e-05  0.00000000e+00  0.00000000e+00  0.00000000e+00
  1.42460259e-01 -9.31672740e-18 -1.60930698e-17]
[-5.3682299049457904e-18, -5.368229904945791e-18, -1.1051355787882296e-17, 0.16812173122087665]
[0.00039523626797494755, 0.0, 0.0, 0.0, 0.8951042036666358, -5.853872468669941e-17]
E for cur_iter:  -1.8468626661911833
params in def chemistry in vqe.py:  [-1.60930698e-17 -1.84364315e-17 -1.52094436e-17  1.23380713e-01
  1.68482838e-04 -1.82245057e-17 -1.93917521e-17 -7.30524740e-18
  1.20139189e-01 -1.57127542e-17 -1.60930698e-17]
[-1.6093069775043305e-17, -1.8436431480104047e-17, -1.5209443583753545e-17, 0.12338071303716139]
[0.0010586088899358808, -1.1450794619238366e-16, -1.218419716157807e-16, -4.590022311649199e-17, 0.754856787556699, -9.872614635411414e-17]
E for cur_iter:  -1.7244681827553292
params in def chemistry in vqe.py:  [-1.27256249e-18 -1.28044244e-18 -6.96356833e-18  1.68121731e-01
  6.29038057e-05  2.50000000e-02 -1.33891850e-17 -1.33891850e-17
  1.42460259e-01 -1.67578666e-17 -2.35342090e-17]
[-1.2725624859388112e-18, -1.2804424426779876e-18, -6.963568325614494e-18, 0.16812173122087665]
[0.00039523626797494755, 0.15707963267948966, -8.412673041559726e-17, -8.412673041559726e-17, 0.8951042036666358, -1.0529278125883642e-16]
E for cur_iter:  -1.8468626661911833
params in def chemistry in vqe.py:  [-1.88423554e-17 -1.73390225e-17 -1.27121830e-17  1.80383040e-01
  2.33528498e-04  9.36952797e-17  2.46808494e-02  2.46808494e-02
  1.76095694e-01 -1.60930698e-17 -1.60930698e-17]
[-1.8842355389670185e-17, -1.733902248820094e-17, -1.2712183001044643e-17, 0.18038304029866936]
[0.0014673028273282376, 5.887048050252846e-16, 0.15507435051285046, 0.1550743505128505, 1.1064418785833858, -1.0111573955796799e-16]
E for cur_iter:  -1.8238876219547986
params in def chemistry in vqe.py:  [-7.28890831e-18 -7.28521297e-18 -1.29683389e-17  1.68121731e-01
  6.29038057e-05 -1.39452224e-33 -1.76776695e-02  1.76776695e-02
  1.42460259e-01 -5.82717761e-18 -1.26035200e-17]
[-7.288908305527408e-18, -7.285212970638591e-18, -1.2968338853575093e-17, 0.16812173122087665]
[0.00039523626797494755, -8.762041640966488e-33, -0.1110720734539592, 0.11107207345395913, 0.8951042036666358, -3.661323674767943e-17]
E for cur_iter:  -1.8468626661911833
params in def chemistry in vqe.py:  [-1.60930698e-17 -1.52248349e-17 -1.48689816e-17  1.85245988e-01
  3.01199816e-04  5.81102261e-17 -1.88180627e-17 -2.05216620e-17
  1.89435817e-01 -1.60930698e-17 -1.60930698e-17]
[-1.6093069775043305e-17, -1.5224834885460428e-17, -1.486898157137428e-17, 0.18524598796384015]
[0.0018924942598774325, 3.6511731856540186e-16, -1.1823737507525147e-16, -1.2894140499637713e-16, 1.1902603392614886, -1.01115739557968e-16]
E for cur_iter:  -1.8156289586629275
params in def chemistry in vqe.py:  [-7.70529296e-18 -7.70079651e-18 -1.33839224e-17  1.68121731e-01
  6.29038057e-05 -7.44113921e-18 -5.57503890e-18 -6.40070271e-19
  1.42460259e-01 -2.50000000e-02 -1.15100958e-17]
[-7.705292956792576e-18, -7.700796508750967e-18, -1.3383922391687471e-17, 0.16812173122087665]
[0.00039523626797496094, -4.6754056572137007e-17, -3.502900252792055e-17, -4.021680122910808e-18, 0.8951042036666358, -0.15707963267948974]
E for cur_iter:  -1.8468626661911833
params in def chemistry in vqe.py:  [-1.60930698e-17 -1.69629002e-17 -1.57392033e-17  1.85245988e-01
  3.01199816e-04  4.92461931e-17 -1.33175122e-17 -1.41152815e-17
  1.89435817e-01  2.60334523e-17 -1.60930698e-17]
[-1.6093069775043305e-17, -1.69629001739333e-17, -1.5739203338073185e-17, 0.18524598796384018]
[0.00189249425987744, 3.094229567191254e-16, -8.367639706792484e-17, -8.868892952936782e-17, 1.1902603392614886, 1.6357300475107276e-16]
E for cur_iter:  -1.8156289586629275
params in def chemistry in vqe.py:  [-6.92039370e-18 -6.91740738e-18 -1.26005333e-17  1.68121731e-01
  6.29038057e-05 -7.44113921e-18  1.64298453e-18  6.57795316e-18
  1.42460259e-01 -1.38997014e-17 -2.50000000e-02]
[-6.9203937030521475e-18, -6.917407380597246e-18, -1.260053326353375e-17, 0.16812173122087665]
[0.00039523626797496094, -4.6754056572136976e-17, 1.0323176254277045e-17, 4.1330498659286814e-17, 0.8951042036666358, -8.733439962550082e-17]
E for cur_iter:  -1.8468626661911833
params in def chemistry in vqe.py:  [-1.60930698e-17 -1.69629002e-17 -1.57392033e-17  1.85245988e-01
  3.01199816e-04  5.06450737e-17 -1.60930698e-17 -9.15478267e-18
  1.89435817e-01  3.30489335e-17 -1.60930698e-17]
[-1.6093069775043305e-17, -1.6962900173933304e-17, -1.5739203338073185e-17, 0.18524598796384015]
[0.0018924942598774028, 3.18212382763991e-16, -1.0111573955796799e-16, -5.752119597690697e-17, 1.1902603392614886, 2.076525732753992e-16]
E for cur_iter:  -1.8156289586629275
params in def chemistry in vqe.py:  [-2.50000000e-02 -1.18361387e-17 -1.54897477e-17  1.68121731e-01
  6.29038057e-05  4.09566742e-18 -7.53304198e-18 -1.02492914e-17
  1.42460259e-01 -6.97966434e-18 -1.45409060e-17]
[-0.025000000000000012, -1.183613874217136e-17, -1.548974772031956e-17, 0.16812173122087665]
[0.0003952362679749493, 2.5733837350198766e-17, -4.733149865835103e-17, -6.439819724961778e-17, 0.8951042036666358, -4.385452445738338e-17]
E for cur_iter:  -1.8033181676827936
params in def chemistry in vqe.py:  [ 2.29447521e-02 -1.60930698e-17 -1.58095713e-17  1.83336470e-01
  2.74627544e-04  2.10601868e-17 -7.76639709e-18 -1.45588827e-17
  1.84197595e-01  1.88502502e-17 -1.60930698e-17]
[0.022944752086542213, -1.6093069775043308e-17, -1.5809571336418133e-17, 0.18333647038754788]
[0.0017255357463082466, 1.3232505640151602e-16, -4.8797712087838553e-17, -9.14761581532393e-17, 1.1573476215226324, 1.184396153592854e-16]
E for cur_iter:  -1.780046899122671
params in def chemistry in vqe.py:  [-9.29837973e-19 -8.82632252e-18 -2.50000000e-02  1.68121731e-01
  6.29038057e-05  4.08778746e-18  1.97015632e-18 -7.40867129e-19
  1.42460259e-01 -6.98416079e-18 -1.45438923e-17]
[-9.298379725085227e-19, -8.826322515807735e-18, -0.02500000000000001, 0.16812173122087665]
[0.0003952362679749493, 2.5684326121793968e-17, 1.2378857252101343e-17, -4.6550054585087605e-18, 0.8951042036666358, -4.388277647365295e-17]
E for cur_iter:  -1.8015512614349007
params in def chemistry in vqe.py:  [ 2.07052482e-02 -2.03543820e-17  2.15454056e-02  1.81851448e-01
  2.53962420e-04 -6.28650325e-19 -2.11093120e-17 -1.60930698e-17
  1.80123856e-01  3.25025352e-18 -1.60930698e-17]
[0.02070524816716517, -2.0354381998155877e-17, 0.021545405560266996, 0.18185144811022963]
[0.00159569294458886, -3.949926488341604e-18, -1.3263371922511613e-16, -1.01115739557968e-16, 1.1317515654003352, 2.0421945145676936e-17]
E for cur_iter:  -1.6930722159575737
params in def chemistry in vqe.py:  [ 1.09967893e-18 -2.50000000e-02 -7.59326318e-18  1.68121731e-01
  6.29038057e-05  4.08778746e-18 -8.90081893e-18 -1.16118424e-17
  1.42460259e-01 -6.98416079e-18 -1.45438923e-17]
[1.0996789322797856e-18, -0.025000000000000012, -7.593263177020349e-18, 0.16812173122087665]
[0.00039523626797495053, 2.5684326121793946e-17, -5.592549472229192e-17, -7.295935743290207e-17, 0.8951042036666358, -4.388277647365292e-17]
E for cur_iter:  -1.8019046426844794
params in def chemistry in vqe.py:  [ 1.90381770e-02  1.96561871e-02  1.98106896e-02  1.80746008e-01
  2.38579445e-04 -2.09103846e-17 -2.13084232e-17 -2.44197425e-17
  1.77091393e-01 -1.22942872e-17 -1.60930698e-17]
[0.019038177024608464, 0.01965618710782099, 0.019810689628624086, 0.18074600785484496]
[0.0014990388660037926, -1.3138382120651994e-16, -1.338847714597464e-16, -1.5343376702809746e-16, 1.1126980392352133, -7.724728498854874e-17]
E for cur_iter:  -1.5947168893504282
params in def chemistry in vqe.py:  [ 9.51908851e-03  9.82809355e-03  9.90534481e-03  1.74433870e-01
  1.50741626e-04 -1.04551923e-17 -1.87007465e-17 -2.02564061e-17
  1.59775826e-01 -1.08055073e-17 -1.60930698e-17]
[0.009519088512304232, 0.009828093553910493, 0.009905344814312038, 0.1744338695378608]
[0.0009471375669893701, -6.569191060325998e-17, -1.175002555088572e-16, -1.2727475329303275e-16, 1.0039011214509246, -6.789300483762407e-17]
E for cur_iter:  -1.7744512502254441
params in def chemistry in vqe.py:  [-5.23941811e-18 -5.14691114e-18 -1.09052602e-17  1.68085537e-01
  1.25627505e-02 -4.35870193e-20 -9.36739192e-19 -9.54086214e-19
  1.42410044e-01 -8.24401889e-18 -1.50107136e-17]
[-5.2394181147100366e-18, -5.146911139081351e-18, -1.0905260220976992e-17, 0.16808553687995245]
[0.07893408962977769, -2.7386531928374226e-19, -5.885705924770431e-18, -5.994700478932846e-18, 0.8947886955522415, -5.179869835399172e-17]
E for cur_iter:  -1.8468626661911833
params in def chemistry in vqe.py:  [ 3.81574256e-03  3.93960775e-03  3.97057405e-03  1.50739607e-01
  1.24745904e-02 -5.54787147e-18  9.72368081e-03  9.72368081e-03
  1.32967315e-01 -1.08554447e-17 -1.50107136e-17]
[0.0038157425632476417, 0.0039396077513894475, 0.003970574048424912, 0.15073960663904967]
[0.07838016320133001, -3.48583044901932e-17, 0.061095688411882704, 0.06109568841188268, 0.8354582777752524, -6.820677059329561e-17]
E for cur_iter:  -1.8220526369242351
params in def chemistry in vqe.py:  [ 0.00156619  0.00156619  0.00156619  0.16311337  0.00940358 -0.00156619
 -0.0057809  -0.00799582  0.13933148  0.00156619  0.00156619]
[0.0015661860779517393, 0.0015661860779517408, 0.0015661860779517308, 0.1631133660446738]
[0.05908440667478691, -0.009840637353295673, -0.036322464104152456, -0.05023922691157842, 0.8754455273503313, 0.009840637353295562]
E for cur_iter:  -1.848130908449155
params in def chemistry in vqe.py:  [-1.51788304e-18 -2.16840434e-18 -3.68628739e-18  1.58709207e-01
  2.93206001e-02  8.39864427e-03 -1.73472348e-18  1.73472348e-18
  1.39299684e-01 -3.03576608e-18 -6.50521303e-19]
[-1.5178830414797062e-18, -2.168404344971009e-18, -3.686287386450715e-18, 0.15870920682733602]
[0.18422676361989843, 0.05277023824880237, -1.0899589056276974e-17, 1.0899589056276974e-17, 0.8752457308276547, -1.9074280848484705e-17]
E for cur_iter:  -1.845013292971841
params in def chemistry in vqe.py:  [ 0.00263601  0.00263601  0.00263601  0.17261718  0.01111674 -0.00263601
 -0.00297516 -0.00670304  0.13250638  0.00263601  0.00263601]
[0.0026360095818044687, 0.0026360095818044687, 0.0026360095818044613, 0.17261718012048377]
[0.06984851020923892, -0.016562536673978487, -0.018693479339183305, -0.042116443330825454, 0.8325621522149049, 0.016562536673978417]
E for cur_iter:  -1.838749285639655
params in def chemistry in vqe.py:  [ 4.13550657e-03  4.55118403e-03  4.65510340e-03  1.53534238e-01
  9.79099419e-03  8.66969066e-03 -1.73472348e-18  5.20417043e-18
  1.21981954e-01 -4.33680869e-19 -2.81892565e-18]
[0.004135506574254393, 0.004551184031221223, 0.00465510339546293, 0.15353423812782438]
[0.06151863082463878, 0.05447327299892981, -1.0899589056276974e-17, 3.269876716883092e-17, 0.7664352184497635, -2.7248972640692436e-18]
E for cur_iter:  -1.8202900953492058
params in def chemistry in vqe.py:  [ 1.17355473e-03  1.32682605e-03  1.36514388e-03  1.60131150e-01
  1.54445245e-02 -8.67361738e-19  8.67361738e-19 -1.73472348e-18
  1.36902353e-01 -1.73472348e-18 -6.50521303e-19]
[0.001173554725206697, 0.0013268260471672778, 0.0013651438776574147, 0.16013114997995517]
[0.09704080926434745, -5.449794528138487e-18, 5.449794528138487e-18, -1.0899589056276974e-17, 0.8601828507402325, -1.0899589056276974e-17]
E for cur_iter:  -1.846572100710498
params in def chemistry in vqe.py:  [ 0.00052827  0.00698592  0.00052827  0.16284113  0.01053732 -0.00285165
 -0.00728568 -0.00803277  0.13901165  0.00052827  0.00052827]
[0.000528272984385907, 0.006985920176205989, 0.0005282729843858981, 0.1628411327579921]
[0.0662079236129229, -0.017917442952469418, -0.04577728273887319, -0.05047139279690956, 0.8734359303993834, 0.0033192370536734212]
E for cur_iter:  -1.8462187194609194
params in def chemistry in vqe.py:  [ 2.65480879e-03 -8.67361738e-19  2.88736422e-03  1.60060582e-01
  1.49539240e-02 -2.16840434e-19  0.00000000e+00 -1.73472348e-18
  1.36875915e-01 -1.08420217e-18  4.33680869e-19]
[0.002654808787787123, -8.673617379884035e-19, 0.002887364216809426, 0.16006058192790668]
[0.0939582757068709, -1.3624486320346218e-18, 0.0, -1.0899589056276974e-17, 0.8600167401043055, -6.812243160173109e-18]
E for cur_iter:  -1.8454635293816481
params in def chemistry in vqe.py:  [ 0.00178199  0.000563    0.00178199  0.16395878  0.00930911 -0.00104188
 -0.01068697 -0.00442979  0.1390395   0.00178199  0.00178199]
[0.0017819944323664244, 0.0005630032495248228, 0.0017819944323664153, 0.16395878460771748]
[0.058490833332037605, -0.006546331702014435, -0.06714818182782786, -0.02783322096992548, 0.8736109299963701, 0.011196601234920521]
E for cur_iter:  -1.847472573530112
params in def chemistry in vqe.py:  [ 3.97500377e-03  9.55918792e-22  4.64514938e-03  1.54402803e-01
  2.51047276e-02 -1.48886234e-18 -2.42861287e-18 -1.46906964e-18
  1.32830176e-01 -1.38583815e-18 -4.42699190e-18]
[0.003975003766716697, 9.559187922153176e-22, 0.004645149375360554, 0.1544028033713108]
[0.15773765557305627, -9.35479797322954e-18, -1.5259424678787764e-17, -9.230436750402462e-18, 0.8345966113900415, -8.707477904385272e-18]
E for cur_iter:  -1.8263756788906278
params in def chemistry in vqe.py:  [ 2.55893080e-03  1.46873967e-03  8.50955489e-03  1.60681826e-01
  1.50003077e-02  1.44437940e-03 -4.85942659e-05 -1.99086478e-04
  1.38534943e-01 -9.58779870e-05 -9.58779870e-05]
[0.0025589308008237446, 0.0014687396657819018, 0.008509554889052808, 0.16068182645265236]
[0.0942497131327691, 0.009075303430327164, -0.000305326777205112, -0.0012508972355107575, 0.8704407190924511, -0.0006024191589702653]
E for cur_iter:  -1.838763673828434
params in def chemistry in vqe.py:  [1.03882969e-02 2.25068763e-03 8.67361738e-19 1.60824705e-01
 1.28788049e-02 1.81226007e-03 2.06040007e-03 2.58318291e-03
 1.43841477e-01 2.77752312e-03 2.77752312e-03]
[0.010388296938945408, 0.002250687631625764, 8.673617379884035e-19, 0.16082470529640552]
[0.08091991744087067, 0.011386765815836744, 0.012945875433311285, 0.016230616907453782, 0.9037826558969276, 0.017451692452824855]
E for cur_iter:  -1.8384102925788555
params in def chemistry in vqe.py:  [ 2.02254871e-04  6.41495538e-04  3.05405807e-03  1.59276612e-01
  1.48120557e-02 -6.05019023e-04  5.67604406e-04  1.03457439e-03
  1.36888426e-01  7.56993199e-05  5.49627020e-03]
[0.00020225487064562094, 0.0006414955380621914, 0.0030540580706756985, 0.15927661171287355]
[0.09306689046652801, -0.0038014466327558594, 0.0035663636610853613, 0.006500422634896705, 0.8600953464203196, 0.00047563285433936426]
E for cur_iter:  -1.8458169106312265
params in def chemistry in vqe.py:  [-2.16840434e-18  6.56689092e-19 -3.03576608e-18  1.61154459e-01
  1.02054397e-02 -1.84502616e-18  3.35823131e-03  4.01396552e-03
  1.43388972e-01  6.87829243e-03 -8.62363003e-19]
[-2.168404344971009e-18, 6.56689092282473e-19, -3.0357660829594124e-18, 0.16115445871332876]
[0.06412266897419357, -1.1592641229788044e-17, 0.021100389636493726, 0.025220489185083877, 0.9009394811373684, 0.04321758591347789]
E for cur_iter:  -1.848789243368198
params in def chemistry in vqe.py:  [-2.02227377e-04 -1.49010762e-03  3.33505415e-04  1.62813491e-01
  1.23055940e-02 -4.14872883e-03  3.37025563e-03  4.23700118e-03
  1.46417112e-01  5.12288026e-03 -1.18211814e-04]
[-0.00020222737688739832, -0.0014901076203143718, 0.00033350541515775263, 0.16281349128637582]
[0.07731832752012295, -0.026067232028609912, 0.021175940630125258, 0.026621863563680022, 0.9199658482049895, 0.03218800595031778]
E for cur_iter:  -1.851456622435705
params in def chemistry in vqe.py:  [-4.67209611e-18 -1.51615840e-18 -4.42620444e-18  1.63518098e-01
  2.74592185e-03  4.70437849e-03  5.35079831e-03  4.89115903e-03
  1.47953720e-01 -2.60208521e-18 -3.03851880e-18]
[-4.672096106376149e-18, -1.5161583972016757e-18, -4.4262044366375054e-18, 0.16351809780494003]
[0.017253135802905908, 0.02955848181439567, 0.033620057317023326, 0.030732058563671668, 0.9296206410990676, -1.634938358441546e-17]
E for cur_iter:  -1.849689716187812
params in def chemistry in vqe.py:  [-1.74487116e-03 -3.75474730e-04 -1.62641079e-03  1.65177433e-01
  6.27480532e-03  8.36720748e-03  4.93566459e-03  3.69434749e-03
  1.49656121e-01  1.05207141e-04  3.08342693e-04]
[-0.0017448711613431724, -0.0003754747299992071, -0.0016264107871735215, 0.16517743250304628]
[0.03942576458424185, 0.05257271510517576, 0.031011695207296134, 0.023212269846160354, 0.9403171385351861, 0.0006610359631307171]
E for cur_iter:  -1.8471191922805335
params in def chemistry in vqe.py:  [-3.29427056e-18 -3.83468804e-18 -4.58539694e-18  1.52472863e-01
 -6.93889390e-18 -3.46944695e-18  4.75318133e-03  2.97714084e-03
  1.48702655e-01 -4.26801784e-18 -5.07387574e-18]
[-3.2942705589959605e-18, -3.834688039032794e-18, -4.585396943222102e-18, 0.15247286256006634]
[-4.35983562251079e-17, -2.179917811255395e-17, 0.029865119115819357, 0.018705927559190535, 0.9343263354337066, -2.6816746991259843e-17]
E for cur_iter:  -1.8346487303712775
params in def chemistry in vqe.py:  [-4.86068711e-18 -4.67038565e-18 -4.77673317e-18  1.68079420e-01
  1.25751633e-03  2.42243098e-03  6.94135022e-03  5.41222529e-03
  1.45119494e-01 -5.10583133e-18 -4.83675931e-18]
[-4.860687113141167e-18, -4.670385650998999e-18, -4.7767331699113254e-18, 0.16807941982370728]
[0.007901208150945596, 0.015220582747228982, 0.043613789740638544, 0.03400601442813565, 0.9118126699815142, -3.2080884407888255e-17]
E for cur_iter:  -1.8468626661911833
params in def chemistry in vqe.py:  [-0.0006074   0.00270243 -0.00064666  0.16353809  0.00307008  0.00427163
  0.00497314  0.00553819  0.1480711  -0.00058964 -0.00067819]
[-0.0006074003014932993, 0.0027024278578145584, -0.0006466604615341311, 0.16353809455347307]
[0.01928987408919081, 0.026839472323921372, 0.031247159277639304, 0.0347974435892521, 0.9303581831541683, -0.0037047996147174652]
E for cur_iter:  -1.849689716187812
params in def chemistry in vqe.py:  [-4.58190596e-18 -5.70640955e-18 -6.33283309e-18  1.64148688e-01
  2.07547548e-03  4.86304844e-03  4.20324933e-04  8.61297511e-03
  1.47784909e-01 -7.55607389e-18  1.41887259e-05]
[-4.581905961469459e-18, -5.7064095534659514e-18, -6.3328330940344856e-18, 0.16414868841148558]
[0.013040597012262017, 0.03055543449389779, 0.002640979443962907, 0.05411691863325915, 0.928559971647528, -4.747621241537405e-17]
E for cur_iter:  -1.8486295724390762
params in def chemistry in vqe.py:  [ 1.36619885e-04 -8.04571036e-04 -1.11543471e-03  1.62774674e-01
  3.53174612e-03  4.93250444e-03  6.62938622e-03  6.81134432e-03
  1.47231482e-01 -8.15704340e-04 -3.52549629e-04]
[0.00013661988542827057, -0.0008045710361926082, -0.0011154347079696792, 0.1627746743241302]
[0.022190615301001006, 0.030991839409363772, 0.04165366207150643, 0.042796938530852854, 0.9250826856420931, -0.005125221526911693]
E for cur_iter:  -1.851456622435705
params in def chemistry in vqe.py:  [-3.19839641e-18 -9.75781955e-19  3.95930320e-03  1.62717095e-01
  4.87544978e-03  5.83900895e-03  8.39976767e-03  9.17193771e-03
  1.47950241e-01 -6.50521303e-19  2.16840434e-19]
[-3.198396408832238e-18, -9.75781955236954e-19, 0.003959303197605098, 0.16271709481268237]
[0.030633354445712198, 0.036687575219020996, 0.0527772967900161, 0.05762898424434634, 0.9295987786563913, -4.087345896103865e-18]
E for cur_iter:  -1.8488860985284263
params in def chemistry in vqe.py:  [-1.85988974e-04 -1.27369363e-03 -7.70723899e-05  1.62646984e-01
  4.02621601e-03  5.17458049e-03  5.96712835e-03  5.98765328e-03
  1.46048314e-01 -2.31236942e-03 -2.16553711e-03]
[-0.00018598897418761745, -0.0012736936335121067, -7.707238991181168e-05, 0.16264698373317443]
[0.025297461280607926, 0.03251284813668659, 0.03749257318989978, 0.037621535100957795, 0.9176486188605923, -0.014529045564350479]
E for cur_iter:  -1.851456622435705
params in def chemistry in vqe.py:  [ 3.33941675e-03 -1.19262239e-18 -3.68628739e-18  1.63720308e-01
  2.67463027e-03  5.28014425e-03  7.55254432e-03  7.68540213e-03
  1.50245227e-01  2.97114041e-03 -4.87890978e-19]
[0.003339416752060836, -1.1926223897340549e-18, -3.686287386450715e-18, 0.16372030830165776]
[0.01680519764167136, 0.03317612479288292, 0.047454035510490614, 0.04828880576708257, 0.9440186009846696, 0.0186682257870954]
E for cur_iter:  -1.8493363349382335
params in def chemistry in vqe.py:  [ 0.00100588 -0.00122543 -0.0009273   0.16328758  0.00475262  0.00329143
  0.00637834  0.00674085  0.14858325 -0.00227052  0.0002297 ]
[0.0010058769671075752, -0.0012254282818614987, -0.000927295993985702, 0.1632875816817504]
[0.02986157058836487, 0.020680638628985948, 0.04007628016483863, 0.04235400117248715, 0.9335760625954019, -0.014266093549015956]
E for cur_iter:  -1.8507498599365477
params in def chemistry in vqe.py:  [ 3.79224352e-03  8.97329346e-04 -4.11996826e-18  1.62274392e-01
  4.10895588e-03  7.01219785e-03  6.21684817e-03  6.11132677e-03
  1.44506198e-01 -6.50521303e-19  2.45759576e-03]
[0.0037922435152832794, 0.0008973293461028281, -4.119968255444917e-18, 0.16227439163106297]
[0.025817331239908124, 0.04405893847309329, 0.039061609109095986, 0.0383985985399543, 0.9079592189108842, -4.087345896103865e-18]
E for cur_iter:  -1.8410632834575835
params in def chemistry in vqe.py:  [ 0.00030979 -0.0008733  -0.000711    0.16295095  0.00158733  0.00613988
  0.00699435  0.00655414  0.14818119 -0.0025023   0.00024061]
[0.00030978515069789733, -0.0008732983765539248, -0.0007110005643243614, 0.16295094803738486]
[0.009973459715402573, 0.0385780329192721, 0.04394680381348184, 0.04118085922184206, 0.9310498898323037, -0.015722393394765225]
E for cur_iter:  -1.851456622435705
params in def chemistry in vqe.py:  [ 3.52365706e-19  3.83010508e-04  8.67361738e-19  1.63926612e-01
  3.62848116e-03  5.71794948e-03  8.57587475e-03  1.21593710e-02
  1.48352275e-01 -1.08420217e-18 -5.42101086e-20]
[3.5236570605778894e-19, 0.00038301050821357087, 8.673617379884035e-19, 0.1639266121476114]
[0.022798419496975267, 0.035926936147839435, 0.05388381023369322, 0.07639958147647252, 0.9321248327500519, -6.812243160173109e-18]
E for cur_iter:  -1.849689716187812
params in def chemistry in vqe.py:  [-3.52365706e-19 -6.50521303e-19 -4.33680869e-19  1.61010947e-01
  2.42979205e-03  3.76828976e-03  7.11012769e-03  6.80390650e-03
  1.48305804e-01 -6.50521303e-19 -2.71050543e-19]
[-3.5236570605778894e-19, -6.505213034913027e-19, -4.336808689942018e-19, 0.16101094747117128]
[0.01526683371229455, 0.023676862878906905, 0.04467424984461984, 0.04275020536762564, 0.9318328487646096, -4.087345896103865e-18]
E for cur_iter:  -1.8484358621186194
params in def chemistry in vqe.py:  [ 1.36528983e-04 -9.73529030e-04 -7.75628486e-04  1.63596028e-01
  2.89010201e-03  4.15099211e-03  6.94926713e-03  6.72265223e-03
  1.46561329e-01 -6.97916883e-04 -1.87836743e-04]
[0.00013652898266731052, -0.0009735290299990484, -0.0007756284855592074, 0.1635960283518476]
[0.018159046507513495, 0.026081452630710447, 0.043663533132095395, 0.042239669685819985, 0.920871986842056, -0.004385141102574648]
E for cur_iter:  -1.8500430974373907
params in def chemistry in vqe.py:  [-1.78893358e-18 -1.08420217e-19 -1.08420217e-18  1.63706946e-01
  4.46004636e-03  6.29535692e-03  6.84141812e-03  5.96084381e-03
  1.48877453e-01  3.25260652e-19  9.21571847e-19]
[-1.7889335846010823e-18, -1.0842021724855044e-19, -1.0842021724855044e-18, 0.16370694620260864]
[0.028023297739054466, 0.039554894131829936, 0.04298589780015223, 0.0374530862193057, 0.9354246222099704, 2.0436729480519327e-18]
E for cur_iter:  -1.849689716187812
params in def chemistry in vqe.py:  [-0.00018591 -0.00022865 -0.00145118  0.16261436  0.00391438  0.00486912
  0.00777787  0.00648286  0.14696419 -0.00127149 -0.00024887]
[-0.00018591199313861, -0.0002286534462372261, -0.001451182273548018, 0.16261435711592007]
[0.024594803076382708, 0.030593597572375453, 0.048869773378029766, 0.04073299222218619, 0.9234032623725704, -0.007988997809213447]
E for cur_iter:  -1.852163384934862
params in def chemistry in vqe.py:  [-4.09286320e-18  5.42101086e-19 -2.16840434e-19  1.62223006e-01
  4.59286909e-03  5.15760755e-03  6.75527893e-03  6.90935183e-03
  1.46551247e-01  2.16840434e-19  1.71615586e-03]
[-4.092863201132779e-18, 5.421010862427522e-19, -2.168404344971009e-19, 0.16222300557673308]
[0.028857847580648226, 0.032406203977068615, 0.042444669334772055, 0.0434127378799504, 0.9208086389677382, 1.3624486320346218e-18]
E for cur_iter:  -1.8518100036852836
params in def chemistry in vqe.py:  [ 1.19095319e-04 -2.87482728e-05 -6.50060542e-04  1.62082274e-01
  4.65891861e-03  5.53938559e-03  6.17496927e-03  8.02979419e-03
  1.46672309e-01  3.14536781e-04  1.35816849e-03]
[0.00011909531891174732, -2.8748272796329335e-05, -0.0006500605416761306, 0.16208227369892597]
[0.02927284893330395, 0.03480498612805845, 0.038798476166781455, 0.05045268487268463, 0.9215692982967744, 0.001976292882679773]
E for cur_iter:  -1.852163384934862
params in def chemistry in vqe.py:  [ 2.28691347e-19 -3.25260652e-19 -1.65149532e-18  1.62178179e-01
  6.00375507e-03  5.78350193e-03  6.24972581e-03  8.41460062e-03
  1.46364444e-01 -9.99432018e-19  3.91274853e-03]
[2.286913465445626e-19, -3.252606517456498e-19, -1.6514953172241102e-18, 0.16217817882918345]
[0.037722705626261614, 0.03633881432691956, 0.03926818539626183, 0.05287049500787305, 0.9196349225230052, -6.279616570692836e-18]
E for cur_iter:  -1.8518100036852836
params in def chemistry in vqe.py:  [ 1.25883614e-20 -3.41523684e-19 -1.91142469e-18  1.62042708e-01
  4.02013726e-03  6.24331868e-03  7.03054500e-03  6.91538950e-03
  1.45730231e-01  3.87658302e-04  1.76037988e-03]
[1.258836139030543e-20, -3.415236843329324e-19, -1.91142469306101e-18, 0.162042707544037]
[0.02525926736046087, 0.03922792817967741, 0.044174217014435586, 0.04345067367571979, 0.9156500486024595, 0.0024357289487915066]
E for cur_iter:  -1.8518100036852836
params in def chemistry in vqe.py:  [ 4.37041770e-05  2.12831588e-04  4.96088355e-04  1.62294170e-01
  4.67927248e-03  5.17713036e-03  6.92626141e-03  7.27180436e-03
  1.46437364e-01 -2.30419823e-04  1.43783912e-03]
[4.37041770461437e-05, 0.00021283158761588056, 0.0004960883552202794, 0.16229416998286253]
[0.029400736070707336, 0.03252886940282032, 0.04351898392602255, 0.045690094295880126, 0.9200930957762012, -0.0014477704450154378]
E for cur_iter:  -1.8518100036852836
params in def chemistry in vqe.py:  [ 2.48953349e-19 -5.85469173e-19  2.63885568e-04  1.61519322e-01
  5.15881158e-03  5.50456131e-03  5.81932973e-03  6.60276761e-03
  1.46108681e-01  8.00420488e-20  1.19646938e-03]
[2.489533485104655e-19, -5.854691731421717e-19, 0.00026388556768224686, 0.1615193224929791]
[0.032413769127271196, 0.03458617874238285, 0.03656392705052338, 0.04148641241104502, 0.9180279185855813, 5.029190251516471e-19]
E for cur_iter:  -1.849946242277162
params in def chemistry in vqe.py:  [-6.82876571e-04  2.64444506e-04 -1.05492996e-05  1.62339820e-01
  4.45461171e-03  5.14074116e-03  6.56460727e-03  6.93745218e-03
  1.46517737e-01 -4.21353413e-05  1.74615960e-03]
[-0.0006828765711855976, 0.0002644445062994501, -1.0549299550667852e-05, 0.16233981979698572]
[0.027989150851921225, 0.03230022931977821, 0.041246643949852634, 0.04358929758693174, 0.9205980910451831, -0.00026474415765748984]
E for cur_iter:  -1.852163384934862
params in def chemistry in vqe.py:  [ 6.30997582e-04  1.31645255e-03 -5.28272539e-18  1.62531125e-01
  4.36200262e-03  5.05531303e-03  6.52431687e-03  6.76842672e-03
  1.46368115e-01 -6.93889390e-19  1.92771900e-03]
[0.0006309975824879785, 0.0013164525523871127, -5.282725394153481e-18, 0.162531125494547]
[0.027407270784927877, 0.03176346854570039, 0.04099349191170258, 0.04252727934581798, 0.9196579875596116, -4.35983562251079e-18]
E for cur_iter:  -1.8518100036852836
params in def chemistry in vqe.py:  [-7.82613193e-05  4.04868023e-05 -1.27469413e-04  1.62544494e-01
  5.00853253e-03  5.04071146e-03  6.93232974e-03  6.85689997e-03
  1.46270541e-01  3.91498934e-04  1.54186194e-03]
[-7.826131925824567e-05, 4.048680229697503e-05, -0.0001274694128899182, 0.16254449383928962]
[0.031469538006343306, 0.03167172416987445, 0.04355711235330562, 0.04308317314633772, 0.9190449137051154, 0.0024598603501155107]
E for cur_iter:  -1.8518100036852836
params in def chemistry in vqe.py:  [ 2.87274055e-19  5.17977742e-04 -4.77048956e-19  1.61534434e-01
  4.31959946e-03  4.75887827e-03  7.64101627e-03  7.39888682e-03
  1.46922395e-01  5.22251420e-04  1.89119750e-03]
[2.8727405477993144e-19, 0.0005179777420098914, -4.770489558936222e-19, 0.1615344336557023]
[0.027140843870761912, 0.029900914006602056, 0.048009921153268686, 0.04648857696637095, 0.9231406355894916, 0.0032814024494068]
E for cur_iter:  -1.849946242277162
params in def chemistry in vqe.py:  [-4.33580547e-05  1.47594139e-04  8.96932680e-05  1.62332031e-01
  4.79107478e-03  5.61237483e-03  6.84014621e-03  6.74686070e-03
  1.47068174e-01  1.16043360e-04  1.63633374e-03]
[-4.335805470307084e-05, 0.00014759413916620492, 8.969326797146626e-05, 0.16233203051229003]
[0.030103210674815178, 0.035263591051370766, 0.04297790614117541, 0.0423917759908471, 0.9240565903933047, 0.0007291219331199649]
E for cur_iter:  -1.8518100036852836
params in def chemistry in vqe.py:  [-9.23832182e-20  4.55364912e-19  1.07943354e-04  1.63575095e-01
  3.98828772e-03  5.25114827e-03  6.41656459e-03  7.18617413e-03
  1.46686392e-01  3.10923797e-19  1.84926182e-03]
[-9.23832182427931e-20, 4.553649124439123e-19, 0.00010794335435468483, 0.16357509524971917]
[0.025059150781223557, 0.032993937639516406, 0.04031646434005189, 0.045152063713943674, 0.9216577831472651, 1.9535918305043007e-18]
E for cur_iter:  -1.849689716187812
params in def chemistry in vqe.py:  [-7.63019713e-21  2.22280042e-04 -3.98653056e-20  1.62295206e-01
  4.90944234e-03  5.46720840e-03  7.30248276e-03  6.87693580e-03
  1.46366008e-01  4.33680869e-19  1.55847624e-03]
[-7.630197133810172e-21, 0.0002222800417211886, -3.9865305595819505e-20, 0.16229520641880377]
[0.030846935996866196, 0.034351483515909415, 0.04588285235625704, 0.043209061960364205, 0.9196447531106966, 2.7248972640692413e-18]
E for cur_iter:  -1.8518100036852836
params in def chemistry in vqe.py:  [ 1.14923486e-05  1.29067803e-05 -8.35366248e-05  1.62218622e-01
  4.42994809e-03  5.10642032e-03  6.78689005e-03  6.80040816e-03
  1.46585301e-01 -1.15790028e-05  1.39683392e-03]
[1.1492348645748132e-05, 1.2906780298340217e-05, -8.353662476560218e-05, 0.16221862187194877]
[0.027834184728059545, 0.03208458513353382, 0.04264328782892298, 0.042728224659791064, 0.9210226090745465, -7.275302052252891e-05]
E for cur_iter:  -1.8518100036852836
params in def chemistry in vqe.py:  [3.56678991e-21 1.13724127e-04 9.60170484e-06 1.61878699e-01
 4.95587123e-03 5.30258769e-03 6.31753866e-03 6.69518304e-03
 1.46325796e-01 2.16840434e-19 1.52205051e-03]
[3.566789905051377e-21, 0.00011372412657985338, 9.60170483711692e-06, 0.16187869937396515]
[0.03113865729341895, 0.03331714103474232, 0.03969426607762106, 0.04206707570218626, 0.9193920915934937, 1.3624486320346193e-18]
E for cur_iter:  -1.8518100036852836
params in def chemistry in vqe.py:  [1.13481441e-20 4.98732999e-19 9.14724353e-05 1.62058066e-01
 4.77762358e-03 5.27354685e-03 6.88958327e-03 7.01270279e-03
 1.46589578e-01 2.00012475e-19 1.51803699e-03]
[1.1348144071172192e-20, 4.987329993433325e-19, 9.147243530271424e-05, 0.16205806594219974]
[0.03001869425937259, 0.033134672100204286, 0.043288528369239826, 0.044062111108667965, 0.9210494824582388, 1.2567154429152766e-18]
E for cur_iter:  -1.8518100036852836
params in def chemistry in vqe.py:  [-3.41739410e-05 -1.30141513e-04 -1.05870045e-05  1.62296907e-01
  4.62474727e-03  5.21109237e-03  6.73415084e-03  6.90155411e-03
  1.46530385e-01 -9.42120949e-05  1.68834285e-03]
[-3.417394104672595e-05, -0.00013014151259568268, -1.0587004518994757e-05, 0.16229690733051255]
[0.02905814411508135, 0.032742259003641375, 0.04231191759854645, 0.043363743404879015, 0.9206775596038624, -0.0005919520503844785]
E for cur_iter:  -1.8518100036852836
params in def chemistry in vqe.py:  [-3.15695998e-20  2.39853626e-04 -2.18009072e-19  1.62213228e-01
  4.55788719e-03  5.20771163e-03  6.66748466e-03  7.19597004e-03
  1.46574336e-01  1.40946282e-19  1.68721814e-03]
[-3.15695998044139e-20, 0.0002398536263907319, -2.1800907223172856e-19, 0.16221322775386182]
[0.028638049819857566, 0.032721017174678034, 0.04189304167205811, 0.045213613219799394, 0.9209537174492767, 8.855916108225017e-19]
E for cur_iter:  -1.8518100036852836
params in def chemistry in vqe.py:  [-4.39850209e-06 -4.66387293e-05  5.57192610e-05  1.62217484e-01
  4.50766800e-03  5.25783286e-03  6.74329357e-03  6.92160026e-03
  1.46482224e-01  1.02099108e-04  1.71058754e-03]
[-4.398502090855404e-06, -4.663872930323106e-05, 5.571926103987134e-05, 0.16221748361241686]
[0.02832251332225254, 0.03303593815911198, 0.042369363057174196, 0.043489697067594354, 0.9203749589327187, 0.000641507614092819]
E for cur_iter:  -1.8518100036852836
params in def chemistry in vqe.py:  [-3.30256671e-20  1.75656004e-04  1.52401356e-04  1.62022042e-01
  4.46512685e-03  5.02938781e-03  6.85696873e-03  6.80057039e-03
  1.46527082e-01  1.68051337e-19  1.76718204e-03]
[-3.3025667103984554e-20, 0.00017565600407792596, 0.0001524013555376325, 0.16202204163145265]
[0.028055219425373902, 0.03160057559833383, 0.043083605194242744, 0.04272924397700223, 0.9206568106185845, 1.055897689826831e-18]
E for cur_iter:  -1.8518100036852836
params in def chemistry in vqe.py:  [ 7.87699628e-05  1.16599623e-04  5.39079949e-05  1.61909070e-01
  4.96305854e-03  5.29527321e-03  6.30753453e-03  6.69204409e-03
  1.46321982e-01 -8.65897410e-06  1.51048717e-03]
[7.87699627954699e-05, 0.00011659962257834474, 5.390799488668849e-05, 0.161909070234552]
[0.03118381651112521, 0.03327118285134258, 0.03963140827517126, 0.04204735312382469, 0.919368126376319, -5.440593881521433e-05]
E for cur_iter:  -1.8518100036852836
params in def chemistry in vqe.py:  [ 3.35848050e-05  1.38520516e-04 -3.70083262e-05  1.61874064e-01
  4.95119533e-03  5.34661655e-03  6.35479284e-03  6.68173542e-03
  1.46291423e-01 -2.55775039e-05  1.53738409e-03]
[3.358480500906729e-05, 0.00013852051625903104, -3.7008326210696946e-05, 0.16187406361625425]
[0.031109277738331827, 0.033593782531430506, 0.03992834100120443, 0.04198258182912954, 0.9191761187225562, -0.00016070819657532223]
E for cur_iter:  -1.8518100036852836
params in def chemistry in vqe.py:  [-2.33176702e-05  1.52340846e-04  3.24846314e-05  1.61914103e-01
  4.96310338e-03  5.34823862e-03  6.31833644e-03  6.65392703e-03
  1.46369142e-01  1.73739839e-06  1.52400616e-03]
[-2.3317670184668724e-05, 0.00015234084588264973, 3.248463143259417e-05, 0.16191410284491772]
[0.031184098234932983, 0.03360397429504352, 0.03969927866506363, 0.041807856525000665, 0.9196644439137576, 1.0916396020138437e-05]
E for cur_iter:  -1.8518100036852836
params in def chemistry in vqe.py:  [-2.88764134e-05  1.38828511e-04  1.96415082e-05  1.61922952e-01
  4.98299331e-03  5.27733982e-03  6.34207985e-03  6.69393938e-03
  1.46266977e-01  1.68904191e-05  1.50496972e-03]
[-2.8876413362697952e-05, 0.00013882851112508065, 1.964150823827466e-05, 0.16192295150907807]
[0.03130907035328283, 0.03315850404416289, 0.03984846295316532, 0.04205926155689756, 0.919022519666926, 0.0001061256332664212]
E for cur_iter:  -1.8518100036852836
params in def chemistry in vqe.py:  [ 3.71770712e-06  1.21891939e-04 -1.96790700e-05  1.61886126e-01
  4.91281341e-03  5.29101484e-03  6.31346514e-03  6.67556683e-03
  1.46334245e-01 -9.64935397e-07  1.44406287e-03]
[3.717707117020683e-06, 0.00012189193933033535, -1.9679070043456436e-05, 0.16188612624071314]
[0.030868117025216836, 0.03324442667363102, 0.039668671380031474, 0.04194382341833405, 0.9194451786022385, -6.0628679102875015e-06]
E for cur_iter:  -1.8518100036852836
params in def chemistry in vqe.py:  [-2.14165990e-05  1.29433608e-04  5.97147167e-05  1.61850037e-01
  4.91811331e-03  5.29320838e-03  6.32712514e-03  6.68301758e-03
  1.46303846e-01 -5.70809081e-05  1.52425600e-03]
[-2.1416598987155513e-05, 0.0001294336079970868, 5.971471667035737e-05, 0.16185003702813536]
[0.030901417265189607, 0.033258209146236915, 0.03975449973549341, 0.04199063785757027, 0.9192541738589, -0.00035864992285496145]
E for cur_iter:  -1.8518100036852836
params in def chemistry in vqe.py:  [-7.56588931e-06  1.52183217e-04  2.75491397e-06  1.61898447e-01
  4.94624754e-03  5.32344783e-03  6.27909220e-03  6.76652729e-03
  1.46324281e-01 -2.08579479e-05  1.51654374e-03]
[-7.565889307922956e-06, 0.0001521832167525076, 2.75491397041723e-06, 0.16189844663163191]
[0.0310781898762782, 0.03344820920396878, 0.03945269987476804, 0.04251534485828476, 0.9193825745538855, -0.0001310543516969371]
E for cur_iter:  -1.8518100036852836
{'II': -1.0523732457728605, 'IZ': 0.39793742484317896, 'ZI': -0.39793742484317884, 'ZZ': -0.011280104256235268, 'XX': 0.18093119978423128}
The optimized loss func value: -1.8518100036852836

   Return from subroutine COBYLA because the MAXFUN limit has been reached.

   NFVALS =  100   F =-1.851810E+00    MAXCV = 0.000000E+00
   X = 3.566790E-21   1.137241E-04   9.601705E-06   1.618787E-01   4.955871E-03
       5.302588E-03   6.317539E-03   6.695183E-03   1.463258E-01   2.168404E-19
       1.522051E-03
