lb in gen_LC_finance:  [0. 0. 0. 0. 0. 0. 0. 0. 0. 0. 0. 0. 0. 0. 0. 0. 0. 0. 0. 0. 0. 0. 0. 0.
 0. 0.]
ub in gen_LC_finance:  [1. 1. 1. 1. 1. 1. 1. 1. 1. 1. 1. 1. 1. 1. 1. 1. 1. 1. 1. 1. 1. 1. 1. 1.
 1. 1.]
<scipy.optimize._constraints.LinearConstraint object at 0x7efe6e7a7a90>
params in def finance in vqe.py:  [0. 0. 0. 0. 0. 0. 0. 0. 0. 0. 0. 0. 0. 0. 0. 0. 0. 0. 0. 0. 0. 0. 0. 0.
 0. 0.]
[0.0, 0.0, 0.0, 0.0, 0.0, 0.0, 0.0, 0.0, 0.0, 0.0]
[0.0, 0.0, 0.0, 0.0, 0.0, 0.0, 0.0, 0.0, 0.0, 0.0, 0.0, 0.0, 0.0]
E for cur_iter:  2.910643433484876
params in def finance in vqe.py:  [0.1 0.  0.  0.  0.  0.  0.  0.  0.  0.  0.  0.  0.  0.  0.  0.  0.  0.
 0.  0.  0.  0.  0.  0.  0.  0. ]
[0.1, 0.0, 0.0, 0.0, 0.0, 0.0, 0.0, 0.0, 0.0, 0.0]
[0.0, 0.0, 0.0, 0.0, 0.0, 0.0, 0.0, 0.0, 0.0, 0.0, 0.0, 0.0, 0.0]
E for cur_iter:  0.9466634634668432
params in def finance in vqe.py:  [0.1 0.1 0.  0.  0.  0.  0.  0.  0.  0.  0.  0.  0.  0.  0.  0.  0.  0.
 0.  0.  0.  0.  0.  0.  0.  0. ]
[0.1, 0.1, 0.0, 0.0, 0.0, 0.0, 0.0, 0.0, 0.0, 0.0]
[0.0, 0.0, 0.0, 0.0, 0.0, 0.0, 0.0, 0.0, 0.0, 0.0, 0.0, 0.0, 0.0]
E for cur_iter:  -0.20806112367310414
params in def finance in vqe.py:  [0.1 0.1 0.1 0.  0.  0.  0.  0.  0.  0.  0.  0.  0.  0.  0.  0.  0.  0.
 0.  0.  0.  0.  0.  0.  0.  0. ]
[0.1, 0.1, 0.1, 0.0, 0.0, 0.0, 0.0, 0.0, 0.0, 0.0]
[0.0, 0.0, 0.0, 0.0, 0.0, 0.0, 0.0, 0.0, 0.0, 0.0, 0.0, 0.0, 0.0]
E for cur_iter:  0.326092485774113
params in def finance in vqe.py:  [0.1 0.1 0.  0.1 0.  0.  0.  0.  0.  0.  0.  0.  0.  0.  0.  0.  0.  0.
 0.  0.  0.  0.  0.  0.  0.  0. ]
[0.1, 0.1, 0.0, 0.1, 0.0, 0.0, 0.0, 0.0, 0.0, 0.0]
[0.0, 0.0, 0.0, 0.0, 0.0, 0.0, 0.0, 0.0, 0.0, 0.0, 0.0, 0.0, 0.0]
E for cur_iter:  -0.22475892988348795
params in def finance in vqe.py:  [0.1 0.1 0.  0.1 0.1 0.  0.  0.  0.  0.  0.  0.  0.  0.  0.  0.  0.  0.
 0.  0.  0.  0.  0.  0.  0.  0. ]
[0.1, 0.1, 0.0, 0.1, 0.1, 0.0, 0.0, 0.0, 0.0, 0.0]
[0.0, 0.0, 0.0, 0.0, 0.0, 0.0, 0.0, 0.0, 0.0, 0.0, 0.0, 0.0, 0.0]
E for cur_iter:  -0.2559104340613091
params in def finance in vqe.py:  [0.1 0.1 0.  0.1 0.1 0.1 0.  0.  0.  0.  0.  0.  0.  0.  0.  0.  0.  0.
 0.  0.  0.  0.  0.  0.  0.  0. ]
[0.1, 0.1, 0.0, 0.1, 0.1, 0.1, 0.0, 0.0, 0.0, 0.0]
[0.0, 0.0, 0.0, 0.0, 0.0, 0.0, 0.0, 0.0, 0.0, 0.0, 0.0, 0.0, 0.0]
E for cur_iter:  -0.2568885283115905
params in def finance in vqe.py:  [0.1 0.1 0.  0.1 0.1 0.1 0.1 0.  0.  0.  0.  0.  0.  0.  0.  0.  0.  0.
 0.  0.  0.  0.  0.  0.  0.  0. ]
[0.1, 0.1, 0.0, 0.1, 0.1, 0.1, 0.1, 0.0, 0.0, 0.0]
[0.0, 0.0, 0.0, 0.0, 0.0, 0.0, 0.0, 0.0, 0.0, 0.0, 0.0, 0.0, 0.0]
E for cur_iter:  -0.2858006234624341
params in def finance in vqe.py:  [0.1 0.1 0.  0.1 0.1 0.1 0.1 0.1 0.  0.  0.  0.  0.  0.  0.  0.  0.  0.
 0.  0.  0.  0.  0.  0.  0.  0. ]
[0.1, 0.1, 0.0, 0.1, 0.1, 0.1, 0.1, 0.1, 0.0, 0.0]
[0.0, 0.0, 0.0, 0.0, 0.0, 0.0, 0.0, 0.0, 0.0, 0.0, 0.0, 0.0, 0.0]
E for cur_iter:  1.0212785866768868
params in def finance in vqe.py:  [0.1 0.1 0.  0.1 0.1 0.1 0.1 0.  0.1 0.  0.  0.  0.  0.  0.  0.  0.  0.
 0.  0.  0.  0.  0.  0.  0.  0. ]
[0.1, 0.1, 0.0, 0.1, 0.1, 0.1, 0.1, 0.0, 0.1, 0.0]
[0.0, 0.0, 0.0, 0.0, 0.0, 0.0, 0.0, 0.0, 0.0, 0.0, 0.0, 0.0, 0.0]
E for cur_iter:  -0.23188446226467724
params in def finance in vqe.py:  [0.1 0.1 0.  0.1 0.1 0.1 0.1 0.  0.  0.1 0.  0.  0.  0.  0.  0.  0.  0.
 0.  0.  0.  0.  0.  0.  0.  0. ]
[0.1, 0.1, 0.0, 0.1, 0.1, 0.1, 0.1, 0.0, 0.0, 0.1]
[0.0, 0.0, 0.0, 0.0, 0.0, 0.0, 0.0, 0.0, 0.0, 0.0, 0.0, 0.0, 0.0]
E for cur_iter:  1.0212785786924852
params in def finance in vqe.py:  [0.1 0.1 0.  0.1 0.1 0.1 0.1 0.  0.  0.  0.1 0.  0.  0.  0.  0.  0.  0.
 0.  0.  0.  0.  0.  0.  0.  0. ]
[0.1, 0.1, 0.0, 0.1, 0.1, 0.1, 0.1, 0.0, 0.0, 0.0]
[0.6283185307179586, 0.0, 0.0, 0.0, 0.0, 0.0, 0.0, 0.0, 0.0, 0.0, 0.0, 0.0, 0.0]
E for cur_iter:  -0.28482046036068
params in def finance in vqe.py:  [0.1 0.1 0.  0.1 0.1 0.1 0.1 0.  0.  0.  0.  0.1 0.  0.  0.  0.  0.  0.
 0.  0.  0.  0.  0.  0.  0.  0. ]
[0.1, 0.1, 0.0, 0.1, 0.1, 0.1, 0.1, 0.0, 0.0, 0.0]
[0.0, 0.6283185307179586, 0.0, 0.0, 0.0, 0.0, 0.0, 0.0, 0.0, 0.0, 0.0, 0.0, 0.0]
E for cur_iter:  -0.29860300526568695
params in def finance in vqe.py:  [0.1 0.1 0.  0.1 0.1 0.1 0.1 0.  0.  0.  0.  0.1 0.1 0.  0.  0.  0.  0.
 0.  0.  0.  0.  0.  0.  0.  0. ]
[0.1, 0.1, 0.0, 0.1, 0.1, 0.1, 0.1, 0.0, 0.0, 0.0]
[0.0, 0.6283185307179586, 0.6283185307179586, 0.0, 0.0, 0.0, 0.0, 0.0, 0.0, 0.0, 0.0, 0.0, 0.0]
E for cur_iter:  -0.3074150117492989
params in def finance in vqe.py:  [0.1 0.1 0.  0.1 0.1 0.1 0.1 0.  0.  0.  0.  0.1 0.1 0.1 0.  0.  0.  0.
 0.  0.  0.  0.  0.  0.  0.  0. ]
[0.1, 0.1, 0.0, 0.1, 0.1, 0.1, 0.1, 0.0, 0.0, 0.0]
[0.0, 0.6283185307179586, 0.6283185307179586, 0.6283185307179586, 0.0, 0.0, 0.0, 0.0, 0.0, 0.0, 0.0, 0.0, 0.0]
E for cur_iter:  -0.3074150117492989
params in def finance in vqe.py:  [0.1 0.1 0.  0.1 0.1 0.1 0.1 0.  0.  0.  0.  0.1 0.1 0.  0.1 0.  0.  0.
 0.  0.  0.  0.  0.  0.  0.  0. ]
[0.1, 0.1, 0.0, 0.1, 0.1, 0.1, 0.1, 0.0, 0.0, 0.0]
[0.0, 0.6283185307179586, 0.6283185307179586, 0.0, 0.6283185307179586, 0.0, 0.0, 0.0, 0.0, 0.0, 0.0, 0.0, 0.0]
E for cur_iter:  -0.3351230391570629
params in def finance in vqe.py:  [0.1 0.1 0.  0.1 0.1 0.1 0.1 0.  0.  0.  0.  0.1 0.1 0.  0.1 0.1 0.  0.
 0.  0.  0.  0.  0.  0.  0.  0. ]
[0.1, 0.1, 0.0, 0.1, 0.1, 0.1, 0.1, 0.0, 0.0, 0.0]
[0.0, 0.6283185307179586, 0.6283185307179586, 0.0, 0.6283185307179586, 0.6283185307179586, 0.0, 0.0, 0.0, 0.0, 0.0, 0.0, 0.0]
E for cur_iter:  -0.3104088817176557
params in def finance in vqe.py:  [0.1 0.1 0.  0.1 0.1 0.1 0.1 0.  0.  0.  0.  0.1 0.1 0.  0.1 0.  0.1 0.
 0.  0.  0.  0.  0.  0.  0.  0. ]
[0.1, 0.1, 0.0, 0.1, 0.1, 0.1, 0.1, 0.0, 0.0, 0.0]
[0.0, 0.6283185307179586, 0.6283185307179586, 0.0, 0.6283185307179586, 0.0, 0.6283185307179586, 0.0, 0.0, 0.0, 0.0, 0.0, 0.0]
E for cur_iter:  -0.32719666118497637
params in def finance in vqe.py:  [0.1 0.1 0.  0.1 0.1 0.1 0.1 0.  0.  0.  0.  0.1 0.1 0.  0.1 0.  0.  0.1
 0.  0.  0.  0.  0.  0.  0.  0. ]
[0.1, 0.1, 0.0, 0.1, 0.1, 0.1, 0.1, 0.0, 0.0, 0.0]
[0.0, 0.6283185307179586, 0.6283185307179586, 0.0, 0.6283185307179586, 0.0, 0.0, 0.6283185307179586, 0.0, 0.0, 0.0, 0.0, 0.0]
E for cur_iter:  -0.30252200858434614
params in def finance in vqe.py:  [0.1 0.1 0.  0.1 0.1 0.1 0.1 0.  0.  0.  0.  0.1 0.1 0.  0.1 0.  0.  0.
 0.1 0.  0.  0.  0.  0.  0.  0. ]
[0.1, 0.1, 0.0, 0.1, 0.1, 0.1, 0.1, 0.0, 0.0, 0.0]
[0.0, 0.6283185307179586, 0.6283185307179586, 0.0, 0.6283185307179586, 0.0, 0.0, 0.0, 0.6283185307179586, 0.0, 0.0, 0.0, 0.0]
E for cur_iter:  -0.3419744051598609
params in def finance in vqe.py:  [0.1 0.1 0.  0.1 0.1 0.1 0.1 0.  0.  0.  0.  0.1 0.1 0.  0.1 0.  0.  0.
 0.1 0.1 0.  0.  0.  0.  0.  0. ]
[0.1, 0.1, 0.0, 0.1, 0.1, 0.1, 0.1, 0.0, 0.0, 0.0]
[0.0, 0.6283185307179586, 0.6283185307179586, 0.0, 0.6283185307179586, 0.0, 0.0, 0.0, 0.6283185307179586, 0.6283185307179586, 0.0, 0.0, 0.0]
E for cur_iter:  -0.3419744051598609
params in def finance in vqe.py:  [0.1 0.1 0.  0.1 0.1 0.1 0.1 0.  0.  0.  0.  0.1 0.1 0.  0.1 0.  0.  0.
 0.1 0.  0.1 0.  0.  0.  0.  0. ]
[0.1, 0.1, 0.0, 0.1, 0.1, 0.1, 0.1, 0.0, 0.0, 0.0]
[0.0, 0.6283185307179586, 0.6283185307179586, 0.0, 0.6283185307179586, 0.0, 0.0, 0.0, 0.6283185307179586, 0.0, 0.6283185307179586, 0.0, 0.0]
E for cur_iter:  -0.3360701840572137
params in def finance in vqe.py:  [0.1 0.1 0.  0.1 0.1 0.1 0.1 0.  0.  0.  0.  0.1 0.1 0.  0.1 0.  0.  0.
 0.1 0.  0.  0.1 0.  0.  0.  0. ]
[0.1, 0.1, 0.0, 0.1, 0.1, 0.1, 0.1, 0.0, 0.0, 0.0]
[0.0, 0.6283185307179586, 0.6283185307179586, 0.0, 0.6283185307179586, 0.0, 0.0, 0.0, 0.6283185307179586, 0.0, 0.0, 0.6283185307179586, 0.0]
E for cur_iter:  -0.3419744051598609
params in def finance in vqe.py:  [0.1 0.1 0.  0.1 0.1 0.1 0.1 0.  0.  0.  0.  0.1 0.1 0.  0.1 0.  0.  0.
 0.1 0.  0.  0.  0.1 0.  0.  0. ]
[0.1, 0.1, 0.0, 0.1, 0.1, 0.1, 0.1, 0.0, 0.0, 0.0]
[0.0, 0.6283185307179586, 0.6283185307179586, 0.0, 0.6283185307179586, 0.0, 0.0, 0.0, 0.6283185307179586, 0.0, 0.0, 0.0, 0.6283185307179586]
E for cur_iter:  -0.3419744051598609
params in def finance in vqe.py:  [0.1 0.1 0.  0.1 0.1 0.1 0.1 0.  0.  0.  0.  0.1 0.1 0.  0.1 0.  0.  0.
 0.1 0.  0.  0.  0.  0.1 0.  0. ]
[0.1, 0.1, 0.0, 0.1, 0.1, 0.1, 0.1, 0.0, 0.0, 0.0]
[0.0, 0.6283185307179586, 0.6283185307179586, 0.0, 0.6283185307179586, 0.0, 0.0, 0.0, 0.6283185307179586, 0.0, 0.0, 0.0, 0.0]
E for cur_iter:  -0.3419744051598609
params in def finance in vqe.py:  [0.1 0.1 0.  0.1 0.1 0.1 0.1 0.  0.  0.  0.  0.1 0.1 0.  0.1 0.  0.  0.
 0.1 0.  0.  0.  0.  0.  0.1 0. ]
[0.1, 0.1, 0.0, 0.1, 0.1, 0.1, 0.1, 0.0, 0.0, 0.0]
[0.0, 0.6283185307179586, 0.6283185307179586, 0.0, 0.6283185307179586, 0.0, 0.0, 0.0, 0.6283185307179586, 0.0, 0.0, 0.0, 0.0]
E for cur_iter:  -0.3419744051598609
params in def finance in vqe.py:  [0.1 0.1 0.  0.1 0.1 0.1 0.1 0.  0.  0.  0.  0.1 0.1 0.  0.1 0.  0.  0.
 0.1 0.  0.  0.  0.  0.  0.  0.1]
[0.1, 0.1, 0.0, 0.1, 0.1, 0.1, 0.1, 0.0, 0.0, 0.0]
[0.0, 0.6283185307179586, 0.6283185307179586, 0.0, 0.6283185307179586, 0.0, 0.0, 0.0, 0.6283185307179586, 0.0, 0.0, 0.0, 0.0]
E for cur_iter:  -0.3419744051598609
params in def finance in vqe.py:  [ 1.86178037e-01  1.50668489e-01  0.00000000e+00  1.00732688e-01
  1.01366906e-01  1.00042918e-01  1.01268642e-01 -1.05499335e-17
 -3.01078557e-19 -2.51088142e-21 -3.44263829e-21  1.00561759e-01
  1.00386665e-01  0.00000000e+00  1.01215808e-01  5.58628303e-20
 -1.89609446e-19  1.65762015e-19  1.00300633e-01  0.00000000e+00
 -1.73472348e-19  0.00000000e+00  0.00000000e+00  0.00000000e+00
  0.00000000e+00  0.00000000e+00]
[0.18617803663375637, 0.1506684891351167, 0.0, 0.10073268779583766, 0.1013669057267464, 0.1000429180762629, 0.10126864206005379, -1.0549933520322332e-17, -3.0107855709166203e-19, -2.5108814220361897e-21]
[-2.163073429598936e-20, 0.6318481688653793, 0.6307480156933225, 0.0, 0.6359576803723903, 3.5099651442657545e-19, -1.1913512828940961e-18, 1.0415134588609498e-18, 0.6302074638225215, 0.0, -1.0899589056276972e-18, 0.0, 0.0]
E for cur_iter:  0.0006243971763990608
params in def finance in vqe.py:  [0.07465809 0.14310206 0.         0.1        0.1        0.1
 0.1        0.         0.         0.         0.         0.1
 0.1        0.         0.1        0.         0.         0.
 0.1        0.         0.         0.         0.         0.
 0.         0.        ]
[0.07465808807718496, 0.14310205911666268, 0.0, 0.1, 0.1, 0.1, 0.1, 0.0, 0.0, 0.0]
[0.0, 0.6283185307179586, 0.6283185307179586, 0.0, 0.6283185307179586, 0.0, 0.0, 0.0, 0.6283185307179586, 0.0, 0.0, 0.0, 0.0]
E for cur_iter:  -0.4387708355219707
params in def finance in vqe.py:  [ 0.00000000e+00  1.34269327e-01 -5.03704471e-19  1.19642018e-01
  1.36644239e-01  1.01150555e-01  1.34009970e-01 -6.22231391e-19
  1.74482253e-19  4.65535417e-18 -1.02426088e-19  1.15059740e-01
  1.10365768e-01  0.00000000e+00  1.32593597e-01  5.79342275e-18
 -4.58751062e-19 -1.26885916e-18  1.08059421e-01  0.00000000e+00
 -3.79084776e-18  0.00000000e+00  0.00000000e+00  0.00000000e+00
  0.00000000e+00  0.00000000e+00]
[0.0, 0.13426932651443746, -5.037044710965121e-19, 0.11964201788417991, 0.13664423903778222, 0.101150555019886, 0.13400997010426613, -6.222313913182274e-19, 1.7448225313773562e-19, 4.655354169709395e-18]
[-6.435620911719267e-19, 0.7229416648962189, 0.6934485732907132, 0.0, 0.8331101418034527, 3.640114868198912e-17, -2.8824179314198124e-18, -7.972477206561025e-18, 0.678957367658629, 0.0, -2.3818598930505483e-17, 0.0, 0.0]
E for cur_iter:  0.1743951329787491
params in def finance in vqe.py:  [ 0.07465809  0.14310206 -0.05        0.1         0.1         0.1
  0.1         0.          0.          0.          0.          0.1
  0.1         0.          0.1         0.          0.          0.
  0.1         0.          0.          0.          0.          0.
  0.          0.        ]
[0.07465808807718496, 0.14310205911666268, -0.05000000000000001, 0.1, 0.1, 0.1, 0.1, 0.0, 0.0, 0.0]
[0.0, 0.6283185307179586, 0.6283185307179586, 0.0, 0.6283185307179586, 0.0, 0.0, 0.0, 0.6283185307179586, 0.0, 0.0, 0.0, 0.0]
E for cur_iter:  -0.307114978740591
params in def finance in vqe.py:  [ 6.47362380e-02  1.43371777e-01  7.15603313e-03  1.00453797e-01
  3.02643390e-02  1.70608848e-01  1.00785745e-01  3.46496424e-18
  1.44874742e-19 -1.11015037e-17 -3.41217699e-21  1.00347931e-01
  1.00239484e-01  0.00000000e+00  1.00753022e-01  3.26825678e-20
  6.46612638e-20  3.41103751e-19  1.00186200e-01  0.00000000e+00
 -4.33680869e-20  0.00000000e+00  0.00000000e+00  0.00000000e+00
  0.00000000e+00  0.00000000e+00]
[0.06473623795619417, 0.1433717770900985, 0.007156033133344592, 0.10045379695752576, 0.03026433901440731, 0.17060884838694906, 0.1007857451841182, 3.464964244932001e-18, 1.4487474210702864e-19, -1.1101503693182802e-17]
[-2.1439340331876343e-20, 0.6305046447239046, 0.6298232546896664, 0.0, 0.6330499086540436, 2.0535062978130755e-19, 4.062787025020627e-19, 2.1432180771843985e-18, 0.6294884588929466, 0.0, -2.7248972640692426e-19, 0.0, 0.0]
E for cur_iter:  -0.2361637433235879
params in def finance in vqe.py:  [ 7.46580881e-02  1.43102059e-01 -2.43104721e-20  5.97112019e-02
  1.20938156e-01  1.20938156e-01  1.00000000e-01  0.00000000e+00
  0.00000000e+00  0.00000000e+00  0.00000000e+00  1.00000000e-01
  1.00000000e-01  0.00000000e+00  1.00000000e-01  0.00000000e+00
  0.00000000e+00  0.00000000e+00  1.00000000e-01  0.00000000e+00
  0.00000000e+00  0.00000000e+00  0.00000000e+00  0.00000000e+00
  0.00000000e+00  0.00000000e+00]
[0.07465808807718496, 0.14310205911666268, -2.4310472139599708e-20, 0.0597112019253315, 0.120938155956275, 0.120938155956275, 0.1, 0.0, 0.0, 0.0]
[0.0, 0.6283185307179586, 0.6283185307179586, 0.0, 0.6283185307179586, 0.0, 0.0, 0.0, 0.6283185307179586, 0.0, 0.0, 0.0, 0.0]
E for cur_iter:  -0.23800042940551455
params in def finance in vqe.py:  [ 6.24333909e-02  1.43434378e-01  8.81693810e-03  5.30312265e-02
  4.43857706e-02  3.31301397e-02  1.00968116e-01  5.20813146e-18
 -6.44296799e-20  2.22004932e-17  4.49621835e-21  1.00428685e-01
  1.00295068e-01  0.00000000e+00  1.00927798e-01 -1.05586174e-19
 -2.71898322e-20  1.69227701e-19  1.00229417e-01  0.00000000e+00
 -4.33680869e-20  0.00000000e+00  0.00000000e+00  0.00000000e+00
  0.00000000e+00  0.00000000e+00]
[0.06243339085535796, 0.1434343782426654, 0.008816938101032694, 0.053031226454475645, 0.04438577061567188, 0.03313013965979056, 0.10096811550791643, 5.2081314647262965e-18, -6.442967989335574e-20, 2.2200493166167575e-17]
[2.825057305281215e-20, 0.6310120386312202, 0.630172498952939, 0.0, 0.6341480546480072, -6.6341749967961905e-19, -1.7083875394133353e-19, 1.063289006523836e-18, 0.6297599975347427, 0.0, -2.724897264069242e-19, 0.0, 0.0]
E for cur_iter:  -0.559379886139625
params in def finance in vqe.py:  [ 6.24333909e-02  1.43434378e-01  8.81693810e-03  5.30312265e-02
  4.43857706e-02  3.31301397e-02  1.00968116e-01 -5.00000000e-02
 -6.44296799e-20  2.22004932e-17  4.49621835e-21  1.00428685e-01
  1.00295068e-01  0.00000000e+00  1.00927798e-01 -1.05586174e-19
 -2.71898322e-20  1.69227701e-19  1.00229417e-01  0.00000000e+00
 -4.33680869e-20  0.00000000e+00  0.00000000e+00  0.00000000e+00
  0.00000000e+00  0.00000000e+00]
[0.062433390855357956, 0.1434343782426654, 0.008816938101032694, 0.053031226454475645, 0.04438577061567188, 0.03313013965979056, 0.10096811550791641, -0.05, -6.442967989335574e-20, 2.2200493166167575e-17]
[2.825057305281215e-20, 0.6310120386312202, 0.630172498952939, 0.0, 0.6341480546480072, -6.6341749967961905e-19, -1.7083875394133353e-19, 1.063289006523836e-18, 0.6297599975347427, 0.0, -2.724897264069242e-19, 0.0, 0.0]
E for cur_iter:  -0.572182816300202
params in def finance in vqe.py:  [ 5.14596382e-02  1.43732691e-01  1.67316452e-02  6.26354613e-02
  4.42667775e-02  2.29072963e-02  1.65931853e-02  6.93889390e-18
 -6.08959177e-19  1.74005062e-17  9.19049267e-21  1.00813503e-01
  1.00559942e-01  0.00000000e+00  1.01760654e-01 -1.03466160e-19
  3.00949817e-20  6.17790085e-19  1.00435357e-01  0.00000000e+00
 -4.33680869e-20  0.00000000e+00  0.00000000e+00  0.00000000e+00
  0.00000000e+00  0.00000000e+00]
[0.05145963817828268, 0.14373269138960407, 0.01673164521680978, 0.06263546133180328, 0.04426677754503263, 0.022907296318427476, 0.01659318525715972, 6.938893903907228e-18, -6.089591769703536e-19, 1.7400506162244368e-17]
[5.774556847943584e-20, 0.6334299218014556, 0.631836751941185, 0.0, 0.6393810475534859, -6.500970568375689e-19, 1.8909234706281237e-19, 3.8816895864322296e-18, 0.6310539600806088, 0.0, -2.724897264069242e-19, 0.0, 0.0]
E for cur_iter:  -0.18797701983396742
params in def finance in vqe.py:  [ 6.24333909e-02  1.43434378e-01  8.81693810e-03  5.30312265e-02
  4.43857706e-02  3.31301397e-02  1.00968116e-01 -5.00000000e-02
 -5.00000000e-02  2.22004932e-17  4.49621835e-21  1.00428685e-01
  1.00295068e-01 -5.74100452e-19  1.00927798e-01 -1.05586174e-19
 -2.71898322e-20  1.69227701e-19  1.00229417e-01  0.00000000e+00
 -4.33680869e-20  0.00000000e+00  0.00000000e+00  0.00000000e+00
  0.00000000e+00  0.00000000e+00]
[0.062433390855357956, 0.1434343782426654, 0.008816938101032694, 0.053031226454475645, 0.04438577061567188, 0.03313013965979056, 0.10096811550791641, -0.05, -0.05000000000000001, 2.2200493166167575e-17]
[2.825057305281215e-20, 0.6310120386312202, 0.630172498952939, -3.607179527543901e-18, 0.6341480546480072, -6.6341749967961905e-19, -1.7083875394133353e-19, 1.063289006523836e-18, 0.6297599975347427, 0.0, -2.724897264069242e-19, 0.0, 0.0]
E for cur_iter:  -0.39770990395449757
params in def finance in vqe.py:  [ 5.81150191e-02  1.43551770e-01  1.19315196e-02  5.68106680e-02
  4.43389447e-02  2.91072644e-02  1.07541464e-01 -2.08166817e-17
  4.12750428e-03  2.41574642e-17  5.77451005e-21  1.00580118e-01
  1.61259717e-01 -4.12892851e-17  4.03951261e-02  3.35231812e-21
 -4.52110329e-20  2.45803414e-19  1.00310458e-01  0.00000000e+00
 -5.81022193e-21  0.00000000e+00  0.00000000e+00  0.00000000e+00
  0.00000000e+00  0.00000000e+00]
[0.05811501911633904, 0.1435517699044812, 0.011931519642749473, 0.05681066797185139, 0.04433894467303321, 0.02910726443407279, 0.10754146390798966, -2.0816681711721685e-17, 0.0041275042797667355, 2.4157464177893102e-17]
[3.6282316690422845e-20, 0.6319635197387183, 1.0132246824963835, -2.594282294764954e-16, 0.2538100631062418, 2.1063235938374584e-20, -2.8406929766390986e-19, 1.5444284003485363e-18, 0.6302691953865487, 0.0, -3.6506701068256414e-20, 0.0, 0.0]
E for cur_iter:  -0.6094874171079094
params in def finance in vqe.py:  [ 5.81150191e-02  1.43551770e-01  1.19315196e-02  5.68106680e-02
  4.43389447e-02  2.91072644e-02  1.07541464e-01 -2.08166817e-17
  4.12750428e-03 -5.00000000e-02  2.22988190e-17  1.00580118e-01
  1.61259717e-01 -4.17401551e-17  4.03951261e-02  3.35231812e-21
 -4.52110329e-20  2.45803414e-19  1.00310458e-01  0.00000000e+00
 -5.81022193e-21  0.00000000e+00  0.00000000e+00  0.00000000e+00
  0.00000000e+00  0.00000000e+00]
[0.05811501911633904, 0.1435517699044812, 0.011931519642749473, 0.056810667971851386, 0.04433894467303321, 0.02910726443407278, 0.10754146390798966, -2.0816681711721688e-17, 0.0041275042797667355, -0.04999999999999998]
[1.401076118788238e-16, 0.6319635197387186, 1.0132246824963835, -2.622611294321614e-16, 0.2538100631062418, 2.1063235938374584e-20, -2.8406929766390986e-19, 1.5444284003485363e-18, 0.6302691953865487, 0.0, -3.6506701068256414e-20, 0.0, 0.0]
E for cur_iter:  -0.6429572049149623
params in def finance in vqe.py:  [ 5.39933427e-02  1.43663815e-01  1.49042367e-02  6.04179616e-02
  4.42942516e-02  2.52676251e-02  1.13815406e-01 -1.50193055e-17
  8.06700696e-03  7.63278329e-17  5.62402929e-17  1.46086018e-02
  1.61102399e-01  2.56802562e-04  4.09647447e-02  6.15399262e-20
 -8.28067350e-20  2.45913262e-19  1.00387808e-01  0.00000000e+00
 -3.39786207e-20  0.00000000e+00  0.00000000e+00  0.00000000e+00
  0.00000000e+00  0.00000000e+00]
[0.05399334269691216, 0.14366381455315555, 0.014904236692762574, 0.0604179616283974, 0.04429425158145721, 0.02526762510744442, 0.113815406202595, -1.5019305481150564e-17, 0.00806700696483734, 7.632783294297951e-17]
[3.533681817665644e-16, 0.09178855187909787, 1.0122362279646333, 0.001613538083336243, 0.2573890822876349, 3.8666676033073963e-19, -5.20290060457976e-19, 1.5451185974336945e-18, 0.630755200044195, 0.0, -2.1349397007225726e-19, 0.0, 0.0]
E for cur_iter:  -0.6567300200429042
params in def finance in vqe.py:  [ 5.39933427e-02  1.43663815e-01  1.49042367e-02  6.04179616e-02
  4.42942516e-02  2.52676251e-02  1.13815406e-01 -1.50193055e-17
  8.06700696e-03  5.40347885e-17 -5.00000000e-02  1.46086018e-02
  1.61102399e-01  2.56802562e-04  4.09647447e-02  6.15399262e-20
 -8.28067350e-20  2.45913262e-19  1.00387808e-01  0.00000000e+00
 -3.39786207e-20  0.00000000e+00  0.00000000e+00  0.00000000e+00
  0.00000000e+00  0.00000000e+00]
[0.05399334269691216, 0.14366381455315555, 0.014904236692762574, 0.0604179616283974, 0.04429425158145721, 0.02526762510744442, 0.113815406202595, -1.5019305481150564e-17, 0.00806700696483734, 5.4034788457712047e-17]
[-0.314159265358979, 0.09178855187909767, 1.0122362279646333, 0.001613538083336314, 0.257389082287635, 3.8666676033073963e-19, -5.20290060457976e-19, 1.5451185974336945e-18, 0.630755200044195, 0.0, -2.1349397007225726e-19, 0.0, 0.0]
E for cur_iter:  -0.6930901192079304
params in def finance in vqe.py:  [ 4.42189135e-02  1.43929525e-01  2.19539440e-02  6.89725479e-02
  4.41882633e-02  1.61620382e-02  1.28693868e-01 -5.54900013e-18
  1.74094168e-02  8.02183098e-17  2.08166817e-17  1.55823583e-02
  8.89166644e-02  1.46909394e-17 -4.85722573e-17  1.63331841e-19
 -1.03431078e-19  4.84386976e-19  1.00571241e-01  0.00000000e+00
 -5.07384107e-20  0.00000000e+00  0.00000000e+00  0.00000000e+00
  0.00000000e+00  0.00000000e+00]
[0.04421891346366512, 0.143929525001523, 0.021953944015459255, 0.06897254791354612, 0.04418826328534409, 0.016162038190813133, 0.128693867957393, -5.5490001282660995e-18, 0.017409416773602398, 8.02183097886265e-17]
[1.307950686753237e-16, 0.09790684462622011, 0.5586798796038376, 9.230589482034562e-17, -3.051884935757553e-16, 1.0262442236123411e-18, -6.498766283631014e-19, 3.0434931294804026e-18, 0.6319077451859735, 0.0, -3.187988366317459e-19, 0.0, 0.0]
E for cur_iter:  -0.6932470774106587
params in def finance in vqe.py:  [ 4.42189135e-02  1.43929525e-01  2.19539440e-02  6.89725479e-02
  4.41882633e-02  1.61620382e-02  1.28693868e-01 -5.54900013e-18
  1.74094168e-02  8.02183098e-17  2.08166817e-17  1.55823583e-02
  8.89166644e-02  1.50797155e-17 -4.81834812e-17 -5.00000000e-02
 -1.03431078e-19  4.84386976e-19  1.00571241e-01  0.00000000e+00
 -5.07384107e-20  0.00000000e+00  0.00000000e+00  0.00000000e+00
  0.00000000e+00  0.00000000e+00]
[0.04421891346366512, 0.143929525001523, 0.021953944015459255, 0.06897254791354612, 0.04418826328534409, 0.016162038190813133, 0.128693867957393, -5.5490001282660995e-18, 0.017409416773602398, 8.02183097886265e-17]
[1.3079506867532372e-16, 0.09790684462622011, 0.5586798796038376, 9.474864712535666e-17, -3.0274574127074425e-16, -0.31415926535897937, -6.498766283631014e-19, 3.0434931294804026e-18, 0.6319077451859735, 0.0, -3.187988366317459e-19, 0.0, 0.0]
E for cur_iter:  -0.656838095551902
params in def finance in vqe.py:  [ 1.10233909e-01  1.98914063e-01  4.09141915e-02  8.62496281e-02
  3.32122625e-02 -8.32667268e-17  1.58787220e-01 -5.60217747e-17
  4.25359070e-02 -5.09798038e-17 -4.74872784e-17  1.43770333e-02
  9.22073637e-02 -4.86543692e-17  1.44219873e-03  5.24339232e-03
 -4.83131481e-17 -4.86706599e-17  1.01064587e-01  0.00000000e+00
 -4.84042766e-17  0.00000000e+00  0.00000000e+00  0.00000000e+00
  0.00000000e+00  0.00000000e+00]
[0.11023390913646319, 0.19891406345425944, 0.040914191534361544, 0.08624962807886033, 0.033212262544108674, -8.326672684688674e-17, 0.15878721953744884, -5.602177466560965e-17, 0.04253590703610138, -5.097980380212818e-17]
[-2.983713702110649e-16, 0.09033356462923385, 0.5793559527217155, -3.057044175497804e-16, 0.009061601848741975, 0.032945205566797975, -3.035604623507261e-16, -3.058067750023195e-16, 0.6350075251008747, 0.0, -3.041330394009981e-16, 0.0, 0.0]
E for cur_iter:  -0.005831122360849983
params in def finance in vqe.py:  [ 4.42189135e-02  1.43929525e-01  2.19539440e-02  6.89725479e-02
  4.41882633e-02  1.61620382e-02  1.28693868e-01 -5.54900013e-18
  1.74094168e-02  8.02183098e-17  2.08166817e-17  1.55823583e-02
  8.89166644e-02  1.89660925e-17 -4.42971043e-17  1.63331841e-19
 -5.00000000e-02  4.84386976e-19  1.00571241e-01  0.00000000e+00
 -5.07384107e-20  0.00000000e+00  0.00000000e+00  0.00000000e+00
  0.00000000e+00  0.00000000e+00]
[0.04421891346366509, 0.14392952500152298, 0.021953944015459255, 0.06897254791354612, 0.044188263285344094, 0.016162038190813133, 0.128693867957393, -5.549000128266098e-18, 0.017409416773602398, 8.021830978862649e-17]
[1.3079506867532377e-16, 0.09790684462622011, 0.5586798796038376, 1.1916747357703592e-16, -2.78326914819065e-16, 1.026244223612355e-18, -0.31415926535897937, 3.0434931294804026e-18, 0.6319077451859735, 0.0, -3.187988366317459e-19, 0.0, 0.0]
E for cur_iter:  -0.698157518862924
params in def finance in vqe.py:  [ 1.38777878e-17  1.12313794e-01  3.72038386e-02  9.31843580e-02
  5.46051898e-02 -2.08166817e-17  1.70759758e-01 -6.58890642e-18
  3.76188749e-02  1.08905300e-16  2.26708042e-17  2.25861565e-02
  1.01383505e-01  2.10490766e-02  2.26538077e-02  4.21730678e-03
  1.38777878e-17 -9.82944459e-19  1.00968043e-01  0.00000000e+00
  1.42551403e-20  0.00000000e+00  0.00000000e+00  0.00000000e+00
  0.00000000e+00  0.00000000e+00]
[1.3877787807814457e-17, 0.11231379353479448, 0.037203838642100785, 0.09318435801090796, 0.05460518977768633, -2.0816681711721685e-17, 0.17075975774727228, -6.588906424534091e-18, 0.03761887492853623, 1.0890529953764813e-16]
[1.4244486376123374e-16, 0.14191300655147313, 0.6370113504062681, 0.13225524860530552, 0.14233807153521924, 0.026498119966305248, 8.71967124502158e-17, -6.176022182808238e-18, 0.6344009255635448, 0.0, 8.956768806174229e-20, 0.0, 0.0]
E for cur_iter:  -0.37712280388236175
params in def finance in vqe.py:  [ 4.42189135e-02  1.43929525e-01  2.19539440e-02  6.89725479e-02
  4.41882633e-02  1.61620382e-02  1.28693868e-01 -5.54900013e-18
  1.74094168e-02  8.02183098e-17  2.08166817e-17  1.55823583e-02
  8.89166644e-02  1.58677673e-17 -4.73954295e-17  1.63331841e-19
 -5.00000000e-02 -5.00000000e-02  1.00571241e-01  0.00000000e+00
 -5.07384107e-20  0.00000000e+00  0.00000000e+00  0.00000000e+00
  0.00000000e+00  0.00000000e+00]
[0.04421891346366507, 0.14392952500152298, 0.021953944015459255, 0.06897254791354612, 0.04418826328534405, 0.016162038190813174, 0.128693867957393, -5.5490001282660926e-18, 0.017409416773602398, 8.021830978862648e-17]
[1.3079506867532374e-16, 0.09790684462622011, 0.5586798796038376, 9.970012240983827e-17, -2.9779426598626267e-16, 1.026244223612363e-18, -0.31415926535897937, -0.31415926535897937, 0.6319077451859735, 0.0, -3.187988366317459e-19, 0.0, 0.0]
E for cur_iter:  -0.6991408618606957
params in def finance in vqe.py:  [ 2.90382930e-02  1.38569463e-01  2.61343418e-02  7.08390936e-02
 -6.93889390e-17  6.83168985e-02  1.31965075e-01 -5.75431680e-17
  2.29493616e-02  1.34769731e-16  5.21845186e-17  1.38150127e-02
  8.77927973e-02  1.54493426e-17 -1.89116403e-17  1.15607488e-03
  6.24500451e-17 -4.16333634e-17  1.00680015e-01  0.00000000e+00
 -3.13572428e-21  0.00000000e+00  0.00000000e+00  0.00000000e+00
  0.00000000e+00  0.00000000e+00]
[0.02903829299802159, 0.1385694634637406, 0.02613434184064787, 0.0708390936421308, -6.938893903907228e-17, 0.06831689853582693, 0.13196507515266373, -5.754316797118227e-17, 0.022949361605190455, 1.3476973053821745e-16]
[3.278850002175467e-16, 0.08680228506789966, 0.5516184137690866, 9.707108255102513e-17, -1.1882534054000463e-16, 0.007263832688077019, 3.9238520602597107e-16, -2.615901373506474e-16, 0.6325911916020551, 0.0, -1.9702336724284423e-20, 0.0, 0.0]
E for cur_iter:  -0.7119246406829367
params in def finance in vqe.py:  [ 2.93469650e-02  1.38750948e-01  2.61343418e-02  7.07355967e-02
 -2.28459746e-04  6.83462115e-02  1.31785871e-01 -5.39647865e-17
  2.29493616e-02  1.15968904e-16  4.58214044e-17  1.37440107e-02
  8.76875365e-02  2.80011801e-03 -2.22382706e-04  1.15607488e-03
  6.69433464e-17 -4.04780253e-17  5.07613846e-02  0.00000000e+00
 -3.13572428e-21  0.00000000e+00  0.00000000e+00  0.00000000e+00
  0.00000000e+00  0.00000000e+00]
[0.02934696496850906, 0.1387509475517273, 0.02613434184064787, 0.07073559671152552, -0.00022845974633440785, 0.06834621147347325, 0.13178587118611998, -5.3964786503150864e-17, 0.022949361605190455, 1.159689044891213e-16]
[2.879043747287925e-16, 0.08635616586873122, 0.5509570411352916, 0.017593660316568345, -0.0013972717532144115, 0.007263832688077019, 4.206174505875882e-16, -2.5433093381803754e-16, 0.3189431859319888, 0.0, -1.9702336724284423e-20, 0.0, 0.0]
E for cur_iter:  -0.7158574680532842
params in def finance in vqe.py:  [ 2.77555756e-17  1.00341367e-01  4.46689551e-02  1.00184080e-01
  1.34408111e-02  4.38456789e-02  1.82949892e-01 -9.48052922e-17
  4.75117931e-02  1.28069247e-16  6.23754565e-17  2.04091903e-02
  1.04256338e-01 -5.20417043e-18  2.87520546e-02  6.28175949e-03
  1.41059140e-16 -4.32358492e-18  1.53786429e-02  0.00000000e+00
  1.59472857e-19  0.00000000e+00  0.00000000e+00  0.00000000e+00
  0.00000000e+00  0.00000000e+00]
[2.7755575615628914e-17, 0.10034136675569985, 0.044668955130169705, 0.10018408012546343, 0.013440811113597207, 0.04384567891236191, 0.18294989208812348, -9.480529218867389e-17, 0.0475117930752474, 1.2806924746669788e-16]
[3.9191655162671707e-16, 0.1282347247465967, 0.6550618939016384, -3.269876716883092e-17, 0.18065448682126992, 0.03946945892347525, 8.863007143103211e-16, -2.7165885218717347e-17, 0.09662686290748712, 0.0, 1.0019975146948231e-18, 0.0, 0.0]
E for cur_iter:  -0.5590450143731467
params in def finance in vqe.py:  [ 2.93469650e-02  1.38750948e-01  2.61343418e-02  7.07355967e-02
 -2.28459746e-04  6.83462115e-02  1.31785871e-01 -5.39647865e-17
  2.29493616e-02  1.15968904e-16  4.58214044e-17  1.37440107e-02
  8.76875365e-02  2.80011801e-03 -2.22382706e-04  1.15607488e-03
  6.69433464e-17 -4.04780253e-17  5.07613846e-02  5.00000000e-02
 -3.13572428e-21  0.00000000e+00  0.00000000e+00  0.00000000e+00
  0.00000000e+00  0.00000000e+00]
[0.02934696496850906, 0.1387509475517273, 0.02613434184064787, 0.07073559671152552, -0.00022845974633440785, 0.06834621147347325, 0.13178587118611998, -5.3964786503150864e-17, 0.022949361605190455, 1.159689044891213e-16]
[2.879043747287925e-16, 0.08635616586873122, 0.5509570411352916, 0.017593660316568345, -0.0013972717532144115, 0.007263832688077019, 4.206174505875882e-16, -2.5433093381803754e-16, 0.3189431859319888, 0.31415926535897937, -1.9702336724284423e-20, 0.0, 0.0]
E for cur_iter:  -0.7158574680532842
params in def finance in vqe.py:  [ 6.85805940e-04  1.34453533e-01  4.08537148e-02  8.32667268e-17
  4.70158417e-02  1.00985489e-01  1.45179610e-01 -1.01204344e-16
  4.24557620e-02  1.28860401e-16  5.43328730e-17  8.19225098e-03
  8.48860146e-02 -4.33680869e-18  4.72983198e-17  5.22666767e-03
  1.63484638e-16  2.58287176e-17  4.63435987e-02  0.00000000e+00
  3.85137373e-20  0.00000000e+00  0.00000000e+00  0.00000000e+00
  0.00000000e+00  0.00000000e+00]
[0.0006858059400857569, 0.13445353336037158, 0.04085371475634736, 8.326672684688674e-17, 0.04701584166440788, 0.10098548936675954, 0.14517961021137288, -1.0120434413733952e-16, 0.042455762028903235, 1.2886040087877635e-16]
[3.413835093710156e-16, 0.051473431012274966, 0.5333545596328666, -2.7248972640692436e-17, 2.9718410786255187e-16, 0.03284012150174514, 1.0272042754163176e-15, 1.6228661899127046e-16, 0.29118541854020946, 0.0, 2.4198894817656256e-19, 0.0, 0.0]
E for cur_iter:  0.35509819862443665
params in def finance in vqe.py:  [ 2.93469650e-02  1.38750948e-01  2.61343418e-02  7.07355967e-02
 -2.28459746e-04  6.83462115e-02  1.31785871e-01 -5.39647865e-17
  2.29493616e-02  1.15968904e-16  4.58214044e-17  1.37440107e-02
  8.76875365e-02  2.80011801e-03 -2.22382706e-04  1.15607488e-03
  6.69433464e-17 -4.04780253e-17  5.07613846e-02  0.00000000e+00
 -5.00000000e-02  0.00000000e+00  0.00000000e+00  0.00000000e+00
  0.00000000e+00  0.00000000e+00]
[0.029346964968509043, 0.1387509475517273, 0.026134341840647828, 0.07073559671152552, -0.0002284597463344073, 0.06834621147347325, 0.13178587118611998, -5.3964786503150864e-17, 0.022949361605190455, 1.1596890448912127e-16]
[2.879043747287925e-16, 0.08635616586873122, 0.5509570411352916, 0.017593660316568265, -0.001397271753214424, 0.007263832688077019, 4.206174505875883e-16, -2.5433093381803754e-16, 0.3189431859319888, 0.0, -0.31415926535897937, 0.0, 0.0]
E for cur_iter:  -0.7129015189016257
params in def finance in vqe.py:  [-6.93889390e-18  1.31520568e-01  3.81639165e-17  1.28925341e-01
 -7.31836466e-19  2.01659810e-02  1.60831506e-01 -6.00705586e-17
  6.26783819e-02  9.10920933e-17  3.29084492e-17  3.26336445e-03
  8.29241365e-02 -2.60208521e-18  1.16822784e-17  9.44672103e-03
  1.36963984e-16  8.10576920e-18  4.27373943e-02  0.00000000e+00
  6.73095681e-04  0.00000000e+00  0.00000000e+00  0.00000000e+00
  0.00000000e+00  0.00000000e+00]
[-6.938893903907228e-18, 0.1315205678058864, 3.8163916471489756e-17, 0.1289253412719217, -7.318364664277155e-19, 0.020165981017646314, 0.16083150553311895, -6.007055857449786e-17, 0.06267838189666414, 9.109209329873802e-17]
[2.0676988464733362e-16, 0.020504323555905923, 0.5210277161377539, -1.634938358441546e-17, 7.340192005086525e-17, 0.05935549876623128, 8.605700911285501e-16, 5.093004991185331e-17, 0.26852696782132834, 0.0, 0.004229184895903908, 0.0, 0.0]
E for cur_iter:  -0.29240368678819617
params in def finance in vqe.py:  [ 2.93469650e-02  1.38750948e-01  2.61343418e-02  7.07355967e-02
 -2.28459746e-04  6.83462115e-02  1.31785871e-01 -5.39647865e-17
  2.29493616e-02  1.15968904e-16  4.58214044e-17  1.37440107e-02
  8.76875365e-02  2.80011801e-03 -2.22382706e-04  1.15607488e-03
  6.69433464e-17 -4.04780253e-17  5.07613846e-02  0.00000000e+00
 -3.13572428e-21  5.00000000e-02  0.00000000e+00  0.00000000e+00
  0.00000000e+00  0.00000000e+00]
[0.02934696496850906, 0.1387509475517273, 0.02613434184064787, 0.07073559671152552, -0.00022845974633440785, 0.06834621147347325, 0.13178587118611998, -5.3964786503150864e-17, 0.022949361605190455, 1.159689044891213e-16]
[2.879043747287925e-16, 0.08635616586873122, 0.5509570411352916, 0.017593660316568345, -0.0013972717532144115, 0.007263832688077019, 4.206174505875882e-16, -2.5433093381803754e-16, 0.3189431859319888, 0.0, -1.9702336724284423e-20, 0.31415926535897937, 0.0]
E for cur_iter:  -0.7001108075449144
params in def finance in vqe.py:  [ 1.44631257e-02  1.33746618e-01  9.24464573e-02  9.94846988e-02
  2.38903949e-16  5.83911934e-02  6.55697046e-02 -5.09161448e-17
  2.87709169e-02  9.64211859e-18  8.26377422e-18  1.28368553e-02
  8.78024323e-02 -7.37257477e-18  5.25838054e-17  2.37091618e-03
  2.30411412e-16  9.59266606e-17  4.94261414e-02  0.00000000e+00
  9.86297595e-05  2.86493699e-19  0.00000000e+00  0.00000000e+00
  0.00000000e+00  0.00000000e+00]
[0.014463125694472946, 0.13374661807939991, 0.09244645732009174, 0.09948469875075182, 2.389039487071809e-16, 0.05839119343174173, 0.06556970461739736, -5.0916144783173286e-17, 0.02877091688422235, 9.642118585164514e-18]
[5.1922824744866246e-17, 0.08065634046422435, 0.5516789525734643, -4.6323253489177144e-17, 3.3039379326839577e-16, 0.014896905727029536, 1.4477175972345692e-15, 6.027249842338666e-16, 0.3105536052374638, 0.0, 0.0006197090559016404, 1.800093001341296e-18, 0.0]
E for cur_iter:  -0.47154175324157044
params in def finance in vqe.py:  [ 2.93469650e-02  1.38750948e-01  2.61343418e-02  7.07355967e-02
 -2.28459746e-04  6.83462115e-02  1.31785871e-01 -5.39647865e-17
  2.29493616e-02  1.15968904e-16  4.58214044e-17  1.37440107e-02
  8.76875365e-02  2.80011801e-03 -2.22382706e-04  1.15607488e-03
  6.69433464e-17 -4.04780253e-17  5.07613846e-02  0.00000000e+00
 -3.13572428e-21  0.00000000e+00 -5.00000000e-02  0.00000000e+00
  0.00000000e+00  0.00000000e+00]
[0.02934696496850906, 0.1387509475517273, 0.02613434184064787, 0.07073559671152552, -0.00022845974633440785, 0.06834621147347325, 0.13178587118611998, -5.3964786503150864e-17, 0.022949361605190455, 1.159689044891213e-16]
[2.879043747287925e-16, 0.08635616586873122, 0.5509570411352916, 0.017593660316568345, -0.0013972717532144115, 0.007263832688077019, 4.206174505875882e-16, -2.5433093381803754e-16, 0.3189431859319888, 0.0, -1.9702336724284423e-20, 0.0, -0.31415926535897937]
E for cur_iter:  -0.7158574680532842
params in def finance in vqe.py:  [ 8.12909183e-02  6.13651960e-02  1.06984192e-02  6.79568149e-02
  2.19550940e-16  6.58953869e-02  1.16077449e-01 -8.37969486e-17
  2.95697749e-02  3.46902989e-17  2.80142834e-17  8.74031937e-03
  8.25477603e-02  2.95338594e-02  1.19695920e-16  2.53762175e-03
  1.48571812e-16  3.07231592e-17  5.23490954e-02  0.00000000e+00
  1.12164145e-04 -5.17748624e-19  1.33437375e-17  2.53159750e-18
 -1.22288741e-18  1.99153394e-19]
[0.08129091830294044, 0.06136519602936216, 0.010698419188851602, 0.06795681492070253, 2.1955093992831465e-16, 0.06589538688231414, 0.11607744857975819, -8.379694863750995e-17, 0.029569774874260595, 3.469029891332879e-17]
[1.7601893405861108e-16, 0.054917046231407675, 0.5186628748151322, 0.1855667117054436, 7.520716448831112e-16, 0.01594434770661111, 9.33504223309151e-16, 1.93039302200626e-16, 0.3289190670394435, 0.0, 0.000704748105962904, -3.253110547450023e-18, 8.384117570802245e-17]
E for cur_iter:  -0.3730971216494359
params in def finance in vqe.py:  [ 2.93469650e-02  1.38750948e-01  2.61343418e-02  7.07355967e-02
 -2.28459746e-04  6.83462115e-02  1.31785871e-01 -5.39647865e-17
  2.29493616e-02  1.15968904e-16  4.58214044e-17  1.37440107e-02
  8.76875365e-02  2.80011801e-03 -2.22382706e-04  1.15607488e-03
  6.69433464e-17 -4.04780253e-17  5.07613846e-02  0.00000000e+00
 -3.13572428e-21  0.00000000e+00  0.00000000e+00 -5.00000000e-02
 -5.32324985e-19 -5.32324985e-19]
[0.02934696496850906, 0.1387509475517273, 0.02613434184064787, 0.07073559671152552, -0.0002284597463344079, 0.06834621147347325, 0.13178587118611998, -5.3964786503150864e-17, 0.022949361605190455, 1.159689044891213e-16]
[2.879043747287925e-16, 0.08635616586873122, 0.5509570411352916, 0.01759366031656835, -0.0013972717532144121, 0.007263832688077019, 4.206174505875882e-16, -2.5433093381803754e-16, 0.3189431859319888, 0.0, -1.970233672428447e-20, 0.0, 0.0]
E for cur_iter:  -0.7158574680532842
params in def finance in vqe.py:  [ 9.17467401e-03  1.03095782e-01  2.36143615e-02  1.35335567e-01
  6.28024108e-17  4.77617412e-02  1.85264948e-01 -4.22045430e-17
  2.08166817e-17  6.72909623e-17  4.02610736e-17  1.22013034e-03
  8.00183672e-02  2.60208521e-18 -3.31223764e-17  9.23170065e-03
  7.64926846e-17 -3.20544235e-17  4.42326473e-02  0.00000000e+00
  6.55638744e-04  1.76795560e-20 -5.89948871e-18  1.49323803e-18
  2.02708859e-19 -4.47127180e-18]
[0.009174674006898316, 0.10309578227444288, 0.023614361461423938, 0.13533556726017046, 6.280241084122284e-17, 0.04776174120268897, 0.18526494845636282, -4.2204542964233274e-17, 2.0816681711721685e-17, 6.729096228702637e-17]
[2.5296778629412755e-16, 0.007666304999282917, 0.5027702289988023, 1.634938358441546e-17, -2.0811402854328847e-16, 0.05800448587916276, 4.806177121361415e-16, -2.0140388252761604e-16, 0.2779219195794566, 0.0, 0.004119499725003297, 1.1108392667278036e-19, -3.706758081321801e-17]
E for cur_iter:  -0.8326405321718175
params in def finance in vqe.py:  [ 9.17467401e-03  1.03095782e-01  2.36143615e-02  1.35335567e-01
  6.27788784e-17  4.77617412e-02  1.85264948e-01 -4.22045430e-17
  2.11104880e-17  6.72909623e-17  4.02610736e-17  1.22013034e-03
  8.00183672e-02  2.81654248e-18 -3.31766123e-17  9.23170065e-03
  7.64926846e-17 -3.20544235e-17  4.42326473e-02  0.00000000e+00
  6.55638744e-04  1.76795560e-20 -5.89948871e-18  9.60913042e-19
  5.00000000e-02 -4.73284937e-18]
[0.009174674006898316, 0.10309578227444288, 0.023614361461423938, 0.13533556726017046, 6.277887835675826e-17, 0.04776174120268897, 0.18526494845636282, -4.2204542964233274e-17, 2.1110488027649287e-17, 6.729096228702637e-17]
[2.5296778629412755e-16, 0.007666304999282917, 0.5027702289988023, 1.7696858305943878e-17, -2.0845480315300618e-16, 0.05800448587916276, 4.806177121361415e-16, -2.0140388252761604e-16, 0.2779219195794566, 0.0, 0.004119499725003297, 1.1108392667278036e-19, -3.706758081321801e-17]
E for cur_iter:  -0.8326430240035576
params in def finance in vqe.py:  [ 6.92772941e-02  1.47601908e-01  6.54522217e-02  1.50823185e-01
  1.73898393e-16  4.57618101e-02  2.26578038e-01  5.51966352e-18
  5.13187308e-17 -1.90350080e-16 -5.93857628e-17  1.90985415e-03
  8.26702301e-02  2.60251715e-02  3.52612351e-03  1.13616266e-02
 -8.21465510e-17 -5.40213953e-17  4.58947202e-02  0.00000000e+00
  8.28561810e-04 -4.18555813e-17 -9.79058025e-18 -1.95582810e-19
  5.00001458e-02  1.12060728e-03]
[0.06927729409990879, 0.14760190788556768, 0.06545222173861176, 0.15082318457919466, 1.7389839344221248e-16, 0.045761810052339556, 0.2265780377139563, 5.5196635200764685e-18, 5.131873079057204e-17, -1.9035007958341835e-16]
[-3.731317521947338e-16, 0.011999967556277288, 0.5194323748975014, 0.16352097536106552, 0.02215528741960136, 0.07138720520551348, -5.161420022698772e-16, -3.394264370678364e-16, 0.28836503161147403, 0.0, 0.005206007389322403, -2.6298637369902003e-16, -6.151603000520124e-17]
E for cur_iter:  -0.032417393817567246
params in def finance in vqe.py:  [ 8.81008383e-03  1.02823325e-01  2.34972446e-02  1.34949636e-01
 -3.86312025e-04  4.73574104e-02  1.85131231e-01 -4.21503382e-17
 -2.43346903e-04  6.61926085e-17  4.05992613e-17  1.21353688e-03
  8.00115796e-02 -2.41670086e-04 -1.54556623e-05  9.23170065e-03
  7.66233446e-17 -3.17997112e-17  4.42187495e-02  0.00000000e+00
  6.55638744e-04  1.76795560e-20 -5.98148251e-18  4.37754771e-19
  5.00000000e-02  4.99918137e-02]
[0.008810083833086197, 0.10282332537830552, 0.02349724455471774, 0.1349496361226021, -0.0003863120245666436, 0.04735741035173263, 0.18513123118587585, -4.215033820052949e-17, -0.0002433469028281882, 6.619260850687415e-17]
[2.5509268177804843e-16, 0.007624877078732898, 0.5027275814638871, -0.001518457934552663, -9.711079013195915e-05, 0.05800448587916276, 4.81438673078985e-16, -1.9980347836561037e-16, 0.27783459696120183, 0.0, 0.004119499725003299, 1.1108392667278036e-19, -3.758276301393381e-17]
E for cur_iter:  -0.8326375116881412
params in def finance in vqe.py:  [ 7.97972799e-17  8.48053269e-02  4.25614016e-02  5.32806985e-02
  1.83882394e-16 -2.01227923e-16  1.99276366e-01  5.22011096e-18
  3.99449933e-17 -1.83934229e-16 -6.64882969e-17  3.20195634e-04
  8.13846190e-02 -3.41838960e-17  1.44796954e-04  1.17464567e-02
 -5.29339202e-17 -3.43833978e-17  4.25816332e-02  0.00000000e+00
  8.59805151e-04 -4.27096229e-17 -7.88442112e-18 -7.15996365e-19
  5.00001721e-02 -4.20780865e-17]
[7.979727989493313e-17, 0.08480532694658385, 0.04256140159901001, 0.05328069845088296, 1.8388239402114895e-16, -2.0122792321330962e-16, 0.1992763663252394, 5.220110959750204e-18, 3.994499334517663e-17, -1.8393422859416096e-16]
[-4.177582902209814e-16, 0.0020118485012719195, 0.5113546423034465, -2.1478375280880335e-16, 0.0009097860933422526, 0.07380516408611736, -3.325936299620673e-16, -2.1603725956548691e-16, 0.2675482920681507, 0.0, 0.005402315089702815, -2.683524753724024e-16, -4.95392789367039e-17]
E for cur_iter:  -0.6234958816230578
params in def finance in vqe.py:  [ 9.17467401e-03  1.03095782e-01  2.36143615e-02  1.35335567e-01
  5.63914690e-17  4.77617412e-02  1.85264948e-01 -5.00000000e-02
 -2.28710919e-17  9.20269661e-17  4.03998515e-17  1.22013034e-03
  8.00183672e-02  9.17421719e-17 -1.31706329e-17  9.23170065e-03
  7.64926846e-17 -3.20544235e-17  4.42326473e-02  0.00000000e+00
  6.55638744e-04  1.76795560e-20 -5.89948871e-18  9.60913042e-19
  5.00000000e-02 -4.96453876e-18]
[0.009174674006898299, 0.10309578227444291, 0.02361436146142394, 0.13533556726017046, 5.639146897381335e-17, 0.04776174120268892, 0.18526494845636282, -0.050000000000000044, -2.2871091871496246e-17, 9.202696614684089e-17]
[2.538397534186298e-16, 0.007666304999282984, 0.5027702289988022, 5.764330663358023e-16, -8.275352682299174e-17, 0.05800448587916276, 4.806177121361415e-16, -2.0140388252761622e-16, 0.2779219195794568, 0.0, 0.004119499725003297, 1.1108392667278036e-19, -3.706758081321806e-17]
E for cur_iter:  -0.8927184853041727
params in def finance in vqe.py:  [ 7.96184449e-03  9.71174530e-02  2.17865832e-02  1.38922709e-01
  5.68358800e-16  4.68815171e-02  1.87640555e-01  2.01227923e-16
  3.05114232e-16  7.22112456e-02 -5.90296232e-17  4.28825301e-02
  1.02140544e-01  8.22917452e-17 -1.84840074e-16  9.73230666e-03
  1.59824770e-17 -2.65354594e-17  4.36854273e-02  0.00000000e+00
  6.96281625e-04  5.54009138e-20  4.61940501e-18  9.47580123e-19
  5.00000343e-02 -4.94575982e-18]
[0.007961844493826083, 0.09711745299938658, 0.021786583231933974, 0.13892270909775017, 5.683588002351469e-16, 0.04688151709285914, 0.1876405547803159, 2.0122792321330962e-16, 3.051142323639922e-16, 0.07221124560820993]
[-3.708940609543515e-16, 0.26943888293355134, 0.6417679659257212, 5.170542845258752e-16, -1.1613844380160814e-15, 0.06114988618901591, 1.0042086469340783e-16, -1.6672720877409584e-16, 0.2744836348913761, 0.0, 0.0043748664752630475, 3.4809420764410657e-19, 2.902457767213373e-17]
E for cur_iter:  -0.2762101673273366
params in def finance in vqe.py:  [ 9.20534873e-03  1.07593505e-01  2.07906590e-02  1.33437692e-01
 -1.57007205e-03  4.67847675e-02  1.81315127e-01 -5.00000000e-02
 -3.66894514e-03  1.70053685e-02  3.51395768e-17 -1.52808601e-02
  5.72637192e-02  1.87141118e-03  3.67827032e-02  9.23170065e-03
  7.82058789e-17 -3.32977153e-17  4.42864779e-02  0.00000000e+00
  6.55638744e-04  1.76795560e-20 -2.25879380e-18  4.88513668e-19
  5.00000000e-02 -2.98211094e-05]
[0.009205348734733521, 0.10759350456160319, 0.020790658969361445, 0.13343769230470856, -0.0015700720462653425, 0.04678476749526577, 0.18131512654910836, -0.049999999999999996, -0.003668945138790898, 0.017005368517435632]
[2.2078847242155376e-16, -0.09601247535200474, 0.3597985589097343, 0.011758423213059904, 0.23111254053862573, 0.05800448587916276, 4.913820291412145e-16, -2.0921571546965118e-16, 0.2782601474959344, 0.0, 0.004119499725003303, 1.1108392667278036e-19, -1.419242000601121e-17]
E for cur_iter:  -0.8870674987788503
params in def finance in vqe.py:  [ 5.04088226e-03  1.02601992e-01  4.25641079e-03  1.39295330e-01
  2.64351902e-16  4.01907028e-02  1.75568759e-01  9.71445147e-17
  1.14042433e-16  8.54862699e-17  6.52516138e-18  7.25598796e-02
  5.38901236e-02  5.53460626e-17  3.41015201e-02  1.09958769e-02
  5.90675026e-17 -3.20463529e-17  4.25504418e-02  0.00000000e+00
  7.98867562e-04 -1.30292387e-19  1.63125191e-17 -4.41947572e-18
  5.00001207e-02 -1.55409589e-17]
[0.005040882256690362, 0.10260199157517733, 0.00425641078999699, 0.1392953300021501, 2.6435190219312887e-16, 0.040190702786302004, 0.17556875946389985, 9.71445146547012e-17, 1.140424333041082e-16, 8.548626994174111e-17]
[4.099879812768129e-17, 0.45590716944441856, 0.3386016331128669, 3.4774956759294636e-16, 0.2142661700509689, 0.06908913244184423, 3.711320645393689e-16, -2.0135317370013894e-16, 0.26735231044991525, 0.0, 0.005019432926390486, -8.186512125590382e-19, 1.024945801350242e-16]
E for cur_iter:  -0.8376982635911592
params in def finance in vqe.py:  [ 2.97001224e-03  1.12754342e-01  1.41310754e-02  1.32305286e-01
 -4.51631607e-03  4.59749292e-02  1.80207357e-01 -5.00000000e-02
 -1.27792283e-02 -3.41186686e-03  3.01778381e-02  3.96967846e-04
  9.49507157e-02  2.09689598e-02  5.27162975e-03  9.23170065e-03
  8.09254084e-17 -3.12055810e-17  3.66068200e-02 -8.77475616e-03
  9.43039490e-03 -8.77475616e-03  8.77475616e-03  8.77475616e-03
  5.00000000e-02 -6.05099663e-05]
[0.002970012244824324, 0.11275434179361075, 0.014131075424020305, 0.13230528556595947, -0.004516316074918861, 0.045974929161234974, 0.1802073566008634, -0.049999999999999996, -0.012779228324434323, -0.0034118668588785485]
[0.1896129486950134, 0.0024942225346710903, 0.596592941557172, 0.13175186003968234, 0.03312262657891028, 0.05800448587916276, 5.084693368671647e-16, -1.960704478073835e-16, 0.2300074336625495, -0.055133418974852785, 0.05925291869985609, -0.055133418974852785, 0.05513341897485275]
E for cur_iter:  -0.8780383898259578
params in def finance in vqe.py:  [ 1.93402571e-02  8.22818153e-02  1.82879895e-02  1.46369075e-01
  2.05252693e-16  4.40582176e-02  1.79523591e-01  1.38777878e-17
  6.06159104e-17  5.34325000e-17  6.37611985e-02 -1.18611718e-16
  1.04569146e-01  1.62025307e-16  2.81108760e-02  1.13482525e-02
  9.77943021e-17 -6.23506768e-18  6.23009169e-02  2.25361902e-02
  4.98732999e-18  2.16207945e-02  2.03605765e-17  3.91381573e-17
  5.00001449e-02 -2.58485698e-17]
[0.01934025711024185, 0.08228181529914075, 0.018287989513143876, 0.1463690752233308, 2.052526929301685e-16, 0.04405821756923468, 0.17952359101724386, 1.3877787807814457e-17, 6.061591042517294e-17, 5.343249995772884e-17]
[0.40062342527737754, -7.452594017229381e-16, 0.6570273231351654, 1.018035030889886e-15, 0.17662584299900477, 0.07130317316762096, 6.144597223849518e-16, -3.917608562042526e-17, 0.39144820587718215, 0.1415990588588847, 3.13363185367963e-17, 0.1358474584776739, 1.2792927520514692e-16]
E for cur_iter:  -0.8021928541379741
params in def finance in vqe.py:  [ 4.74582671e-03  1.04390596e-01  1.29183191e-02  1.39135630e-01
  5.57360856e-03  5.32188384e-02  1.77084260e-01 -3.33971726e-02
 -6.20130562e-03 -1.03092537e-02 -2.43193446e-02 -1.15289622e-02
  9.98178431e-02  2.31796538e-03  9.27223312e-03  9.23170065e-03
  8.50392065e-17 -3.13048252e-17  4.27418282e-02 -1.52993212e-03
  2.18557086e-03 -1.52993212e-03  1.52993212e-03  1.52993212e-03
  6.66028274e-02 -1.65767074e-02]
[0.004745826706861872, 0.1043905956172282, 0.012918319146816347, 0.13913562955612588, 0.00557360855710141, 0.05321883842488254, 0.17708425992048, -0.03339717261721604, -0.006201305620014873, -0.010309253719102955]
[-0.15280294872024092, -0.0724386058132631, 0.6271740050519266, 0.014564205989681231, 0.058259158917672915, 0.05800448587916276, 5.343170927714555e-16, -1.9669401791353697e-16, 0.26855482711402634, -0.009612846987098552, 0.013732346712101887, -0.009612846987098552, 0.009612846987098491]
E for cur_iter:  -0.9360147241127947
params in def finance in vqe.py:  [ 9.72576068e-03  1.00997162e-01  8.67361738e-18  1.38156172e-01
  6.33174069e-17  2.88370922e-02  1.68484697e-01  6.93889390e-18
  5.11743425e-17  1.73472348e-18  1.73472348e-17  3.29189582e-03
  1.47296702e-01  8.67361738e-18  5.26185276e-02  1.26796385e-02
  1.22086470e-16 -5.68663818e-18  4.91290136e-02  8.24971075e-03
 -1.30104261e-18  6.75849883e-03  6.50521303e-19  0.00000000e+00
  2.95781902e-02  1.93306310e-02]
[0.009725760683169122, 0.10099716153623031, 8.673617379884035e-18, 0.13815617173656888, 6.331740687315346e-17, 0.028837092246364486, 0.16848469668251626, 6.938893903907228e-18, 5.117434254131581e-17, 1.734723475976807e-18]
[1.0899589056276974e-16, 0.020683591448033476, 0.925492475910567, 5.449794528138487e-17, 0.33061195950383876, 0.07966851859358809, 7.670919141749473e-16, -3.573020147701626e-17, 0.30868669628161766, 0.051834461342579796, -8.17469179220773e-18, 0.04246490056442735, 4.087345896103865e-18]
E for cur_iter:  -0.7514273210768743
params in def finance in vqe.py:  [ 1.35953317e-02  9.62755744e-02  2.05991942e-02  1.43511367e-01
 -6.41085662e-03  4.38844111e-02  1.81222921e-01 -6.13774751e-02
 -1.04492266e-03 -1.73405246e-02 -2.88438244e-02  3.47795556e-03
  1.07427667e-01 -1.37979294e-02 -2.04252563e-03  9.23170065e-03
  7.36334252e-17 -2.94914191e-17  5.01032778e-02  6.65849915e-03
 -6.00286041e-03  6.65849915e-03 -6.65849915e-03 -6.65849915e-03
  5.98236496e-02 -9.93261570e-03]
[0.01359533167523735, 0.09627557435234645, 0.020599194236840875, 0.14351136745630977, -0.006410856624540413, 0.04388441107531574, 0.1812229207330346, -0.06137747509146982, -0.0010449226613928704, -0.017340524610291095]
[-0.18123109360491288, 0.021852639280366716, 0.6749879410182842, -0.08669494731779227, -0.012833567046092105, 0.05800448587916277, 4.626524556172516e-16, -1.853000514275398e-16, 0.31480817882127354, 0.04183658404741313, -0.0377170843224098, 0.04183658404741313, -0.0418365840474132]
E for cur_iter:  -0.7470495383831588
params in def finance in vqe.py:  [ 1.90819582e-17  1.01136536e-01 -2.08166817e-17  1.21019400e-01
  6.34639980e-02  1.04813764e-01  1.70152003e-01  6.93889390e-17
  3.64291930e-17 -3.46944695e-18  2.77555756e-17  4.68375339e-17
  8.17679532e-02 -7.80625564e-18  2.77175682e-02  1.53050559e-02
  1.42391460e-16  1.12197101e-17  2.97395596e-02  4.77048956e-18
  1.05090938e-02  5.63785130e-18  9.36037533e-03  9.36037533e-03
  5.78145179e-02  2.42861287e-17]
[1.9081958235744878e-17, 0.10113653619085305, -2.0816681711721685e-17, 0.12101940047041113, 0.06346399800142923, 0.10481376431111256, 0.17015200347214363, 6.938893903907228e-17, 3.642919299551295e-17, -3.469446951953614e-18]
[1.743934249004316e-16, 2.942889045194783e-16, 0.5137632020295916, -4.9048150753246384e-17, 0.17415461719718722, 0.09616450227174313, 8.946719315361546e-16, 7.049551741553842e-17, 0.18685916406017763, 2.9973869904761676e-17, 0.06603058352313183, 3.542366443290017e-17, 0.058812972773752144]
E for cur_iter:  -0.2853378345858207
params in def finance in vqe.py:  [ 9.87964031e-03  1.06607032e-01  3.09201199e-02  1.46514968e-01
  1.29171052e-02  4.18602439e-02  1.54442556e-01 -3.20268440e-02
 -1.29217367e-02 -9.82839090e-03 -2.13823859e-02 -1.21324745e-02
  9.89828606e-02 -1.49349079e-02  7.65553386e-03  2.93217732e-02
  2.00900725e-02 -4.78642989e-17  3.58529491e-02 -7.51660422e-03
  8.17224297e-03 -7.51660422e-03  7.51660422e-03  7.51660422e-03
  6.78932404e-02 -1.79330777e-02]
[0.009879640314798236, 0.10660703196609142, 0.03092011993633549, 0.14651496835044026, 0.012917105234534685, 0.04186024388159834, 0.15444255608804303, -0.03202684396877859, -0.012921736746341235, -0.009828390902891998]
[-0.1343494929098618, -0.07623058548543896, 0.6219276555614337, -0.09383879386809496, 0.048101137846437124, 0.1842341343131037, 0.12622964843394147, -3.0074025966963973e-16, 0.22527072323899824, -0.047228217219388045, 0.051347716944391324, -0.047228217219388045, 0.047228217219388004]
E for cur_iter:  -0.781947914910043
params in def finance in vqe.py:  [ 6.59194921e-17  8.81532746e-02  6.48589975e-02  1.61070314e-01
  1.87350135e-16  5.58642961e-02  1.21024111e-01  2.28983499e-16
  1.11889664e-16  1.04083409e-17  3.46944695e-17  9.36750677e-17
  8.75731806e-02  2.56006826e-02  2.64802117e-02 -5.20417043e-18
  1.49442693e-16 -3.04211825e-17  4.51926384e-02  7.63519619e-05
  8.38958619e-04 -4.33680869e-19  3.03576608e-18  2.60208521e-18
  6.86122857e-02  4.16333634e-17]
[6.591949208711867e-17, 0.08815327461311957, 0.0648589975464218, 0.16107031438776295, 1.8735013540549517e-16, 0.055864296073023484, 0.12102411136874436, 2.2898349882893854e-16, 1.1188966420050406e-16, 1.0408340855860843e-17]
[2.1799178112553949e-16, 5.885778090389566e-16, 0.5502385215589208, 0.16085383262685488, 0.16638007730787555, -3.269876716883092e-17, 9.389761304750935e-16, -1.9114192669057974e-16, 0.283953721418878, 0.00047973352517304235, 0.005271332468306564, -2.7248972640692436e-18, 1.9074280848484705e-17]
E for cur_iter:  -0.4954214342352729
params in def finance in vqe.py:  [ 7.39339661e-03  1.05200616e-01  1.19362758e-02  1.38280842e-01
  1.04083409e-16  5.60454909e-02  1.75755611e-01  1.24900090e-16
  5.29090660e-17  1.04083409e-17  5.20417043e-17  4.16333634e-17
  9.96291141e-02 -2.16840434e-18  1.15211528e-02  5.20417043e-18
  1.95432985e-17 -2.12866325e-17  3.74795975e-02  1.04083409e-17
  6.64553530e-03  1.08420217e-18  5.97103960e-03  5.97103960e-03
  6.83846505e-02  4.16333634e-17]
[0.0073933966091685715, 0.10520061558939155, 0.011936275811829372, 0.13828084205526414, 1.0408340855860843e-16, 0.056045490943406884, 0.1757556108219085, 1.249000902703301e-16, 5.2909066017292616e-17, 1.0408340855860843e-17]
[3.269876716883092e-16, 2.615901373506474e-16, 0.6259881857522641, -1.3624486320346218e-17, 0.07238953809342483, 3.269876716883092e-17, 1.2279416573612995e-16, -1.3374785666513445e-16, 0.2354912565880772, 6.539753433766185e-17, 0.04175512978077464, 6.812243160173109e-18, 0.03751714826448716]
E for cur_iter:  -0.8709647794896433
params in def finance in vqe.py:  [ 4.74582671e-03  1.04390596e-01  1.29183191e-02  1.39135630e-01
  5.57360856e-03  5.32188384e-02  1.77084260e-01 -3.33971726e-02
 -6.20130562e-03 -1.03092537e-02 -2.43193446e-02 -1.15289622e-02
  9.98178431e-02  2.31796538e-03  9.27223312e-03  9.23170065e-03
  6.79059037e-17 -2.50000000e-02  4.27418282e-02 -1.52993212e-03
  2.18557086e-03 -1.52993212e-03  1.52993212e-03  1.52993212e-03
  6.66028274e-02 -1.65767074e-02]
[0.004745826706861884, 0.10439059561722819, 0.012918319146816336, 0.13913562955612588, 0.0055736085571014326, 0.053218838424882536, 0.17708425992048, -0.033397172617216045, -0.006201305620014858, -0.010309253719102953]
[-0.1528029487202409, -0.07243860581326311, 0.6271740050519266, 0.014564205989681207, 0.058259158917672915, 0.05800448587916264, 4.2666537651212165e-16, -0.15707963267948985, 0.2685548271140263, -0.009612846987098567, 0.013732346712101903, -0.009612846987098567, 0.009612846987098508]
E for cur_iter:  -0.9262287267665599
params in def finance in vqe.py:  [3.20923843e-17 1.01433087e-01 1.20396120e-02 1.28630833e-01
 2.77555756e-17 4.71752958e-02 1.79526168e-01 4.85722573e-17
 2.77555756e-17 0.00000000e+00 2.42861287e-17 1.21430643e-17
 9.68817915e-02 5.56786713e-04 1.01759574e-02 8.82007554e-03
 9.24182494e-17 3.04132783e-04 4.31806556e-02 3.68628739e-18
 1.62249026e-03 1.08420217e-18 9.20918489e-04 9.20918489e-04
 6.90683065e-02 2.08166817e-17]
[3.209238430557093e-17, 0.10143308733104031, 0.012039611984247918, 0.1286308328475651, 2.7755575615628914e-17, 0.047175295838019604, 0.17952616837630447, 4.85722573273506e-17, 2.7755575615628914e-17, 0.0]
[1.5259424678787764e-16, 7.629712339393882e-17, 0.6087262490012109, 0.003498394095584977, 0.06393742589500886, 0.0554181690705299, 5.806809867158745e-16, 0.001910922634185037, 0.2713120605937538, 2.3161626744588572e-17, 0.010194406989237972, 6.812243160173109e-18, 0.0057863015176993875]
E for cur_iter:  -0.8758401324158402
params in def finance in vqe.py:  [ 5.36531672e-03  1.05139276e-01  1.35993998e-02  1.40392486e-01
 -3.44160754e-03  6.00421126e-02  1.75778599e-01 -3.28445782e-02
 -3.69382669e-03 -1.03872670e-02 -2.46936415e-02 -1.15999418e-02
  1.00432055e-01 -8.69602661e-04  1.05696275e-02  2.38769679e-02
 -1.54356298e-02 -3.84714319e-17  4.07698259e-02 -3.36706359e-03
  4.02270234e-03 -3.36706359e-03  3.36706359e-03  3.36706359e-03
  6.65546054e-02 -1.65298288e-02]
[0.005365316723612258, 0.10513927626442665, 0.013599399771704808, 0.14039248571549812, -0.0034416075394520665, 0.060042112607331076, 0.17577859908106064, -0.03284457818897236, -0.0036938266896771807, -0.010387267002032663]
[-0.15515472546128378, -0.07288458380922248, 0.6310332131888567, -0.005463874662496183, 0.06641092823287278, 0.15002341414499093, -0.09698492219082758, -2.417231358163699e-16, 0.2561643710690764, -0.021155884498578935, 0.025275384223582272, -0.021155884498578935, 0.02115588449857885]
E for cur_iter:  -0.9487748515592864
params in def finance in vqe.py:  [ 1.82296054e-18  1.03626438e-01  6.21127556e-03  9.60444714e-02
  4.92920979e-17  3.25213095e-02  1.78901604e-01  5.31805372e-03
  4.41448106e-17  3.57603511e-18  1.33456766e-17  2.91061674e-17
  8.74101880e-02 -9.43255890e-18  2.04558620e-02  1.73472348e-18
  8.58953071e-18  1.71651788e-03  2.80174809e-02  1.19669928e-17
  1.59190039e-02  5.58611065e-19  1.50041203e-02  1.50041203e-02
  6.35547085e-02  4.36649766e-03]
[1.822960538046415e-18, 0.10362643755997336, 0.006211275561797842, 0.09604447139573594, 4.9292097889310746e-17, 0.03252130954959915, 0.17890160353151727, 0.005318053721886725, 4.4144810649457323e-17, 3.5760351082863e-18]
[8.385335919302952e-17, 1.8287944360035568e-16, 0.5492144091386449, -5.926651549350604e-17, 0.1285279718101421, 1.0899589056276974e-17, 5.3969613131245566e-17, 0.010785199921720999, 0.1760390245499718, 7.519083335562799e-17, 0.10002205148565196, 3.5098568328980884e-18, 0.0942736680898726]
E for cur_iter:  -0.8541516568257554
params in def finance in vqe.py:  [ 1.00954424e-02  8.91546030e-02  5.95744602e-03  1.26909174e-01
 -6.20918458e-03  5.10815423e-02  1.79226246e-01  7.43203994e-05
  6.24358214e-03  5.01099131e-05 -1.20476350e-03 -1.17069769e-03
  9.56679900e-02  9.28347167e-03  9.72170580e-03  1.52090146e-02
  1.06343710e-02  3.04132783e-04  4.27583734e-02 -9.69604296e-04
  2.59209456e-03 -9.69604296e-04  1.89052279e-03  1.89052279e-03
  6.92000616e-02 -9.77972765e-05]
[0.010095442350145981, 0.08915460302550597, 0.005957446017696657, 0.12690917442479308, -0.006209184584991399, 0.05108154231955923, 0.17922624562937473, 7.43203993569832e-05, 0.006243582141363957, 5.010991305579776e-05]
[-0.007569752349144344, -0.007355710499401192, 0.6010997090501373, 0.05832977282265958, 0.061083279072375124, 0.09556105732409108, 0.06681772376517219, 0.0019109226341850274, 0.26865878376187097, -0.0060922034683608085, 0.01628661045759882, -0.006092203468360825, 0.011878504986060212]
E for cur_iter:  -0.8787940092679328
params in def finance in vqe.py:  [-9.75879547e-18  1.21472687e-01  1.30440986e-02  1.25463908e-01
  1.05064919e-16  7.30476752e-02  1.90116042e-01  1.79310486e-03
  7.47060701e-17  4.80887369e-19  2.18790138e-17  5.73613294e-04
  9.80001469e-02 -3.36102673e-17  2.22525362e-02  9.43188880e-03
  3.33295080e-02  8.94146526e-04  4.21842735e-02  1.36508458e-17
  2.44792308e-03 -7.62550466e-18  1.65724181e-03  1.65724181e-03
  6.44054765e-02  4.33853389e-03]
[-9.758795474875306e-18, 0.12147268679838351, 0.013044098574702461, 0.12546390762068776, 1.0506491857096086e-16, 0.0730476752281819, 0.19011604238970045, 0.001793104856551563, 7.470607011182578e-17, 4.808873687580538e-19]
[1.3746989819418575e-16, 0.003604118619102299, 0.6157530828322899, -2.1117953796536637e-16, 0.1398168086704706, 0.059262305107459126, 0.20941547473168734, 0.0056180883151172945, 0.2650516074527511, 8.577079378735641e-17, 0.015380754358275324, -4.7912458832366495e-17, 0.010412757397811109]
E for cur_iter:  -0.8561323314836446
params in def finance in vqe.py:  [-2.45626307e-03  1.02712249e-01  1.06761823e-02  1.31726536e-01
 -3.57343709e-04  4.55487490e-02  1.79892025e-01  2.92107444e-04
 -1.90977545e-03  4.78397261e-04  7.73337084e-05 -9.09911072e-04
  9.59225287e-02  4.09598946e-03  8.74133652e-03  1.27370821e-02
  1.01341908e-03  3.04132783e-04  3.24213763e-02  8.45911114e-03
  1.44405627e-02  8.45911114e-03 -7.53819265e-03 -7.53819265e-03
  6.91680156e-02 -1.00773348e-04]
[-0.0024562630681509673, 0.10271224909690566, 0.01067618230254134, 0.13172653555861571, -0.0003573437088114257, 0.04554874898534153, 0.17989202465496487, 0.0002921074440362078, -0.0019097754472021237, 0.00047839726061020386]
[0.0004859020203401909, -0.005717139880206754, 0.6026990227821802, 0.025735860800170773, 0.0549234371867705, 0.08002944686655267, 0.006367499860123496, 0.0019109226341850138, 0.20370951538931012, 0.05315016284783148, 0.09073273133096374, 0.053150162847831466, -0.047363861330132095]
E for cur_iter:  -0.8631012096532465
params in def finance in vqe.py:  [ 1.92617945e-03  1.11078947e-01  8.67361738e-18  1.29308100e-01
  2.14414185e-16  4.50927102e-02  1.66074541e-01  6.10753147e-03
  1.38736450e-16 -3.35954340e-17  3.99193970e-17  1.31200638e-16
  9.05018944e-02  8.21906094e-03  6.49475976e-03  9.78944531e-03
  1.29931373e-03  8.32691848e-04 -1.11022302e-16  4.99121518e-03
  9.54097912e-18  4.56596266e-03  2.60208521e-17  2.93818789e-17
  6.73701829e-02  1.35548370e-03]
[0.001926179447568285, 0.11107894663921122, 8.673617379884035e-18, 0.12930810040213214, 2.1441418497703044e-16, 0.04509271022112601, 0.16607454074483424, 0.006107531474554404, 1.3873644955534596e-16, -3.359543404851508e-17]
[2.5082096858342406e-16, 8.243579224208655e-16, 0.5686401730067285, 0.05164188290571155, 0.04080777911125146, 0.06150889895639343, 0.008163828936186989, 0.005231957185173123, -6.975736996017264e-16, 0.031360729898401746, 5.994773980952335e-17, 0.028688789483912555, 1.634938358441546e-16]
E for cur_iter:  -0.82869160973291
params in def finance in vqe.py:  [ 2.03166909e-17  1.01433087e-01  1.20396120e-02  1.28630833e-01
  3.11104216e-17  4.71752958e-02  1.79526168e-01  4.73456226e-17
  2.85406218e-17  5.39719283e-19  2.14894015e-17  1.70496033e-17
  9.68817915e-02  5.56786713e-04  1.01759574e-02  8.82007554e-03
  9.67487524e-17  3.04132783e-04  4.31806556e-02  2.03890986e-17
  1.62249026e-03  1.77870134e-17 -1.67567510e-02  1.85985880e-02
  6.90683065e-02  2.15771952e-17]
[2.0316690865442586e-17, 0.10143308733104031, 0.01203961198424792, 0.1286308328475651, 3.111042161133215e-17, 0.0471752958380196, 0.17952616837630447, 4.7345622594003896e-17, 2.8540621844970804e-17, 5.39719282672549e-19]
[1.350218915867221e-16, 1.0712581672929942e-16, 0.6087262490012109, 0.0034983940955850335, 0.06393742589500888, 0.055418169070529974, 6.078903394513331e-16, 0.0019109226341850367, 0.2713120605937538, 1.281084849834348e-16, 0.01019440698923789, 1.1175910139901935e-16, -0.10528577193625964]
E for cur_iter:  -0.8758401324158402
params in def finance in vqe.py:  [ 2.36484891e-02  1.02691900e-01  2.25514052e-17  1.05212586e-01
  1.62057812e-16  5.68754935e-02  1.61368411e-01  3.73984624e-03
  1.75681065e-16 -3.04190264e-17 -6.99592158e-18  1.17176974e-16
  9.96561992e-02 -5.77879758e-17  1.78675348e-02  4.16333634e-17
 -3.63459629e-18  7.60111931e-04  3.80861537e-02  1.92737465e-17
  2.64900977e-02 -4.51898596e-19  2.14672030e-17  2.16840434e-18
  6.60174732e-02  2.73649735e-03]
[0.02364848912968714, 0.10269189997639193, 2.2551405187698492e-17, 0.10521258649501061, 1.6205781186834267e-16, 0.056875493455667864, 0.161368410986511, 0.00373984623837608, 1.756810645492852e-16, -3.041902638401909e-17]
[-4.395667169355217e-17, 7.362446408240008e-16, 0.6261583666526139, -3.630925604372267e-16, 0.11226503215862663, 2.615901373506474e-16, -2.283684198913046e-17, 0.004775924117349886, 0.23930236126488852, 1.21100521129514e-16, 0.16644219290764597, -2.8393626191691058e-18, 1.3488241457142757e-16]
E for cur_iter:  -0.8120343227313467
params in def finance in vqe.py:  [ 9.71037212e-05  1.01499106e-01  1.19248449e-02  1.28644238e-01
  2.57004375e-05  4.70927823e-02  1.79426010e-01  2.08826060e-05
 -1.41356007e-04  1.87212848e-05 -8.52293465e-06 -1.94466217e-05
  9.70393451e-02  6.47641242e-04  1.03376858e-02  8.91038900e-03
 -2.07268930e-05  3.04132783e-04  4.31187333e-02 -1.75431674e-02
  1.37839799e-03  1.78052798e-02  9.47247743e-04  9.47247743e-04
  6.89947787e-02  7.35085271e-05]
[9.710372123043208e-05, 0.10149910636152155, 0.011924844940662621, 0.12864423796220775, 2.570043751001959e-05, 0.04709278231027685, 0.1794260100868396, 2.0882606013546366e-05, -0.00014135600738556818, 1.8721284763719663e-05]
[-5.355117777413225e-05, -0.00012218672790632724, 0.6097161873317251, 0.0040692499343364524, 0.06495359545950447, 0.05598562521626862, -0.00013023090952518106, 0.0019109226341850363, 0.27092299122444347, -0.11022697146541091, 0.008660729978264036, 0.11187387240424751, 0.005951733100431672]
E for cur_iter:  -0.8758426242475805
params in def finance in vqe.py:  [ 1.23855390e-17  7.91419814e-02  3.46944695e-17  1.43738985e-01
  6.61763446e-17  4.44516570e-02  2.00794677e-01  5.55928835e-03
  8.30140285e-17 -2.02911181e-17 -3.66300982e-17  7.62574509e-17
  9.28242048e-02 -3.81639165e-17  2.82156017e-02  8.67361738e-18
  1.94808032e-03  1.41378471e-03  2.37091463e-02 -4.23243245e-18
  1.96301054e-02  6.00212836e-18  1.23599048e-17  2.27682456e-18
  6.66987044e-02  1.86461766e-03]
[1.2385539039045854e-17, 0.07914198144588941, 3.469446951953614e-17, 0.14373898524510803, 6.61763445537626e-17, 0.04445165702570098, 0.20079467657926886, 0.005559288354272429, 8.301402853254517e-17, -2.0291118116343072e-17]
[-2.3015369480333375e-16, 4.791396949583023e-16, 0.5832316798606542, -2.397909592380934e-16, 0.17728385405421956, 5.449794528138487e-17, 0.012240149614719583, 0.008883071304087307, 0.14896895942852906, -2.6593157378569738e-17, 0.12333958955559164, 3.771248470028482e-17, 7.765957202597344e-17]
E for cur_iter:  -0.8157926922678469
params in def finance in vqe.py:  [ 0.01421826  0.10227327  0.02136829  0.12570501  0.0038677   0.04578439
  0.18817137  0.00336179 -0.00914387 -0.00286163  0.00170632  0.00112379
  0.09818088  0.00519707  0.01348758  0.01159306 -0.00326361  0.00030413
  0.04017029  0.00306267 -0.00383564  0.00282206  0.00064921  0.00064921
  0.07219472 -0.00299919]
[0.014218258710686334, 0.10227327264329238, 0.021368294528769757, 0.12570500795770947, 0.0038677022431738498, 0.04578439282527638, 0.18817136911720686, 0.003361787633072267, -0.009143868899234932, -0.0028616264804122954]
[0.010721123836238546, 0.007061001736274728, 0.6168886645308034, 0.03265417025619417, 0.08474494471673508, 0.07284134835955229, -0.020505853863482457, 0.001910922634185006, 0.2523973731412576, 0.01924329366126063, -0.024100006952978332, 0.01773152027882101, 0.004079129213477353]
E for cur_iter:  -0.854223819529998
params in def finance in vqe.py:  [ 9.66602929e-03  1.29282175e-01  6.92134879e-04  1.40045235e-01
  1.02801288e-16  2.85824765e-02  1.89268738e-01  6.99931442e-03
  1.97931408e-02 -3.20394875e-17 -4.24789792e-17  1.10184408e-16
  8.79236255e-02  1.31504198e-02  9.82373803e-03  1.04649362e-02
 -1.44518445e-17  1.26443721e-03  5.59175786e-02 -1.06744705e-17
  9.00667316e-03  4.30506280e-18  2.41777084e-17  2.07082615e-17
  7.45016553e-02  8.61943843e-18]
[0.009666029287897986, 0.12928217483012172, 0.0006921348787568907, 0.14004523509174147, 1.0280128828840619e-16, 0.028582476495308574, 0.18926873787206058, 0.006999314419510534, 0.01979314084663296, -3.2039487486118783e-17]
[-2.66903297811418e-16, 6.923090564151287e-16, 0.5524404320096329, 0.08262652469775038, 0.061724366428551565, 0.06575313346756302, -9.080361685091008e-17, 0.007944693320818786, 0.3513405083174924, -6.706967631171165e-17, 0.05659059648319415, 2.704950733885187e-17, 1.5191302247186033e-16]
E for cur_iter:  -0.4478542226513713
params in def finance in vqe.py:  [ 0.00236257  0.10161489  0.00650522  0.13543093 -0.00406536  0.04972895
  0.1771415   0.00144715 -0.00694518  0.00102271  0.00235229 -0.0017156
  0.09433664 -0.00251008  0.00737499  0.00659735  0.00041057  0.00030413
  0.0476956   0.01065637  0.00222029  0.01046775  0.01041386  0.01041386
  0.0697652  -0.00070521]
[0.00236257094984913, 0.10161489063198263, 0.006505216070176354, 0.1354309314271291, -0.004065355753580024, 0.04972894707345278, 0.17714149964542764, 0.0014471509421442974, -0.006945179748811422, 0.0010227122998621616]
[0.014779859109610436, -0.010779459927938584, 0.592734600745173, -0.015771321607958383, 0.04633843990454832, 0.04145238367386714, 0.0025796945054493117, 0.0019109226341850352, 0.29968026965018907, 0.06695596384072548, 0.013950462971452192, 0.06577083696197442, 0.06543223666127389]
E for cur_iter:  -0.8610956216562982
params in def finance in vqe.py:  [ 4.80685488e-18  8.84193835e-02  5.03069808e-17  1.03410975e-01
  4.05177566e-17  4.54840980e-02  1.71743690e-01  1.36969605e-02
  4.23348146e-17 -4.13775755e-18 -1.98677137e-17  2.87151468e-17
  7.53995767e-02  1.20219049e-02  1.48882258e-02  2.16620639e-02
  6.81330373e-03  2.35333212e-03  6.29081616e-02 -1.00762469e-18
 -2.38524478e-18  4.82349975e-18 -2.16840434e-19 -5.52943108e-18
  6.22308048e-02  5.26162212e-03]
[4.8068548772356854e-18, 0.08841938352595322, 5.0306980803327406e-17, 0.10341097544253872, 4.0517756590270184e-17, 0.045484097971448145, 0.17174368984837116, 0.01369696053691165, 4.233481459857449e-17, -4.137757547757723e-18]
[-1.2483252650862444e-16, 1.8042258870520245e-16, 0.473749512671996, 0.07553585627560855, 0.09354548167852253, 0.13610676159982288, 0.04280924990250528, 0.014786421805859087, 0.3952636366013389, -6.331092634602962e-18, -1.4986934952380838e-17, 3.030694276267679e-17, -1.3624486320346218e-18]
E for cur_iter:  -0.773658270548683
params in def finance in vqe.py:  [ 3.57156058e-04  9.51598195e-02  2.39097605e-02  1.30327007e-01
 -2.62200092e-03  5.01920761e-02  1.74563718e-01 -1.38605760e-04
  1.33295338e-02 -1.68836869e-03 -9.77261620e-04  1.29211404e-03
  9.76481377e-02  1.19889071e-02  1.25596772e-02  6.68992672e-03
  2.10247774e-03  3.04132783e-04  4.21771239e-02  3.83698916e-03
  3.15122487e-03  3.91365278e-03  5.23809346e-03  5.23809346e-03
  6.99597825e-02 -7.70557345e-04]
[0.00035715605801701943, 0.0951598194650733, 0.023909760487498734, 0.13032700662815605, -0.002622000920233331, 0.050192076119677465, 0.17456371848749017, -0.00013860576049755984, 0.01332953380819788, -0.0016883686906774367]
[-0.0061403158530926715, 0.008118591930187692, 0.6135413438782936, 0.07532852506419749, 0.07891477930441629, 0.042034049257805656, 0.013210257255950151, 0.0019109226341850554, 0.2650066853565923, 0.0241085139281298, 0.019799729777221525, 0.024590205615815278, 0.03291191184621951]
E for cur_iter:  -0.8670106136857572
params in def finance in vqe.py:  [-4.79470345e-18  1.08339515e-01  4.27760510e-02  1.31397272e-01
  3.42683264e-17  5.98712241e-02  1.57087447e-01  1.36428502e-02
  3.46561777e-17  2.86661594e-17  2.61184760e-17  2.54629214e-17
  9.01756319e-02  1.07913669e-02  3.04824028e-02 -1.56125113e-17
 -6.30664574e-18  1.86952988e-03  4.49438316e-02  2.16534341e-18
  2.13441732e-04  2.47085496e-18  1.27935856e-17  1.13841228e-17
  6.90076165e-02  1.71460597e-17]
[-4.794703451368172e-18, 0.10833951547742621, 0.04277605104891256, 0.13139727197202658, 3.426832642177436e-17, 0.05987122413650571, 0.1570874470972395, 0.013642850249134645, 3.4656177650417067e-17, 2.86661594112954e-17]
[1.641072243574891e-16, 1.5998825380290587e-16, 0.5665902053291253, 0.06780415814300171, 0.19152658533010308, -9.809630150649277e-17, -3.9625823848406505e-17, 0.01174660268190998, 0.28239042224900046, 1.360525388426796e-17, 0.0013410939523069568, 1.5524839568327105e-17, 8.038446929004268e-17]
E for cur_iter:  -0.6152408103417166
params in def finance in vqe.py:  [-3.48866407e-03  1.01825280e-01  9.06178949e-03  1.28776637e-01
  2.04756477e-02  5.03977357e-02  1.79535882e-01 -2.53336939e-03
  1.38346955e-04  3.26997213e-05 -2.51110318e-03  8.17228230e-04
  9.72688282e-02  4.85060604e-03  9.07456180e-03  3.50332132e-03
 -2.37879485e-03  9.61721544e-03  4.47841427e-02  2.67023141e-03
  1.24097602e-03  2.61660096e-03  1.78656717e-03  1.78656717e-03
  6.81391986e-02  1.10611487e-03]
[-0.0034886640686483845, 0.10182527983571034, 0.009061789491076153, 0.12877663661136587, 0.02047564768193701, 0.0503977357242294, 0.17953588217710773, -0.0025333693916831613, 0.0001383469552796373, 3.2699721326771825e-05]
[-0.015777726624611656, 0.005134796407798869, 0.6111580722981105, 0.030477256587410753, 0.05701715338325777, 0.022012017018914046, -0.014946408843558424, 0.06042674676217907, 0.2813870674156808, 0.01677755877892584, 0.007797282307427538, 0.016440588677316154, 0.011225332575758381]
E for cur_iter:  -0.8551556351594752
params in def finance in vqe.py:  [-5.36950036e-17  9.61086835e-02  1.38870243e-02  1.20514857e-01
  1.70758872e-02  6.30334610e-02  1.83128629e-01  1.92366715e-16
  2.11352184e-02  8.39920085e-17  2.69550736e-02  1.81969019e-17
  9.55394086e-02  8.02309608e-18  1.46109706e-02  3.07452835e-02
 -3.24981599e-17  1.37151575e-17  3.62249726e-02  7.15518673e-03
 -6.50521303e-18  7.30125212e-03  3.65375343e-03  3.65375343e-03
  6.91295460e-02  4.62186089e-05]
[-5.3695003574950066e-17, 0.09610868350020489, 0.013887024250620886, 0.1205148569789726, 0.01707588720285332, 0.06303346104960261, 0.18312862882417238, 1.9236671532938244e-16, 0.02113521844921296, 8.399200846525952e-17]
[0.16936372244171616, 1.1433450680906134e-16, 0.6002918084111843, 5.041059938528101e-17, 0.09180343551837587, 0.19317831361865062, -2.0419196101249036e-16, 8.617487597618983e-17, 0.2276082154781006, 0.04495736413775072, -4.087345896103865e-17, 0.0458751200608554, 0.022957209868465677]
E for cur_iter:  -0.7184680803790403
params in def finance in vqe.py:  [-6.05751949e-18  9.43211739e-02  1.41437275e-02  1.21328714e-01
  1.59904564e-17  4.88023145e-02  1.84878640e-01  7.09285669e-17
  1.90004304e-17  1.07499481e-02  1.79385636e-04  2.47077083e-17
  1.08404067e-01  4.78634316e-03  1.56125113e-17  2.42070284e-03
  3.73524749e-03  6.97628179e-03  4.04721425e-02  3.48146063e-19
 -1.08420217e-17  8.70879464e-19  1.38777878e-17  1.32272665e-17
  6.75163880e-02  1.44425606e-03]
[-6.0575194897961574e-18, 0.09432117393498052, 0.0141437274968862, 0.12132871362876162, 1.5990456440042123e-17, 0.04880231453542437, 0.1848786397567819, 7.09285669485072e-17, 1.9000430351708535e-17, 0.010749948086710513]
[0.0011271131938463026, 1.5524310951061899e-16, 0.6811228426582807, 0.030073481022917615, 9.809630150649277e-17, 0.015209724544837159, 0.023469252162664857, 0.04383327123048095, 0.2542939710071275, 2.1874662274081665e-18, -6.812243160173109e-17, 5.471897053810092e-18, 8.71967124502158e-17]
E for cur_iter:  -0.8137818255316736
params in def finance in vqe.py:  [-0.00018319  0.10187517  0.01213566  0.12941053  0.00093528  0.04804771
  0.17936829 -0.00036686 -0.00105782  0.00570714 -0.00231618  0.00950037
  0.09643958  0.00109856  0.0105935   0.01173175 -0.00113901 -0.00229021
  0.04307724 -0.00055778  0.0033011  -0.00055113  0.00225659  0.00225659
  0.06931869 -0.00023048]
[-0.00018318945582678373, 0.1018751704168419, 0.012135661237468433, 0.1294105335976183, 0.0009352808188246095, 0.04804770659059543, 0.17936829353934947, -0.00036685582606370997, -0.0010578239472475754, 0.0057071396729755815]
[-0.01455298774144079, 0.05969256863008699, 0.6059477632463125, 0.006902426710227969, 0.06656094778116149, 0.07371274221773526, -0.007156640187028, -0.01438983941423753, 0.2706622577322084, -0.003504664378939065, 0.02074139909728279, -0.0034628459343452396, 0.014178601737874243]
E for cur_iter:  -0.8472740300231472
params in def finance in vqe.py:  [-2.40709062e-18  9.68814744e-02  1.09191976e-02  1.22484476e-01
  1.65512439e-17  4.68472210e-02  1.79950059e-01  1.07045710e-16
  2.46189622e-03  4.78568649e-17  6.42798534e-17  1.80742798e-02
  9.40178504e-02  1.97324795e-17  9.92031762e-03 -1.90819582e-17
  2.79862660e-03  7.02184929e-03  4.19446410e-02  6.54483596e-03
 -1.01915004e-17  6.58535281e-03  1.04083409e-17  1.25767452e-17
  6.99807371e-02  4.45115887e-17]
[-2.4070906171964017e-18, 0.09688147438839766, 0.010919197553527743, 0.12248447581869722, 1.655124386030296e-17, 0.046847221041335506, 0.1799500594203852, 1.0704570968386765e-16, 0.00246189621639575, 4.7856864896756184e-17]
[4.038822305370248e-16, 0.11356404905415525, 0.5907315762596457, 1.2398282551515058e-16, 0.06233119388370411, -1.198954796190467e-16, 0.017584289531195865, 0.044119580256995215, 0.2635459520109838, 0.041122417169357946, -6.403508570562723e-17, 0.041376992037961385, 6.539753433766185e-17]
E for cur_iter:  -0.8846785862690008
{'IIIZ': -0.0007389802430548542, 'IIZI': 0.000618927047458695, 'IZII': -0.0012772629794151058, 'ZIII': 0.00025785020171742445, 'IIZZ': 0.5034804120100986, 'IZIZ': 0.5035016658557945, 'IZZI': 0.5035002207273829, 'ZIIZ': 0.503484434448624, 'ZIZI': 0.5034716148591135, 'ZZII': 0.503467526845492}
The optimized loss func value: -0.8846785862690008

   Return from subroutine COBYLA because the MAXFUN limit has been reached.

   NFVALS =  100   F =-8.846786E-01    MAXCV = 1.908196E-17
   X =-2.407091E-18   9.688147E-02   1.091920E-02   1.224845E-01   1.655124E-17
       4.684722E-02   1.799501E-01   1.070457E-16   2.461896E-03   4.785686E-17
       6.427985E-17   1.807428E-02   9.401785E-02   1.973248E-17   9.920318E-03
      -1.908196E-17   2.798627E-03   7.021849E-03   4.194464E-02   6.544836E-03
      -1.019150E-17   6.585353E-03   1.040834E-17   1.257675E-17   6.998074E-02
       4.451159E-17
