lb in gen_LC_finance:  [0. 0. 0. 0. 0. 0. 0. 0. 0. 0. 0. 0. 0. 0. 0. 0. 0.]
ub in gen_LC_finance:  [1. 1. 1. 1. 1. 1. 1. 1. 1. 1. 1. 1. 1. 1. 1. 1. 1.]
<scipy.optimize._constraints.LinearConstraint object at 0x7f504c1f0f70>
params in def finance in vqe.py:  [0. 0. 0. 0. 0. 0. 0. 0. 0. 0. 0. 0. 0. 0. 0. 0. 0.]
[0.0, 0.0, 0.0, 0.0, 0.0]
[0.0, 0.0, 0.0, 0.0, 0.0, 0.0, 0.0, 0.0, 0.0]
E for cur_iter:  3.0197664087732115
params in def finance in vqe.py:  [0.1 0.  0.  0.  0.  0.  0.  0.  0.  0.  0.  0.  0.  0.  0.  0.  0. ]
[0.1, 0.0, 0.0, 0.0, 0.0]
[0.0, 0.0, 0.0, 0.0, 0.0, 0.0, 0.0, 0.0, 0.0]
E for cur_iter:  1.096986575107674
params in def finance in vqe.py:  [0.1 0.1 0.  0.  0.  0.  0.  0.  0.  0.  0.  0.  0.  0.  0.  0.  0. ]
[0.1, 0.1, 0.0, 0.0, 0.0]
[0.0, 0.0, 0.0, 0.0, 0.0, 0.0, 0.0, 0.0, 0.0]
E for cur_iter:  -0.007747549082135135
params in def finance in vqe.py:  [0.1 0.1 0.1 0.  0.  0.  0.  0.  0.  0.  0.  0.  0.  0.  0.  0.  0. ]
[0.1, 0.1, 0.1, 0.0, 0.0]
[0.0, 0.0, 0.0, 0.0, 0.0, 0.0, 0.0, 0.0, 0.0]
E for cur_iter:  -0.2998277928701086
params in def finance in vqe.py:  [0.1 0.1 0.1 0.1 0.  0.  0.  0.  0.  0.  0.  0.  0.  0.  0.  0.  0. ]
[0.1, 0.1, 0.1, 0.1, 0.0]
[0.0, 0.0, 0.0, 0.0, 0.0, 0.0, 0.0, 0.0, 0.0]
E for cur_iter:  -0.2998277928701086
params in def finance in vqe.py:  [0.1 0.1 0.1 0.  0.1 0.  0.  0.  0.  0.  0.  0.  0.  0.  0.  0.  0. ]
[0.1, 0.1, 0.1, 0.0, 0.1]
[0.0, 0.0, 0.0, 0.0, 0.0, 0.0, 0.0, 0.0, 0.0]
E for cur_iter:  -0.31254114527892785
params in def finance in vqe.py:  [0.1 0.1 0.1 0.  0.1 0.1 0.  0.  0.  0.  0.  0.  0.  0.  0.  0.  0. ]
[0.1, 0.1, 0.1, 0.0, 0.1]
[0.6283185307179586, 0.0, 0.0, 0.0, 0.0, 0.0, 0.0, 0.0, 0.0]
E for cur_iter:  -0.31254114527892785
params in def finance in vqe.py:  [0.1 0.1 0.1 0.  0.1 0.  0.1 0.  0.  0.  0.  0.  0.  0.  0.  0.  0. ]
[0.1, 0.1, 0.1, 0.0, 0.1]
[0.0, 0.6283185307179586, 0.0, 0.0, 0.0, 0.0, 0.0, 0.0, 0.0]
E for cur_iter:  -0.289971737570353
params in def finance in vqe.py:  [0.1 0.1 0.1 0.  0.1 0.  0.  0.1 0.  0.  0.  0.  0.  0.  0.  0.  0. ]
[0.1, 0.1, 0.1, 0.0, 0.1]
[0.0, 0.0, 0.6283185307179586, 0.0, 0.0, 0.0, 0.0, 0.0, 0.0]
E for cur_iter:  -0.313524009701285
params in def finance in vqe.py:  [0.1 0.1 0.1 0.  0.1 0.  0.  0.1 0.1 0.  0.  0.  0.  0.  0.  0.  0. ]
[0.1, 0.1, 0.1, 0.0, 0.1]
[0.0, 0.0, 0.6283185307179586, 0.6283185307179586, 0.0, 0.0, 0.0, 0.0, 0.0]
E for cur_iter:  -0.3096077519186894
params in def finance in vqe.py:  [0.1 0.1 0.1 0.  0.1 0.  0.  0.1 0.  0.1 0.  0.  0.  0.  0.  0.  0. ]
[0.1, 0.1, 0.1, 0.0, 0.1]
[0.0, 0.0, 0.6283185307179586, 0.0, 0.6283185307179586, 0.0, 0.0, 0.0, 0.0]
E for cur_iter:  -0.313524009701285
params in def finance in vqe.py:  [0.1 0.1 0.1 0.  0.1 0.  0.  0.1 0.  0.  0.1 0.  0.  0.  0.  0.  0. ]
[0.1, 0.1, 0.1, 0.0, 0.1]
[0.0, 0.0, 0.6283185307179586, 0.0, 0.0, 0.6283185307179586, 0.0, 0.0, 0.0]
E for cur_iter:  -0.313524009701285
params in def finance in vqe.py:  [0.1 0.1 0.1 0.  0.1 0.  0.  0.1 0.  0.  0.  0.1 0.  0.  0.  0.  0. ]
[0.1, 0.1, 0.1, 0.0, 0.1]
[0.0, 0.0, 0.6283185307179586, 0.0, 0.0, 0.0, 0.6283185307179586, 0.0, 0.0]
E for cur_iter:  -0.3105891934018083
params in def finance in vqe.py:  [0.1 0.1 0.1 0.  0.1 0.  0.  0.1 0.  0.  0.  0.  0.1 0.  0.  0.  0. ]
[0.1, 0.1, 0.1, 0.0, 0.1]
[0.0, 0.0, 0.6283185307179586, 0.0, 0.0, 0.0, 0.0, 0.6283185307179586, 0.0]
E for cur_iter:  -0.313524009701285
params in def finance in vqe.py:  [0.1 0.1 0.1 0.  0.1 0.  0.  0.1 0.  0.  0.  0.  0.  0.1 0.  0.  0. ]
[0.1, 0.1, 0.1, 0.0, 0.1]
[0.0, 0.0, 0.6283185307179586, 0.0, 0.0, 0.0, 0.0, 0.0, 0.6283185307179586]
E for cur_iter:  -0.313524009701285
params in def finance in vqe.py:  [0.1 0.1 0.1 0.  0.1 0.  0.  0.1 0.  0.  0.  0.  0.  0.  0.1 0.  0. ]
[0.1, 0.1, 0.1, 0.0, 0.1]
[0.0, 0.0, 0.6283185307179586, 0.0, 0.0, 0.0, 0.0, 0.0, 0.0]
E for cur_iter:  -0.313524009701285
params in def finance in vqe.py:  [0.1 0.1 0.1 0.  0.1 0.  0.  0.1 0.  0.  0.  0.  0.  0.  0.  0.1 0. ]
[0.1, 0.1, 0.1, 0.0, 0.1]
[0.0, 0.0, 0.6283185307179586, 0.0, 0.0, 0.0, 0.0, 0.0, 0.0]
E for cur_iter:  -0.313524009701285
params in def finance in vqe.py:  [0.1 0.1 0.1 0.  0.1 0.  0.  0.1 0.  0.  0.  0.  0.  0.  0.  0.  0.1]
[0.1, 0.1, 0.1, 0.0, 0.1]
[0.0, 0.0, 0.6283185307179586, 0.0, 0.0, 0.0, 0.0, 0.0, 0.0]
E for cur_iter:  -0.313524009701285
params in def finance in vqe.py:  [ 1.85963601e-01  1.49390430e-01  1.13058318e-01  0.00000000e+00
  1.00568388e-01  0.00000000e+00  1.83361175e-19  1.00043942e-01
 -5.78636183e-20  0.00000000e+00  0.00000000e+00  0.00000000e+00
  0.00000000e+00  0.00000000e+00  0.00000000e+00  0.00000000e+00
  0.00000000e+00]
[0.18596360117431776, 0.14939043045530048, 0.11305831751939123, 0.0, 0.10056838829746662]
[0.0, 1.1520922433286337e-18, 0.6285946257074317, -3.6356783623852057e-19, 0.0, 0.0, 0.0, 0.0, 0.0]
E for cur_iter:  -0.2586055877657397
params in def finance in vqe.py:  [ 4.54873808e-02  1.81045411e-01  1.21427566e-01  0.00000000e+00
  1.00932676e-01  0.00000000e+00  3.63168395e-19  1.00072105e-01
 -1.18308467e-19  0.00000000e+00  0.00000000e+00  0.00000000e+00
  0.00000000e+00  0.00000000e+00  0.00000000e+00  0.00000000e+00
  0.00000000e+00]
[0.04548738077317202, 0.18104541117913656, 0.12142756608741417, 0.0, 0.1009326758818043]
[0.0, 2.281854323925407e-18, 0.6287715786412117, -7.433540228442539e-19, 0.0, 0.0, 0.0, 0.0, 0.0]
E for cur_iter:  -0.6966726467435014
params in def finance in vqe.py:  [ 6.93889390e-18  2.36493735e-01  1.91048995e-01  0.00000000e+00
  1.03963082e-01  0.00000000e+00 -1.80607670e-19  1.00306384e-01
 -1.18308467e-19  0.00000000e+00  0.00000000e+00 -1.27186042e-19
  0.00000000e+00  0.00000000e+00  0.00000000e+00  0.00000000e+00
  0.00000000e+00]
[6.938893903907228e-18, 0.2364937350862901, 0.19104899467201036, 0.0, 0.10396308199665245]
[0.0, -1.1347914601538295e-18, 0.6302436004053954, -7.433540228442539e-19, 0.0, 0.0, -7.991334692788521e-19, 0.0, 0.0]
E for cur_iter:  -0.5901021663980544
params in def finance in vqe.py:  [ 1.85351753e-02  2.36387643e-01  4.26316334e-02  0.00000000e+00
  1.02348650e-01  0.00000000e+00 -8.16259789e-19  1.00181573e-01
 -1.18308467e-19  0.00000000e+00  0.00000000e+00 -2.91780815e-19
  0.00000000e+00  0.00000000e+00  0.00000000e+00  0.00000000e+00
  0.00000000e+00]
[0.018535175346053163, 0.2363876432762532, 0.042631633437623676, 0.0, 0.1023486503281515]
[0.0, -5.1287115153056496e-18, 0.6294593891601842, -7.43354022844254e-19, 0.0, 0.0, -1.833312928471951e-18, 0.0, 0.0]
E for cur_iter:  0.7942490110952847
params in def finance in vqe.py:  [ 3.20025771e-02  1.44520480e-01  1.38524982e-01  0.00000000e+00
  1.01188652e-01  0.00000000e+00 -2.05044641e-19  1.26372338e-01
 -1.18308467e-19  8.54450745e-19 -1.16998536e-18 -2.35906610e-18
  2.83342950e-18  1.11517627e-18 -1.65714989e-18  4.12957165e-18
  2.65711084e-18]
[0.03200257714925221, 0.14452047951982355, 0.13852498220661108, 0.0, 0.10118865246511836]
[0.0, -1.2883334756581018e-18, 0.7940208186734602, -7.43354022844254e-19, 5.3686723697940295e-18, -7.351234804446544e-18, -1.4822449462369445e-17, 1.7802962580103726e-17, 7.006859130546638e-18]
E for cur_iter:  -0.8096756459987229
params in def finance in vqe.py:  [ 3.20025771e-02  1.44520480e-01  1.38524982e-01  2.50000000e-02
  1.01188652e-01  0.00000000e+00 -2.05044641e-19  1.26372338e-01
 -1.18308467e-19  8.54450745e-19 -1.16998536e-18 -2.35906610e-18
  2.83342950e-18  1.11517627e-18 -1.65714989e-18  4.12957165e-18
  2.65711084e-18]
[0.03200257714925221, 0.14452047951982355, 0.13852498220661108, 0.025000000000000005, 0.10118865246511836]
[0.0, -1.2883334756581018e-18, 0.7940208186734602, -7.43354022844254e-19, 5.3686723697940295e-18, -7.351234804446544e-18, -1.4822449462369445e-17, 1.7802962580103726e-17, 7.006859130546638e-18]
E for cur_iter:  -0.8096756459987229
params in def finance in vqe.py:  [ 7.25171009e-02  1.48819348e-01  1.58965422e-01  0.00000000e+00
  1.01398602e-01  0.00000000e+00 -2.40243419e-18  1.46920755e-01
 -6.21700120e-18 -3.80639103e-19 -1.65862171e-18 -2.35906610e-18
 -1.70254520e-18 -9.71949622e-19 -1.61910118e-18  3.19259260e-18
 -1.77034599e-19]
[0.07251710093309281, 0.1488193479551381, 0.15896542185295842, 0.0, 0.10139860209588646]
[0.0, -1.5094939188776367e-17, 0.9231303304162258, -3.906257059069933e-17, -2.3916260180433852e-18, -1.0421427564231463e-17, -1.4822449462369448e-17, -1.0697407000313237e-17, -6.106939581953521e-18]
E for cur_iter:  -0.5746450740792731
params in def finance in vqe.py:  [ 0.03247713  0.14382033  0.13831558  0.          0.12599807 -0.00147458
 -0.00147458  0.12553797 -0.00064021 -0.00064021 -0.00064021 -0.00064021
 -0.00064021 -0.00064021 -0.00064021 -0.00064021 -0.00064021]
[0.032477130703961285, 0.14382032987936902, 0.1383155811618643, 0.0, 0.1259980656688426]
[-0.009265048688586705, -0.009265048688586706, 0.7887783310697454, -0.004022561084871899, -0.0040225610848718925, -0.0040225610848719055, -0.004022561084871913, -0.00402256108487188, -0.004022561084871891]
E for cur_iter:  -0.8037869991587527
params in def finance in vqe.py:  [ 3.31685967e-02  1.20115709e-01  1.56595859e-01  0.00000000e+00
  8.61241699e-02 -5.81419309e-18 -6.04960474e-19  8.96360841e-02
 -1.36147696e-18 -3.39041327e-18 -2.98021316e-18 -2.36179362e-18
  9.86998364e-18  2.60240322e-18 -2.34626489e-18  4.16491461e-19
  2.32648929e-18]
[0.033168596696715076, 0.12011570939386557, 0.15659585913365628, 0.0, 0.08612416992716501]
[-3.653165260491413e-17, -3.801078761416202e-18, 0.5632001265718451, -8.554412062340651e-18, -2.130259484447477e-17, -1.8725231526047465e-17, -1.48395869456556e-17, 6.201493617613899e-17, 1.6351381671781438e-17]
E for cur_iter:  -0.7205233439857364
params in def finance in vqe.py:  [ 0.0318967   0.14472226  0.13835459  0.          0.09979499 -0.02494624
  0.00052227  0.12672261  0.00017199  0.00017199  0.00017199  0.00017199
  0.00017199  0.00017199  0.00017199  0.00017199  0.00017199]
[0.031896701418201515, 0.14472225942168435, 0.13835458835038109, 0.0, 0.09979498919200112]
[-0.15674186963222794, 0.003281502133682711, 0.7962216636189646, 0.0010806571881783757, 0.0010806571881783818, 0.001080657188178369, 0.0010806571881783616, 0.0010806571881783944, 0.0010806571881783833]
E for cur_iter:  -0.808691265318122
params in def finance in vqe.py:  [ 6.93889390e-18  1.31254579e-01  1.08027422e-01  0.00000000e+00
  9.26605605e-02 -2.35906610e-18 -1.16393282e-18  1.43606648e-01
 -1.96935976e-18  7.17143659e-19 -4.13614401e-18 -2.30644739e-18
  1.37626151e-18 -2.19224246e-18 -3.21932504e-18 -5.10649554e-18
 -4.10671797e-18]
[6.938893903907228e-18, 0.13125457919079903, 0.10802742243179564, 0.0, 0.09266056054418757]
[-1.4822449462369448e-17, -7.313205619847151e-18, 0.9023071818735182, -1.2373852321562382e-17, 4.505946499380543e-18, -2.598815927725365e-17, -1.4491836352576096e-17, 8.647306126875084e-18, -1.3774265620898152e-17]
E for cur_iter:  -0.4915565190364821
params in def finance in vqe.py:  [ 0.03189262  0.14473004  0.13834802  0.          0.09974123 -0.0004218
 -0.02494434  0.12673613  0.00017863  0.00017863  0.00017863  0.00017863
  0.00017863  0.00017863  0.00017863  0.00017863  0.00017863]
[0.031892617202812536, 0.14473004319396332, 0.13834801531232133, 0.0, 0.09974122785377343]
[-0.0026502619829899317, -0.15672992480101383, 0.7963065624404979, 0.0011223441420663732, 0.0011223441420663792, 0.0011223441420663664, 0.0011223441420663588, 0.0011223441420663916, 0.0011223441420663807]
E for cur_iter:  -0.8126187981334334
params in def finance in vqe.py:  [ 6.93889390e-18  1.34472294e-01  1.14982044e-01  0.00000000e+00
  9.36657740e-02  2.00577402e-18  3.46944695e-18  1.39853842e-01
  1.89735380e-19 -1.11130723e-18 -6.23416249e-19  1.24683250e-18
  4.41812385e-18 -1.43656788e-18 -5.42101086e-20 -2.52077005e-18
 -2.71050543e-19]
[6.938893903907228e-18, 0.13447229401122018, 0.11498204361214326, 0.0, 0.09366577400470297]
[1.2602649846320252e-17, 2.179917811255395e-17, 0.878727604871219, 1.192142553030294e-18, -6.982549239177436e-18, -3.9170398170995374e-18, 7.834079634199075e-18, 2.775989087770542e-17, -9.02622218722937e-18]
E for cur_iter:  -0.5985992765831774
params in def finance in vqe.py:  [ 3.19267699e-02  1.44652500e-01  1.38462315e-01  0.00000000e+00
  9.90589452e-02 -5.66260468e-04 -2.50888004e-02  1.26578282e-01
 -2.48096784e-02  1.15178163e-04  1.15178163e-04  1.15178163e-04
  1.15178163e-04  1.15178163e-04  1.15178163e-04  1.15178163e-04
  1.15178163e-04]
[0.0319267698569829, 0.14465249975945882, 0.13846231548280866, 0.0, 0.09905894522849475]
[-0.0035579194519266906, -0.1576375822699506, 0.7953148036454452, -0.15588380709236083, 0.000723685740495548, 0.0007236857404955353, 0.0007236857404955277, 0.0007236857404955604, 0.0007236857404955495]
E for cur_iter:  -0.8136006813372612
params in def finance in vqe.py:  [ 3.10016636e-02  1.25737445e-01  1.50507190e-01  0.00000000e+00
  9.31945974e-02  5.42101086e-19  2.42861287e-17  9.98107557e-02
  2.42861287e-17 -1.68051337e-18 -3.52365706e-19 -8.40256684e-19
 -1.68051337e-18 -2.14129929e-18 -3.27971157e-18  2.79182059e-18
  1.72117095e-18]
[0.03100166359394871, 0.12573744512824778, 0.15050718990561482, 0.0, 0.0931945973627852]
[3.4061215800865545e-18, 1.5259424678787764e-16, 0.6271294738306128, 1.5259424678787764e-16, -1.0558976898268318e-17, -2.2139790270562606e-18, -5.279488449134159e-18, -1.0558976898268318e-17, -1.345418024134189e-17]
E for cur_iter:  -0.7617225319594756
params in def finance in vqe.py:  [ 3.20776276e-02  1.44735609e-01  1.38522663e-01  0.00000000e+00
  9.84039003e-02 -7.02763235e-04 -2.52253032e-02  1.26738195e-01
 -2.47274083e-02 -2.48741708e-02  1.07234451e-04  1.07234451e-04
  1.07234451e-04  1.07234451e-04  1.07234451e-04  1.07234451e-04
  1.07234451e-04]
[0.03207762759841886, 0.144735608717846, 0.1385226626924755, 0.0, 0.09840390033675639]
[-0.004415591634236197, -0.1584952544522601, 0.7963195622662461, -0.15536688850170838, -0.15628902444977524, 0.0006737739251723985, 0.0006737739251723909, 0.0006737739251724236, 0.0006737739251724127]
E for cur_iter:  -0.8136006813372612
params in def finance in vqe.py:  [ 5.84775456e-02  1.41112956e-01  1.52572122e-01  0.00000000e+00
  9.26159407e-02 -2.27682456e-18 -2.77555756e-17  1.43790229e-01
 -1.04083409e-17  6.59531388e-04 -5.42101086e-19 -1.84314369e-18
  5.42101086e-20  5.42101086e-19 -2.58853269e-18 -5.25838054e-18
 -1.15196481e-18]
[0.05847754558161396, 0.141112955588606, 0.152572122071065, 0.0, 0.09261594071756316]
[-1.430571063636353e-17, -1.743934249004316e-16, 0.903460652773971, -6.539753433766185e-17, 0.004143957923936001, -3.4061215800865545e-18, -1.1580813372294286e-17, 3.4061215800865545e-19, 3.4061215800865545e-18]
E for cur_iter:  -0.6769729517286291
params in def finance in vqe.py:  [ 3.17445827e-02  1.44714249e-01  1.38321356e-01  0.00000000e+00
  9.84258779e-02 -6.97005547e-04 -2.52195455e-02  1.26668423e-01
 -2.47308785e-02  1.40529739e-04 -2.48731419e-02  2.28494637e-04
  2.28494637e-04  2.28494637e-04  2.28494637e-04  2.28494637e-04
  2.28494637e-04]
[0.031744582667159904, 0.14471424919229667, 0.1383213561865742, 0.0, 0.09842587786472685]
[-0.0043794150137826445, -0.15845907783180654, 0.7958811753355314, -0.1553886921325654, 0.0008829743893286914, -0.1562825599376894, 0.0014356741433315717, 0.0014356741433316042, 0.0014356741433315934]
E for cur_iter:  -0.8126187981334334
params in def finance in vqe.py:  [ 5.22811841e-03  1.35768961e-01  1.19750408e-01  0.00000000e+00
  9.53574436e-02 -1.73472348e-18 -2.08166817e-17  1.36530075e-01
 -3.46944695e-18  7.90861430e-05  2.57915398e-04 -3.42878937e-18
 -5.02798757e-18 -4.02510057e-18 -4.11996826e-18 -7.03376159e-18
 -1.07064965e-18]
[0.005228118405289788, 0.135768960924286, 0.11975040816907216, 0.0, 0.0953574435818131]
[-1.0899589056276974e-17, -1.307950686753237e-16, 0.8578437629864093, -2.179917811255395e-17, 0.0004969128918308257, 0.0016205302406827832, -2.1543718994047458e-17, -3.1591777655302793e-17, -2.5290452732142667e-17]
E for cur_iter:  -0.6408320883315413
params in def finance in vqe.py:  [ 3.19151609e-02  1.44713620e-01  1.38429524e-01  1.32035381e-04
  9.85212682e-02 -8.44486954e-04 -2.53620309e-02  1.26558254e-01
 -2.47289639e-02  1.40380754e-04  1.99820998e-05 -2.48750249e-02
  1.58985807e-04  1.58985807e-04  1.58985807e-04  1.58985807e-04
  1.58985807e-04]
[0.03191516090700104, 0.14471361974252345, 0.13842952400846717, 0.00013203538053019459, 0.09852126815705614]
[-0.005306068019705631, -0.15935433964282172, 0.7951889634311253, -0.1553766624153837, 0.0008820382878237847, 0.00012555123564067102, -0.15629439114134286, 0.000998937284771875, 0.0009989372847718642]
E for cur_iter:  -0.8136006813372612
params in def finance in vqe.py:  [ 3.80899400e-02  1.34898356e-01  1.40531786e-01  2.64742580e-02
  1.15779958e-01  0.00000000e+00  3.12250226e-17  1.14885741e-01
  5.20417043e-17 -9.89334482e-19 -9.48676901e-19  2.31992450e-04
  1.62630326e-19 -1.74827600e-18 -1.81603864e-18 -1.24683250e-18
  4.64851681e-18]
[0.038089939979488376, 0.13489835645167972, 0.14053178582227063, 0.026474257963693792, 0.11577995761177741]
[0.0, 1.9619260301298554e-16, 0.72184840195782, 3.269876716883092e-16, -6.2161718836579616e-18, -5.96071276515147e-18, 0.0014576515514467803, 1.0218364740259663e-18, -1.0984742095779138e-17]
E for cur_iter:  -0.7242850593005109
params in def finance in vqe.py:  [ 3.19151317e-02  1.44713774e-01  1.38429441e-01  4.41009051e-04
  9.85199136e-02 -8.45187876e-04 -2.53627192e-02  1.26558204e-01
 -2.47287605e-02  1.40444245e-04  1.97422769e-05  9.25775069e-05
 -2.48714629e-02  1.59096169e-04  1.59096169e-04  1.59096169e-04
  1.59096169e-04]
[0.03191513166113734, 0.14471377371912747, 0.13842944139849891, 0.00044100905098406394, 0.09851991361333129]
[-0.005310472045464548, -0.15935866458626835, 0.795188646407987, -0.15537538479043692, 0.0008824372177032426, 0.00012404438444094275, 0.0005816816309713982, -0.15627201007259234, 0.0009996307126151859]
E for cur_iter:  -0.8136006813372612
params in def finance in vqe.py:  [ 4.10196750e-02  1.30178699e-01  1.41571574e-01  2.42916168e-17
  1.24710262e-01  1.84314369e-18  4.16333634e-17  1.09409119e-01
  5.20417043e-17  2.03287907e-19 -1.49077799e-19  2.09227181e-05
 -3.52365706e-19 -1.61275073e-18 -2.92734587e-18 -5.89534931e-18
  1.47722546e-18]
[0.04101967496592837, 0.13017869930067313, 0.141571573642087, 2.4291616771480342e-17, 0.12471026206863706]
[1.1580813372294286e-17, 2.615901373506474e-16, 0.6874377658385498, 3.269876716883092e-16, 1.2772955925324578e-18, -9.366834345238024e-19, 0.00013146131486910064, -2.2139790270562606e-18, -1.0133211700757499e-17]
E for cur_iter:  -0.6978068671728583
params in def finance in vqe.py:  [ 3.19262814e-02  1.44652465e-01  1.38462021e-01  2.33312529e-07
  9.90589933e-02 -7.42785407e-04 -2.52653368e-02  1.26578462e-01
 -2.47437116e-02  1.25326939e-04  3.53194318e-06  7.58328557e-05
  7.58357326e-05 -2.48831749e-02  1.15354017e-04  1.15354017e-04
  1.15354017e-04]
[0.031926281398060356, 0.1446524653205581, 0.1384620210765744, 2.3331252902578183e-07, 0.09905899334099696]
[-0.004667058358554851, -0.1587467929128666, 0.795315931244808, -0.15546932517788495, 0.0007874523795502779, 2.219185349369197e-05, 0.0004764718845786297, 0.0004764899605254544, -0.1563455991936925]
E for cur_iter:  -0.8136006813372612
params in def finance in vqe.py:  [ 4.22579503e-02  1.32093802e-01  1.39430081e-01  1.35893308e-02
  8.29347112e-02  6.50521303e-19  9.02056208e-17  1.03388927e-01
  8.67361738e-17  1.14118706e-03  6.40984119e-04  1.57828882e-03
  1.74585301e-03  9.78175888e-04 -5.14996032e-19 -6.77626358e-20
 -1.52194880e-17]
[0.042257950323138366, 0.13209380232541276, 0.13943008142411026, 0.013589330807644441, 0.08293471120767365]
[4.087345896103865e-18, 5.667786309264027e-16, 0.6496117872923105, 5.449794528138487e-16, 0.007170289764347064, 0.0040274219997468745, 0.009916681145956122, 0.010969517963554802, 0.006146060364697628]
E for cur_iter:  -0.7007269649401766
params in def finance in vqe.py:  [ 3.19262815e-02  1.44652465e-01  1.38462021e-01  2.33285074e-07
  9.90589933e-02 -7.42764635e-04 -2.52653160e-02  1.26578462e-01
 -2.47437194e-02  1.25325744e-04  3.54508091e-06  7.58374855e-05
  7.58403621e-05  1.18295817e-04 -2.48831751e-02  1.15353997e-04
  1.15353997e-04]
[0.0319262814555387, 0.14465246532461062, 0.13846202111121803, 2.332850744820494e-07, 0.09905899333533544]
[-0.004666927843043609, -0.15874666238891397, 0.7953159311121202, -0.15546937395114377, 0.0007874448759495603, 2.2274400262848748e-05, 0.00047650097493205217, 0.00047651904875182924, 0.000743274542307784]
E for cur_iter:  -0.8136006813372612
params in def finance in vqe.py:  [ 4.22524537e-02  1.32101943e-01  1.39430144e-01  1.35800672e-02
  8.29449484e-02  4.66206934e-18  8.32667268e-17  1.03403394e-01
  9.36750677e-17  1.11696457e-03  8.99872880e-04  1.66870383e-03
  1.83615379e-03  9.70382405e-04  9.70382405e-04 -2.54787511e-18
 -4.05220562e-18]
[0.04225245367285372, 0.13210194273792836, 0.13943014385880179, 0.013580067156230875, 0.08294494838829637]
[2.929264558874437e-17, 5.231802747012948e-16, 0.6497026845969076, 5.885778090389566e-16, 0.00701809535780367, 0.005654068055492243, 0.010484775385914458, 0.011536894499793079, 0.006097092471735845]
E for cur_iter:  -0.7007269649401766
params in def finance in vqe.py:  [ 3.19262815e-02  1.44652465e-01  1.38462021e-01  2.33257626e-07
  9.90589933e-02 -7.42743868e-04 -2.52652952e-02  1.26578462e-01
 -2.47437271e-02  1.25324550e-04  3.55821554e-06  7.58421143e-05
  7.58449905e-05  1.18295451e-04  1.18295451e-04 -2.48831753e-02
  1.15353976e-04]
[0.031926281513003515, 0.1446524653286622, 0.1384620211458535, 2.3325762640046024e-07, 0.09905899332967523]
[-0.00466679735824507, -0.158746531895676, 0.7953159309794635, -0.15546942271292538, 0.0007874373741145758, 2.2356927607269084e-05, 0.000476530058439994, 0.00047654813013322384, 0.0007432722375093002]
E for cur_iter:  -0.8136006813372612
params in def finance in vqe.py:  [ 4.22463765e-02  1.32110786e-01  1.39430151e-01  1.35700432e-02
  8.29560889e-02  1.73472348e-18  8.67361738e-17  1.03419160e-01
  7.97972799e-17  1.09272305e-03  1.15830921e-03  1.75888782e-03
  1.92621418e-03  9.62552397e-04  9.62552397e-04  9.62552397e-04
 -2.34458720e-18]
[0.04224637648969283, 0.13211078647259406, 0.13943015097045885, 0.013570043207060567, 0.08295608892087761]
[1.0899589056276974e-17, 5.449794528138487e-16, 0.6498017474633133, 5.013810965887408e-16, 0.006865781441796495, 0.007277871389030896, 0.011051418106155593, 0.012102760612054468, 0.0060478950768892556]
E for cur_iter:  -0.7007269649401766
params in def finance in vqe.py:  [ 3.19331856e-02  1.44658987e-01  1.38450741e-01 -8.42270511e-07
  9.90545462e-02 -7.39737835e-04 -2.52623897e-02  1.26572338e-01
 -2.47436714e-02  1.25405007e-04  3.66063436e-06  7.59041588e-05
  7.58937731e-05  1.18253199e-04  1.18253199e-04  1.18253199e-04
 -2.48832115e-02]
[0.03193318563889931, 0.14465898683587416, 0.13845074058156479, -8.422705111079104e-07, 0.09905454616566847]
[-0.004647909896711435, -0.1587282756436682, 0.795277456895471, -0.15546907255851256, 0.0007879428956151261, 2.3000444033570228e-05, 0.0004769198954062547, 0.00047685464028688723, 0.0007430067617382686]
E for cur_iter:  -0.8136006813372612
params in def finance in vqe.py:  [2.28942323e-02 1.23454557e-01 1.63352936e-01 1.00310923e-02
 9.95045957e-02 8.02309608e-18 1.80411242e-16 1.26630918e-01
 1.83880688e-16 4.81095141e-04 6.62301780e-04 9.77101407e-04
 1.10079048e-03 6.82942757e-04 6.82942757e-04 6.82942757e-04
 6.53655854e-04]
[0.022894232269795672, 0.12345455668809954, 0.16335293568253545, 0.010031092251831344, 0.09950459567320395]
[5.041059938528101e-17, 1.1335572618528054e-15, 0.7956455222548945, 1.1553564399653593e-15, 0.0030228099196492903, 0.004161364815084291, 0.006139309204051903, 0.006916470595804569, 0.00429105589686302]
E for cur_iter:  -0.7813820632238324
params in def finance in vqe.py:  [ 1.59184261e-02  9.25828227e-02  1.95357085e-01  3.10901436e-02
  1.02734582e-01  8.57330095e-18 -2.46519033e-32  1.24535731e-01
  5.88724246e-04  1.25054748e-03  1.83853175e-03  2.80764927e-03
  3.19100844e-03  1.88371767e-03  1.88371767e-03  1.88371767e-03
  1.80892457e-03]
[0.0159184261367665, 0.09258282273991333, 0.19535708528691317, 0.031090143567109936, 0.10273458247474998]
[5.3867638546397084e-17, -1.548924765341578e-31, 0.782481073132688, 0.0036990635331755665, 0.00785742156507321, 0.011551835683686016, 0.01764098066361658, 0.020049697345490794, 0.01183574721286811]
E for cur_iter:  -0.4507079851146832
params in def finance in vqe.py:  [ 0.02270161  0.12597828  0.16314171  0.00989417  0.1012039   0.00083004
  0.00081195  0.12742796 -0.00851051  0.00866618  0.00910028  0.0092208
  0.00932199  0.00885892  0.0088599   0.00886087  0.00883297]
[0.02270161420840226, 0.12597827660242528, 0.163141713024095, 0.009894171167487111, 0.10120389596927107]
[0.005215280240563459, 0.005101610798758271, 0.800653508538079, -0.0534730901772722, 0.054451188936627815, 0.057178729875342664, 0.057935978113426295, 0.05857179275944253, 0.055662252131146346]
E for cur_iter:  -0.8000304638030411
params in def finance in vqe.py:  [ 9.41066815e-03  1.65293479e-01  1.82897308e-01  6.64303429e-03
  1.01998686e-01  9.60385302e-03  9.00858944e-03  1.15124439e-01
 -1.73472348e-18  7.67444523e-03  8.16457656e-03  8.17909282e-03
  8.24246731e-03  7.84590687e-03  7.84677387e-03  7.84764077e-03
  7.82231258e-03]
[0.009410668150209437, 0.16529347898253421, 0.1828973083627777, 0.006643034289161177, 0.10199868608761936]
[0.06034278816654348, 0.056602636798914245, 0.7233481863531095, -1.0899589056276974e-17, 0.04821996150728454, 0.05129954747647422, 0.051390755807149004, 0.051788949483970614, 0.04929728674287661]
E for cur_iter:  -0.982456191770082
params in def finance in vqe.py:  [-5.20417043e-18  1.91336460e-01  2.18766285e-01  1.35619730e-02
  1.04917647e-01 -5.20417043e-18 -1.73472348e-18  1.01713659e-01
  2.80705717e-17  9.55341283e-03  1.03778893e-02  1.05437355e-02
  1.06883464e-02  9.91115741e-03  9.91221514e-03  9.91327275e-03
  9.86875473e-03]
[-5.204170427930421e-18, 0.19133646001626253, 0.21876628519764174, 0.013561973011243025, 0.10491764670302765]
[-3.269876716883092e-17, -1.0899589056276974e-17, 0.6390857650787626, 1.7637260359761053e-16, 0.060025863145558585, 0.06520620168892316, 0.06624824402269734, 0.0671568612488623, 0.062273638638814036]
E for cur_iter:  -0.7556830642533254
params in def finance in vqe.py:  [-5.20417043e-18  1.72055091e-01  1.70308930e-01  2.48821654e-03
  9.97489237e-02  2.10498839e-02  1.97402261e-02  1.23087109e-01
 -8.13296678e-19  7.51025265e-03  8.39574519e-03  7.95948687e-03
  7.97171274e-03  7.65593443e-03  7.65679756e-03  7.65766060e-03
  7.63589844e-03]
[-5.204170427930421e-18, 0.17205509146263911, 0.17030893014433357, 0.002488216539562521, 0.09974892374191374]
[0.1322603212581411, 0.12403149866874724, 0.7733791158738237, -5.110093736765568e-18, 0.04718830908696621, 0.052752022828440125, 0.05001093094269685, 0.0500877483586856, 0.04810365469636433]
E for cur_iter:  -1.0020996228183034
params in def finance in vqe.py:  [-2.13574538e-05  1.72025288e-01  1.70480836e-01  2.24417798e-03
  9.95933614e-02  2.11560948e-02  1.98418001e-02  1.22666866e-01
 -1.46657977e-03  8.98357716e-03  9.85000229e-03  9.41698888e-03
 -3.80098981e-03  9.13720564e-03  9.13824249e-03  9.13927922e-03
  9.11774425e-03]
[-2.1357453804639156e-05, 0.17202528762668667, 0.17048083624818636, 0.0022441779782255773, 0.09959336136962543]
[0.13292766384847196, 0.12466970707424509, 0.7707386477341887, -0.009214792440429474, 0.05644548003459977, 0.061889389660959596, 0.059168686142103306, -0.023882323347754024, 0.057410756198433485]
E for cur_iter:  -1.0020996228183034
params in def finance in vqe.py:  [2.93951308e-03 1.66759089e-01 1.71362927e-01 1.12757026e-17
 1.17143455e-01 2.71419726e-02 2.54316223e-02 1.08687706e-01
 4.68092889e-19 6.97474793e-03 7.90854987e-03 7.38029004e-03
 8.82707047e-03 7.64839019e-03 7.64926227e-03 7.65013424e-03
 7.63035101e-03]
[0.002939513083821585, 0.16675908910693105, 0.17136292690348967, 1.1275702593849246e-17, 0.11714345466416203]
[0.17053804328179087, 0.1597915956841724, 0.6829049959459611, 2.9411143613982066e-18, 0.043823633742940446, 0.04969088436322124, 0.046371729951817736, 0.055462119488028844, 0.048056252885815345]
E for cur_iter:  -1.0020996228183034
params in def finance in vqe.py:  [ 0.00068013  0.172351    0.17070339  0.00253817  0.09941907  0.02131293
  0.01999334  0.12329985 -0.00164344  0.00917343  0.01002376 -0.00370858
  0.00797971  0.00931341  0.00931447  0.00931552  0.00929408]
[0.000680127402293139, 0.1723509956837625, 0.17070339320051375, 0.0025381747699687817, 0.09941906561143304]
[0.13391305845167825, 0.12562188389630585, 0.7747158328412096, -0.010326034135730081, 0.05763836706766853, 0.06298114757461949, -0.02330168412651171, 0.05013801801517066, 0.05851786754919769]
E for cur_iter:  -1.0020996228183034
params in def finance in vqe.py:  [1.90202444e-02 1.76852369e-01 1.77314659e-01 5.50774704e-17
 1.00871901e-01 2.73860440e-02 2.57722915e-02 1.33253709e-01
 3.12500426e-04 7.17960769e-03 7.73817967e-03 9.33929792e-03
 7.63813703e-03 7.12229149e-03 7.12310194e-03 7.12391228e-03
 7.10449390e-03]
[0.019020244396737246, 0.1768523687045263, 0.17731465863811663, 5.5077470362263625e-17, 0.10087190076192203]
[0.1720715895743601, 0.16193208346847082, 0.8372577473760395, 0.0019634980840355855, 0.04511080558015643, 0.04862041681088751, 0.058680539464428375, 0.0479918303624465, 0.04475067727084196]
E for cur_iter:  -0.9647601591821491
params in def finance in vqe.py:  [-4.04898901e-05  1.72277199e-01  1.70275960e-01  2.58299658e-03
  9.91501317e-02  2.12402252e-02  1.99237758e-02  1.22723821e-01
 -1.90485457e-03  9.44117093e-03 -3.12646063e-03  8.03523795e-03
  8.04883823e-03  9.62395167e-03  9.62504117e-03  9.62613054e-03
  9.60483956e-03]
[-4.0489890050263605e-05, 0.1722771993889796, 0.17027595973378207, 0.002582996576962567, 0.09915013169795096]
[0.1334562710531691, 0.1251847755265508, 0.7710965069915178, -0.011968554249478057, 0.05932062647198266, -0.01964413147993882, 0.050486889024846465, 0.050572342091140664, 0.0604690717164267]
E for cur_iter:  -1.0020996228183034
params in def finance in vqe.py:  [5.79890472e-03 1.71230057e-01 1.67609269e-01 4.33680869e-17
 8.24837190e-02 2.58002638e-02 2.42625167e-02 1.07939177e-01
 1.75168432e-04 8.14104765e-03 1.01093010e-02 9.02036550e-03
 9.36864982e-03 7.88039239e-03 7.88129094e-03 7.88218939e-03
 7.87111537e-03]
[0.00579890472152678, 0.1712300574097246, 0.16760926907404058, 4.336808689942018e-17, 0.08248371903694862]
[0.16210783867077785, 0.15244588847923402, 0.6782018527000775, 0.0011006157199256075, 0.05115171095887563, 0.06351861122253792, 0.05667662796787254, 0.05886496292290224, 0.04951396564856825]
E for cur_iter:  -1.0011172529401637
params in def finance in vqe.py:  [ 0.00017981  0.17274794  0.1699212   0.00077847  0.0999747   0.01818698
  0.02157558  0.1228496  -0.00214459  0.00965345  0.00833323  0.00790403
  0.0079608  -0.0032038   0.00980572  0.00980684  0.0097857 ]
[0.00017981329070836165, 0.17274794321650663, 0.16992120104450445, 0.0007784723582978602, 0.0999747038426698]
[0.11427216202287682, 0.13556337202978427, 0.7718867760005452, -0.013474871505982018, 0.0606544281435563, 0.05235923914694297, 0.049662469947187426, 0.05001915854700616, -0.020130049487119828]
E for cur_iter:  -1.0011162878049333
params in def finance in vqe.py:  [1.60120504e-03 1.75566225e-01 1.66563584e-01 1.96891115e-16
 1.01055438e-01 1.87262742e-03 3.18166669e-02 1.22178716e-01
 1.57367266e-03 5.92617915e-03 8.23150891e-03 7.72791740e-03
 8.05469142e-03 1.55004954e-02 6.11347532e-03 6.11415025e-03
 6.09483576e-03]
[0.0016012050369771601, 0.17556622533903182, 0.16656358387671563, 1.968911145233676e-16, 0.10105543752768958]
[0.011766065116826159, 0.19991001404338793, 0.7676715133096769, 0.00988767695863872, 0.037235281745896597, 0.051720095815785135, 0.04855593704277305, 0.05060911879728705, 0.09739248478301998]
E for cur_iter:  -1.0011212827584792
params in def finance in vqe.py:  [ 1.05715502e-08  1.72055096e-01  1.70308913e-01  2.48822370e-03
  9.97489265e-02  2.10498902e-02  1.97402254e-02  1.23087109e-01
  5.68336157e-08  7.51019256e-03  8.39575039e-03  7.95948865e-03
  7.97171416e-03  7.65593358e-03  1.64962425e-02 -1.18056392e-03
  7.63583885e-03]
[1.057155017528855e-08, 0.1720550955023722, 0.17030891261606926, 0.0024882237029730074, 0.09974892651584429]
[0.1322603610780324, 0.1240314940866808, 0.7733791150385934, 3.570961390260613e-07, 0.04718793156535342, 0.05275205549488998, 0.05001094210774843, 0.05008775727912982, 0.048103649362722205]
E for cur_iter:  -1.0020996228183034
params in def finance in vqe.py:  [ 2.37733280e-04  1.71384652e-01  1.69621576e-01  2.35258487e-03
  9.96273261e-02  2.10332938e-02  1.96208771e-02  1.23493143e-01
  9.50044469e-03 -1.32706346e-16  8.54724619e-03  8.04266644e-03
  8.06480726e-03  7.73995410e-03  2.21262608e-02  2.21293129e-02
 -9.54097912e-17]
[0.00023773328039715554, 0.17138465209375192, 0.1696215763235692, 0.002352584870121144, 0.09962732606686141]
[0.1321560825287933, 0.12328160648786997, 0.7759303027128637, 0.05969305447104355, -8.338185628051886e-16, 0.05370393167420429, 0.05053356362690326, 0.050672678461411685, 0.048631565857806626]
E for cur_iter:  -1.0040662928450437
params in def finance in vqe.py:  [ 0.00034546  0.17142455  0.16956857  0.00249712  0.09942067  0.02103775
  0.01962198  0.12354255  0.00980888 -0.00868758  0.00858632  0.00805574
  0.00807308  0.00772275  0.02213692  0.02213997  0.00897755]
[0.0003454582033450139, 0.1714245528594646, 0.1695685670821531, 0.0024971207758393487, 0.09942066549024876]
[0.1321840840635894, 0.12328853050950675, 0.7762407113037506, 0.06163100124035478, -0.05458570130545476, 0.053949457135851864, 0.050615685025394166, 0.05072468140424889, 0.0485234579013714]
E for cur_iter:  -1.0040662928450437
params in def finance in vqe.py:  [0.0003232  0.16976109 0.16836859 0.00151945 0.10013134 0.02097718
 0.01936115 0.12421233 0.02895817 0.0114379  0.00873193 0.00817501
 0.00823683 0.00798682 0.02139022 0.02139315 0.01042095]
[0.0003231971212665629, 0.16976108988591326, 0.16836859479728508, 0.0015194542190145835, 0.1001313362934333]
[0.13180349840500372, 0.1216496737739331, 0.7804490576087013, 0.18194954581091796, 0.07186646369633054, 0.054864322879931086, 0.051365119111482185, 0.05175355915930845, 0.05018269082772887]
E for cur_iter:  -1.0040662928450437
params in def finance in vqe.py:  [-0.00209241  0.16671959  0.17232955 -0.00946564  0.09911031  0.02078867
  0.01863218  0.12545956  0.02873293  0.01107039  0.00869701  0.00816667
  0.00857534  0.00912727  0.02129658  0.02129948  0.01028788]
[-0.0020924126234605576, 0.16671958722167124, 0.17232955004250994, -0.009465642586964145, 0.09911031494189003]
[0.13061904116836254, 0.11706944695577667, 0.7882856931035785, 0.18053429542436328, 0.06955733642898937, 0.05464494267864798, 0.05131270083124294, 0.05388044294797495, 0.05734835971336804]
E for cur_iter:  -1.0030829578316736
params in def finance in vqe.py:  [7.23072779e-03 1.81859126e-01 1.55033984e-01 5.24753851e-17
 1.04289894e-01 1.92819816e-02 4.72345204e-03 1.20368260e-01
 2.89869635e-02 1.09566007e-02 8.38930230e-03 7.67481532e-03
 7.91753027e-03 8.69150535e-03 2.10493259e-02 2.10522476e-02
 1.00139361e-02]
[0.007230727788580087, 0.18185912643375324, 0.15503398357090398, 5.2475385148298415e-17, 0.10428989351252772]
[0.12115226363309277, 0.029678324464650442, 0.7562960806333734, 0.1821304631328034, 0.06884235258160765, 0.052711540937484945, 0.04822228685676677, 0.049747309851857144, 0.05461033874177109]
E for cur_iter:  -0.9638146037152725
params in def finance in vqe.py:  [0.00060794 0.16831206 0.1677172  0.00131221 0.09929482 0.02090413
 0.01932404 0.1239662  0.03350125 0.00715585 0.00453228 0.00406645
 0.00413749 0.00393932 0.01766317 0.01766567 0.00613491]
[0.0006079392541577862, 0.16831205736995736, 0.16771720156169498, 0.0013122139483926455, 0.09929481566018646]
[0.13134452686121886, 0.1214165412835707, 0.7789025993092522, 0.21049455870023384, 0.044961524432699636, 0.02847715167842006, 0.025550272772715387, 0.025996635172270792, 0.024751498457168234]
E for cur_iter:  -1.0040662928450437
params in def finance in vqe.py:  [-1.48535698e-17  1.83842683e-01  1.83964132e-01  7.47160616e-03
  9.83131521e-02  2.36685310e-02  2.72736801e-02  1.16689358e-01
  3.28188917e-02  1.06119349e-02  8.52507602e-03  7.00187077e-03
  7.77278969e-03  7.33834600e-03  2.12707098e-02  2.12736116e-02
  9.69149773e-03]
[-1.485356976305141e-17, 0.18384268317194813, 0.183964132226942, 0.007471606161713621, 0.09831315214255817]
[0.1487137660252906, 0.17136558577804542, 0.7331808620461996, 0.2062071780169226, 0.06667675349773815, 0.05356463240161704, 0.04399405154419121, 0.04883787796921238, 0.04610818779253997]
E for cur_iter:  -0.9677567153634068
params in def finance in vqe.py:  [ 0.00524455  0.16875988  0.16808846 -0.00019292  0.10016677  0.01859943
  0.02214696  0.12172718  0.02696693  0.01349888  0.00558161  0.00453251
  0.00394908  0.00664638  0.02863032  0.02180938  0.01248173]
[0.005244545549128866, 0.1687598775748345, 0.1680884646775279, -0.00019292086114421308, 0.10016677007491193]
[0.11686369070389219, 0.1391534657701884, 0.7648344168576147, 0.1694382260442024, 0.0848159874656968, 0.03507031798907308, 0.028478630018467354, 0.024812821323709166, 0.04176044226299174]
E for cur_iter:  -1.0021005879535339
params in def finance in vqe.py:  [7.10152423e-18 1.49208142e-01 1.60035772e-01 7.95199835e-03
 9.73038038e-02 2.14893923e-02 2.73053241e-02 1.27004347e-01
 2.64629719e-02 1.20709194e-02 9.40045989e-03 7.62612136e-03
 8.53094364e-03 8.51060058e-03 2.31219754e-02 2.25182627e-02
 1.11245370e-02]
[7.101524229780054e-18, 0.14920814157332646, 0.16003577156899962, 0.007951998354476375, 0.097303803780085]
[0.13502183399779738, 0.17156441129788322, 0.7979918458315528, 0.16627175620275664, 0.07584382348733201, 0.059064831437114294, 0.04791633365030532, 0.05360149973346938, 0.053473680523112875]
E for cur_iter:  -0.95108507474513
params in def finance in vqe.py:  [ 2.81892565e-18  1.65053180e-01  1.77946145e-01 -8.67361738e-19
  9.75765225e-02  2.02541994e-02  1.53897457e-02  1.24538686e-01
  2.85871479e-02  1.02928590e-02  8.14237245e-03  7.00294056e-03
  8.50547903e-03  1.15651887e-02  2.22973342e-02  2.12322808e-02
  1.00761502e-02]
[2.8189256484623115e-18, 0.16505318028015273, 0.17794614549225343, -8.673617379884035e-19, 0.0975765224863631]
[0.12726088781400274, 0.09669662419133117, 0.7824996429491377, 0.17961834768359405, 0.06467194066021248, 0.051160034971118186, 0.044000773222648885, 0.05344150090258388, 0.07266622399847768]
E for cur_iter:  -0.9971912524663947
params in def finance in vqe.py:  [-0.00461866  0.16961964  0.1675991   0.0017525   0.09988432  0.01954322
  0.01843932  0.12131859  0.02872589  0.01172879  0.00841033  0.00727502
  0.00769982  0.00782004  0.02245073  0.02151767  0.0107746 ]
[-0.004618655689939658, 0.16961963570631947, 0.16759909506313792, 0.0017525020552681338, 0.09988431680967802]
[0.12279364876181921, 0.11585765543937483, 0.7622672032296206, 0.1804900620322275, 0.07369414790997139, 0.05284369268892386, 0.04571030748060672, 0.04837937828903027, 0.04913477833895187]
E for cur_iter:  -1.003083436407088
params in def finance in vqe.py:  [-1.01372903e-17  1.72926379e-01  1.66660359e-01 -8.67361738e-18
  9.94789188e-02  2.85505722e-02  2.61312577e-02  1.29805361e-01
  2.87576286e-02  1.06835681e-02  8.11062872e-03  7.41078943e-03
  7.78324728e-03  9.83425960e-03  2.21356535e-02  2.10415790e-02
  1.00688736e-02]
[-1.0137290312739466e-17, 0.17292637897762908, 0.16666035911953506, -8.673617379884035e-18, 0.09947891884780873]
[0.17938853592706977, 0.16418753472431627, 0.8155911391476762, 0.18068950973028, 0.0671268379158052, 0.050960583219229506, 0.04656336329059703, 0.04890358496653094, 0.06179047543606443]
E for cur_iter:  -1.0011162878049333
params in def finance in vqe.py:  [7.76776812e-06 1.71334747e-01 1.67837822e-01 3.01994781e-03
 9.61567002e-02 1.79168227e-02 1.93224958e-02 1.27094801e-01
 2.89845575e-02 1.16294453e-02 8.61649905e-03 8.02360637e-03
 7.83270617e-03 8.24845157e-03 2.18002176e-02 2.13314323e-02
 1.04702529e-02]
[7.767768121906082e-06, 0.17133474687604583, 0.1678378216722051, 0.0030199478135108796, 0.09615670016790259]
[0.1125747168740371, 0.12140682144284613, 0.79856018694859, 0.18211534579938973, 0.0730699600105863, 0.05413906024289592, 0.0504138056310357, 0.0492143443195096, 0.05182654970781043]
E for cur_iter:  -1.0040662928450437
params in def finance in vqe.py:  [ 1.32062991e-05  1.70395588e-01  1.67700384e-01 -9.10729825e-18
  1.02608860e-01  1.28929617e-02  2.53616450e-02  1.23661031e-01
  3.02413672e-02  9.66057825e-03  9.62823612e-03  9.26440169e-03
  9.82586085e-03  1.28236749e-02  1.83316830e-02  2.05518791e-02
  8.86681994e-03]
[1.3206299054183525e-05, 0.17039558805673313, 0.16770038379901053, -9.107298248878237e-18, 0.10260885973630254]
[0.08100886779104878, 0.15935191542392171, 0.77698517138825, 0.19001211408086105, 0.06069920332621746, 0.06049599171121317, 0.058209952607465365, 0.061737704506654265, 0.08057352556548747]
E for cur_iter:  -1.0040662928450437
params in def finance in vqe.py:  [-0.00036911  0.16987683  0.16894976  0.00392614  0.10313561  0.02047576
  0.01876493  0.12617237  0.02921062  0.0111578   0.00883985  0.00846627
  0.00850632  0.00794551  0.02395594  0.01792792  0.01017224]
[-0.00036911105460990306, 0.16987682881874788, 0.1689497564482556, 0.003926143684203675, 0.10313561007033341]
[0.12865298414949658, 0.11790351569415033, 0.7927643851742688, 0.183535708688726, 0.07010651654877163, 0.055542436988426126, 0.05319513614432571, 0.053446762871391114, 0.04992309915878075]
E for cur_iter:  -1.0040662928450437
params in def finance in vqe.py:  [7.65988835e-17 1.70319531e-01 1.70184696e-01 3.02538041e-03
 1.05939315e-01 1.91193699e-02 1.86563071e-02 1.29217232e-01
 2.78680338e-02 1.24734485e-02 6.26593854e-03 5.58558315e-03
 5.17081347e-03 6.47584880e-03 1.86270412e-02 2.85917664e-02
 1.15836826e-02]
[7.659888348610089e-17, 0.17031953143223388, 0.1701846962572405, 0.0030253804098099826, 0.10593931459744613]
[0.12013054421326796, 0.11722103483432363, 0.811895812037809, 0.17510002022863927, 0.07837298805906073, 0.03937005298029865, 0.035095253969753167, 0.032489179200650656, 0.040688958025524344]
E for cur_iter:  -1.0040662928450437
params in def finance in vqe.py:  [0.00021804 0.16961538 0.16845471 0.00183304 0.10015129 0.02130924
 0.01917739 0.12394523 0.02881612 0.01153942 0.01036788 0.01091698
 0.00311343 0.00928905 0.02083598 0.0209227  0.01052055]
[0.0002180425572125468, 0.16961538210237712, 0.1684547066093084, 0.001833039491457412, 0.1001512861672811]
[0.13388991837051323, 0.12049511952015467, 0.778770823932662, 0.18105704237353132, 0.07250430657706147, 0.0651433288079958, 0.06859339606306353, 0.019562261130560643, 0.05836479478038527]
E for cur_iter:  -1.0040662928450437
params in def finance in vqe.py:  [4.81927866e-17 1.69847785e-01 1.69235594e-01 6.93889390e-18
 1.00265876e-01 1.96362345e-02 1.97526756e-02 1.25828280e-01
 2.97738198e-02 1.06472100e-02 2.64479970e-03 1.72800984e-02
 9.23399856e-03 3.49831032e-03 2.35553831e-02 2.23584294e-02
 9.72109977e-03]
[4.819278656698067e-17, 0.1698477847380134, 0.16923559372663863, 6.938893903907228e-18, 0.10026587563252033]
[0.12337809994550737, 0.12410972125144056, 0.7906023978859505, 0.18707442687985398, 0.06689839330396012, 0.016617766613963005, 0.10857406061899813, 0.05801892405499029, 0.021980532023559846]
E for cur_iter:  -1.0040662928450437
params in def finance in vqe.py:  [0.00028292 0.16962711 0.16824973 0.00089626 0.10029651 0.02076635
 0.01926957 0.12459341 0.03137315 0.00940637 0.01177734 0.00811286
 0.00820614 0.00710486 0.02413568 0.02396737 0.00836316]
[0.00028292085689737894, 0.16962711023305146, 0.168249734031754, 0.0008962598826560018, 0.10029651420119122]
[0.1304788235751493, 0.12107426833835681, 0.7828435004423603, 0.19712333605232907, 0.05910197954040994, 0.07399919373397024, 0.05097460015572068, 0.051560675954123746, 0.044641139172748014]
E for cur_iter:  -1.0040662928450437
params in def finance in vqe.py:  [1.92987987e-17 1.70257293e-01 1.70271382e-01 0.00000000e+00
 1.00706911e-01 1.86557657e-02 2.02183140e-02 1.27314310e-01
 2.61025539e-02 1.35004223e-02 1.47289799e-02 7.45005857e-03
 7.78724313e-03 2.46193184e-04 1.94044480e-02 1.73892064e-02
 1.26344623e-02]
[1.929879867024198e-17, 0.17025729251806135, 0.1702713821388634, 0.0, 0.10070691112902141]
[0.11721763316711233, 0.12703541344320607, 0.7999394050312203, 0.16400718284177784, 0.08482565524713247, 0.09254490982067053, 0.04681009855832289, 0.04892869159125487, 0.0015468773945128793]
E for cur_iter:  -1.0040662928450437
params in def finance in vqe.py:  [0.00054757 0.17000165 0.16844792 0.00227996 0.09999953 0.02100777
 0.01957369 0.1238323  0.02918474 0.00715177 0.0088072  0.00824641
 0.00828006 0.00775346 0.02131621 0.02153214 0.01485351]
[0.0005475727760876849, 0.1700016493291561, 0.16844791918899746, 0.0022799575483784212, 0.0999995334741991]
[0.1319957028468241, 0.12298513503225432, 0.7780612673572231, 0.1833731431607018, 0.04493589961492567, 0.05533724195042207, 0.051813737118253066, 0.05202516161631322, 0.04871642825589934]
E for cur_iter:  -1.0040662928450437
params in def finance in vqe.py:  [0.0014701  0.17455572 0.17368743 0.00861577 0.09946796 0.02185099
 0.02333947 0.11946505 0.03036276 0.01258529 0.00920785 0.00873365
 0.00855453 0.00565092 0.02050208 0.02264128 0.009007  ]
[0.0014700962169896434, 0.1745557234519154, 0.17368742654145983, 0.008615767041546532, 0.09946795822639735]
[0.13729379775274134, 0.14664623617957387, 0.7506210619828726, 0.19077483210736615, 0.07907569643634477, 0.05785460896412008, 0.054875151628526055, 0.05374966882622869, 0.03550574785340543]
E for cur_iter:  -1.0011187852817063
params in def finance in vqe.py:  [0.00041734 0.16510605 0.16638878 0.00434225 0.09965985 0.02105471
 0.02096414 0.12464955 0.02846199 0.01170362 0.009251   0.0087934
 0.008749   0.00725656 0.02088689 0.0220899  0.01035583]
[0.0004173433588077406, 0.16510604671084395, 0.16638877713666606, 0.0043422531152147404, 0.09965985138670949]
[0.13229061315404098, 0.13172158621078825, 0.7831962500314449, 0.17883196624618938, 0.07353598561685401, 0.058125739542518776, 0.05525053875644757, 0.05497157456717239, 0.04559429559014421]
E for cur_iter:  -1.0011187852817063
params in def finance in vqe.py:  [0.00046943 0.17009648 0.16822886 0.00174469 0.10014213 0.02093283
 0.01917739 0.12400609 0.02654806 0.01004221 0.00872472 0.00818515
 0.00822677 0.00789601 0.02144822 0.02151357 0.00911704]
[0.0004694295151250157, 0.1700964793648271, 0.1682288572383765, 0.0017446910523562455, 0.10014212962359496]
[0.1315248396040709, 0.12049508799385023, 0.779153246136465, 0.16680640390974666, 0.06309708828969225, 0.05481901076966732, 0.05142879835206888, 0.051690314164314966, 0.04961209907314523]
E for cur_iter:  -1.0040662928450437
params in def finance in vqe.py:  [0.0022628  0.17288777 0.16525065 0.00062324 0.10149031 0.02023806
 0.0161884  0.12388985 0.02973255 0.01153602 0.00912227 0.00878083
 0.00861637 0.00780747 0.02040425 0.02101701 0.01055374]
[0.002262801570935207, 0.17288777470210356, 0.16525065180488827, 0.0006232415658961463, 0.10149030632820992]
[0.1271595019899132, 0.10171473721199925, 0.7784229141068573, 0.186815091968241, 0.0724829559311804, 0.05731691270826296, 0.0551715740132309, 0.05413823492818826, 0.04905577670966614]
E for cur_iter:  -1.0011162878049333
params in def finance in vqe.py:  [0.00071597 0.17114272 0.16955657 0.0032749  0.10003395 0.02116046
 0.02020559 0.12298963 0.02935547 0.01173446 0.00887321 0.00834857
 0.00833736 0.00738415 0.02111308 0.02169046 0.01006876]
[0.0007159725376191718, 0.17114272093130337, 0.1695565656415029, 0.003274899796524591, 0.10003395309646068]
[0.13295506983507502, 0.12695545920193604, 0.7727666090403666, 0.18444585537608849, 0.07372978139033996, 0.05575200206785677, 0.05245560911204981, 0.052385166474473985, 0.04639601137216552]
E for cur_iter:  -1.0040662928450437
params in def finance in vqe.py:  [0.00052416 0.16967675 0.16818605 0.00120823 0.09952944 0.02097832
 0.01967329 0.1236109  0.02909854 0.01127762 0.00907372 0.00854471
 0.00864208 0.00821223 0.02163879 0.02047725 0.01025445]
[0.0005241567268712831, 0.16967675056958953, 0.1681860515875645, 0.0012082308572547444, 0.09952943682071196]
[0.13181065941198927, 0.12361092187561842, 0.7766702212350519, 0.18283148956729234, 0.07085940701552539, 0.0570118585961641, 0.05368801817307651, 0.0542997763433179, 0.05159898644593663]
E for cur_iter:  -1.0040662928450437
params in def finance in vqe.py:  [0.00020258 0.16992329 0.16858293 0.00089882 0.10131567 0.01912644
 0.02097826 0.12425244 0.0291377  0.01105665 0.00877778 0.0082636
 0.00838241 0.00892326 0.0205735  0.02153466 0.01014456]
[0.0002025759910913311, 0.16992329499677544, 0.16858293198317645, 0.0008988212758475004, 0.10131566879550588]
[0.12017495339074648, 0.1318102761344528, 0.7807010954225617, 0.18307756886896126, 0.06947101164782284, 0.05515239481886216, 0.051921755468887935, 0.052668204868334775, 0.05606651084689878]
E for cur_iter:  -1.0040662928450437
params in def finance in vqe.py:  [0.00027411 0.16994414 0.16847149 0.00149679 0.10024293 0.02095465
 0.01938555 0.12426338 0.02834975 0.01200197 0.00934521 0.00867615
 0.00873797 0.00834637 0.02181637 0.02181608 0.01098818]
[0.0002741083872620652, 0.1699441426334218, 0.16847149074781, 0.0014967943546215052, 0.10024293123267247]
[0.13166195531167912, 0.12180300092146688, 0.7807698615979355, 0.17812673408323884, 0.07541062987390419, 0.058717675821852784, 0.054513851895610616, 0.05490225620230676, 0.05244178509085484]
E for cur_iter:  -1.0040662928450437
params in def finance in vqe.py:  [7.37117232e-06 1.69857326e-01 1.68995682e-01 6.14557452e-04
 1.00145083e-01 2.06744253e-02 1.97486025e-02 1.24668266e-01
 2.84114198e-02 1.17424368e-02 9.96123979e-03 7.90823909e-03
 7.99486806e-03 5.78483579e-03 2.07540866e-02 2.06434788e-02
 1.08039207e-02]
[7.371172322644375e-06, 0.1698573261599339, 0.16899568205887597, 0.0006145574518303718, 0.10014508337837824]
[0.12990124508605028, 0.12408412928189658, 0.7833138140963605, 0.17851421552517016, 0.07377990637187674, 0.06258831547998124, 0.04968893168079906, 0.05023323753583357, 0.036347195235716695]
E for cur_iter:  -1.0040662928450437
params in def finance in vqe.py:  [0.00095018 0.16977372 0.16804227 0.00137342 0.10022062 0.02068315
 0.01979    0.12388379 0.02873003 0.01172701 0.00839164 0.00775758
 0.0077136  0.00771528 0.02222082 0.02144562 0.01068213]
[0.0009501803237940306, 0.16977372325112727, 0.1680422748399281, 0.0013734190020658389, 0.10022062492973685]
[0.1299560508659216, 0.12434421503395682, 0.77838482140496, 0.18051610666132006, 0.07368299191091987, 0.05272622374302421, 0.04874231121448377, 0.048465986659562664, 0.04847653297089289]
E for cur_iter:  -1.0040662928450437
params in def finance in vqe.py:  [0.00080404 0.1693603  0.17100257 0.00073061 0.09966168 0.02071903
 0.01877225 0.12425152 0.02884088 0.01125547 0.00836077 0.00777071
 0.00801432 0.00864824 0.02196737 0.02129425 0.01041812]
[0.0008040439187005484, 0.16936030077780134, 0.17100257033293087, 0.0007306141935896588, 0.0996616811415748]
[0.13018148592907708, 0.11794953332269462, 0.7806953488413789, 0.18121256250311, 0.07072017527120002, 0.05253226657815409, 0.048824816591333024, 0.05035546358551103, 0.054338494418059574]
E for cur_iter:  -1.0040662928450437
params in def finance in vqe.py:  [0.00043014 0.16979405 0.16826837 0.00176693 0.10012372 0.02116512
 0.0193547  0.1241706  0.02886385 0.01152468 0.00950276 0.00705477
 0.00810534 0.00856985 0.02116058 0.02119502 0.01049634]
[0.00043013904105894136, 0.16979404614659654, 0.1682683697690936, 0.0017669337640894881, 0.10012371789044835]
[0.13298437588860124, 0.12160916356718059, 0.7801869058223843, 0.18135692586808397, 0.07241172354630818, 0.059707577100165075, 0.04432642875211811, 0.050927380977826404, 0.05384595388604762]
E for cur_iter:  -1.0040662928450437
params in def finance in vqe.py:  [1.68051337e-18 1.70948809e-01 1.68573323e-01 7.38703677e-04
 9.98748880e-02 2.26878269e-02 2.09918861e-02 1.25224160e-01
 2.89032565e-02 1.12101648e-02 8.23194037e-03 7.97943447e-03
 7.96820855e-03 8.42506068e-03 2.19394107e-02 2.12918598e-02
 1.03531019e-02]
[1.6805133673525319e-18, 0.17094880922999733, 0.16857332284296983, 0.0007387036767798221, 0.09987488803498785]
[0.1425518208171417, 0.1318959103857012, 0.7868066011099956, 0.1816045163113805, 0.07043554244934122, 0.0517228067802415, 0.050136265426409844, 0.050065730910526504, 0.052936217464365755]
E for cur_iter:  -1.0040662928450437
params in def finance in vqe.py:  [0.00087812 0.1708389  0.16819513 0.00101235 0.10042185 0.02087448
 0.01865855 0.12421788 0.02915638 0.01140914 0.00875192 0.00823399
 0.00825992 0.00805372 0.02123926 0.02123835 0.01043438]
[0.0008781155056369259, 0.1708389039190305, 0.16819512743393328, 0.0010123521545580844, 0.10042184740820992]
[0.13115821456673388, 0.11723515116585544, 0.7804839400678144, 0.18319491547548652, 0.07168571025220473, 0.05498991743347399, 0.05173570407849449, 0.051898584857400176, 0.05060301734059883]
E for cur_iter:  -1.0040662928450437
params in def finance in vqe.py:  [0.00040278 0.16974387 0.16829496 0.00122088 0.09975668 0.02102945
 0.01942594 0.12395664 0.02892661 0.01147433 0.00871955 0.0081371
 0.00820282 0.00799022 0.02106991 0.02182646 0.01045311]
[0.0004027825712461975, 0.16974387034162425, 0.168294955888474, 0.0012208752256009567, 0.09975667897068277]
[0.13213190664373534, 0.12205681087014397, 0.7788425691234695, 0.18175125616395013, 0.07209532989067252, 0.05478654010921072, 0.05112693628584089, 0.05153983563699281, 0.05020403046265959]
E for cur_iter:  -1.0040662928450437
params in def finance in vqe.py:  [1.57209315e-18 1.70404123e-01 1.68351280e-01 1.19296770e-03
 1.00094588e-01 2.06217018e-02 1.89904013e-02 1.23233549e-01
 2.89326286e-02 1.14854687e-02 8.50403186e-03 7.75969510e-03
 7.95680306e-03 8.05962101e-03 2.19012152e-02 2.13214605e-02
 1.05477772e-02]
[1.5720931501039814e-18, 0.17040412346118924, 0.16835127954026938, 0.0011929676957842669, 0.10009458752513054]
[0.12956997349786348, 0.11932021032780114, 0.7742992243036353, 0.18178906678037246, 0.07216532834423538, 0.05343240802178176, 0.04875560225907006, 0.0499940680625533, 0.050640092286566546]
E for cur_iter:  -1.0040662928450437
{'IIIZ': -0.0007389802430548542, 'IIZI': 0.000618927047458695, 'IZII': -0.0012772629794151058, 'ZIII': 0.00025785020171742445, 'IIZZ': 0.5034804120100986, 'IZIZ': 0.5035016658557945, 'IZZI': 0.5035002207273829, 'ZIIZ': 0.503484434448624, 'ZIZI': 0.5034716148591135, 'ZZII': 0.503467526845492}
The optimized loss func value: -1.0040662928450437

   Return from subroutine COBYLA because the MAXFUN limit has been reached.

   NFVALS =  100   F =-1.004066E+00    MAXCV = 0.000000E+00
   X = 3.231971E-04   1.697611E-01   1.683686E-01   1.519454E-03   1.001313E-01
       2.097718E-02   1.936115E-02   1.242123E-01   2.895817E-02   1.143790E-02
       8.731928E-03   8.175013E-03   8.236835E-03   7.986823E-03   2.139022E-02
       2.139315E-02   1.042095E-02
