lb in gen_LC_finance:  [0. 0. 0. 0. 0. 0. 0. 0. 0. 0. 0. 0. 0. 0. 0. 0. 0. 0. 0. 0. 0. 0. 0. 0.
 0. 0.]
ub in gen_LC_finance:  [1. 1. 1. 1. 1. 1. 1. 1. 1. 1. 1. 1. 1. 1. 1. 1. 1. 1. 1. 1. 1. 1. 1. 1.
 1. 1.]
<scipy.optimize._constraints.LinearConstraint object at 0x7f9052a40a90>
params in def finance in vqe.py:  [0. 0. 0. 0. 0. 0. 0. 0. 0. 0. 0. 0. 0. 0. 0. 0. 0. 0. 0. 0. 0. 0. 0. 0.
 0. 0.]
[0.0, 0.0, 0.0, 0.0, 0.0, 0.0, 0.0, 0.0, 0.0, 0.0, 0.0]
[0.0, 0.0, 0.0, 0.0, 0.0, 0.0, 0.0, 0.0, 0.0, 0.0, 0.0, 0.0, 0.0]
E for cur_iter:  2.937203713354574
params in def finance in vqe.py:  [0.1 0.  0.  0.  0.  0.  0.  0.  0.  0.  0.  0.  0.  0.  0.  0.  0.  0.
 0.  0.  0.  0.  0.  0.  0.  0. ]
[0.1, 0.0, 0.0, 0.0, 0.0, 0.0, 0.0, 0.0, 0.0, 0.0, 0.0]
[0.0, 0.0, 0.0, 0.0, 0.0, 0.0, 0.0, 0.0, 0.0, 0.0, 0.0, 0.0, 0.0]
E for cur_iter:  0.9358434464452243
params in def finance in vqe.py:  [0.1 0.1 0.  0.  0.  0.  0.  0.  0.  0.  0.  0.  0.  0.  0.  0.  0.  0.
 0.  0.  0.  0.  0.  0.  0.  0. ]
[0.1, 0.1, 0.0, 0.0, 0.0, 0.0, 0.0, 0.0, 0.0, 0.0, 0.0]
[0.0, 0.0, 0.0, 0.0, 0.0, 0.0, 0.0, 0.0, 0.0, 0.0, 0.0, 0.0, 0.0]
E for cur_iter:  -0.21199981502873977
params in def finance in vqe.py:  [0.1 0.1 0.1 0.  0.  0.  0.  0.  0.  0.  0.  0.  0.  0.  0.  0.  0.  0.
 0.  0.  0.  0.  0.  0.  0.  0. ]
[0.1, 0.1, 0.1, 0.0, 0.0, 0.0, 0.0, 0.0, 0.0, 0.0, 0.0]
[0.0, 0.0, 0.0, 0.0, 0.0, 0.0, 0.0, 0.0, 0.0, 0.0, 0.0, 0.0, 0.0]
E for cur_iter:  -0.26081494380666154
params in def finance in vqe.py:  [0.1 0.1 0.1 0.1 0.  0.  0.  0.  0.  0.  0.  0.  0.  0.  0.  0.  0.  0.
 0.  0.  0.  0.  0.  0.  0.  0. ]
[0.1, 0.1, 0.1, 0.1, 0.0, 0.0, 0.0, 0.0, 0.0, 0.0, 0.0]
[0.0, 0.0, 0.0, 0.0, 0.0, 0.0, 0.0, 0.0, 0.0, 0.0, 0.0, 0.0, 0.0]
E for cur_iter:  -0.2607063666201134
params in def finance in vqe.py:  [0.1 0.1 0.1 0.  0.1 0.  0.  0.  0.  0.  0.  0.  0.  0.  0.  0.  0.  0.
 0.  0.  0.  0.  0.  0.  0.  0. ]
[0.1, 0.1, 0.1, 0.0, 0.1, 0.0, 0.0, 0.0, 0.0, 0.0, 0.0]
[0.0, 0.0, 0.0, 0.0, 0.0, 0.0, 0.0, 0.0, 0.0, 0.0, 0.0, 0.0, 0.0]
E for cur_iter:  -0.26571135140151453
params in def finance in vqe.py:  [0.1 0.1 0.1 0.  0.1 0.1 0.  0.  0.  0.  0.  0.  0.  0.  0.  0.  0.  0.
 0.  0.  0.  0.  0.  0.  0.  0. ]
[0.1, 0.1, 0.1, 0.0, 0.1, 0.1, 0.0, 0.0, 0.0, 0.0, 0.0]
[0.0, 0.0, 0.0, 0.0, 0.0, 0.0, 0.0, 0.0, 0.0, 0.0, 0.0, 0.0, 0.0]
E for cur_iter:  -0.30143190945458
params in def finance in vqe.py:  [0.1 0.1 0.1 0.  0.1 0.1 0.1 0.  0.  0.  0.  0.  0.  0.  0.  0.  0.  0.
 0.  0.  0.  0.  0.  0.  0.  0. ]
[0.1, 0.1, 0.1, 0.0, 0.1, 0.1, 0.1, 0.0, 0.0, 0.0, 0.0]
[0.0, 0.0, 0.0, 0.0, 0.0, 0.0, 0.0, 0.0, 0.0, 0.0, 0.0, 0.0, 0.0]
E for cur_iter:  -0.4456836736106551
params in def finance in vqe.py:  [0.1 0.1 0.1 0.  0.1 0.1 0.1 0.1 0.  0.  0.  0.  0.  0.  0.  0.  0.  0.
 0.  0.  0.  0.  0.  0.  0.  0. ]
[0.1, 0.1, 0.1, 0.0, 0.1, 0.1, 0.1, 0.1, 0.0, 0.0, 0.0]
[0.0, 0.0, 0.0, 0.0, 0.0, 0.0, 0.0, 0.0, 0.0, 0.0, 0.0, 0.0, 0.0]
E for cur_iter:  -0.30758331212665746
params in def finance in vqe.py:  [0.1 0.1 0.1 0.  0.1 0.1 0.1 0.  0.1 0.  0.  0.  0.  0.  0.  0.  0.  0.
 0.  0.  0.  0.  0.  0.  0.  0. ]
[0.1, 0.1, 0.1, 0.0, 0.1, 0.1, 0.1, 0.0, 0.1, 0.0, 0.0]
[0.0, 0.0, 0.0, 0.0, 0.0, 0.0, 0.0, 0.0, 0.0, 0.0, 0.0, 0.0, 0.0]
E for cur_iter:  -0.8129194585617125
params in def finance in vqe.py:  [0.1 0.1 0.1 0.  0.1 0.1 0.1 0.  0.1 0.1 0.  0.  0.  0.  0.  0.  0.  0.
 0.  0.  0.  0.  0.  0.  0.  0. ]
[0.1, 0.1, 0.1, 0.0, 0.1, 0.1, 0.1, 0.0, 0.1, 0.1, 0.0]
[0.0, 0.0, 0.0, 0.0, 0.0, 0.0, 0.0, 0.0, 0.0, 0.0, 0.0, 0.0, 0.0]
E for cur_iter:  -0.19549891599139052
params in def finance in vqe.py:  [0.1 0.1 0.1 0.  0.1 0.1 0.1 0.  0.1 0.  0.1 0.  0.  0.  0.  0.  0.  0.
 0.  0.  0.  0.  0.  0.  0.  0. ]
[0.1, 0.1, 0.1, 0.0, 0.1, 0.1, 0.1, 0.0, 0.1, 0.0, 0.1]
[0.0, 0.0, 0.0, 0.0, 0.0, 0.0, 0.0, 0.0, 0.0, 0.0, 0.0, 0.0, 0.0]
E for cur_iter:  -0.20238231697579245
params in def finance in vqe.py:  [0.1 0.1 0.1 0.  0.1 0.1 0.1 0.  0.1 0.  0.  0.1 0.  0.  0.  0.  0.  0.
 0.  0.  0.  0.  0.  0.  0.  0. ]
[0.1, 0.1, 0.1, 0.0, 0.1, 0.1, 0.1, 0.0, 0.1, 0.0, 0.0]
[0.6283185307179586, 0.0, 0.0, 0.0, 0.0, 0.0, 0.0, 0.0, 0.0, 0.0, 0.0, 0.0, 0.0]
E for cur_iter:  -0.7085930959387317
params in def finance in vqe.py:  [0.1 0.1 0.1 0.  0.1 0.1 0.1 0.  0.1 0.  0.  0.  0.1 0.  0.  0.  0.  0.
 0.  0.  0.  0.  0.  0.  0.  0. ]
[0.1, 0.1, 0.1, 0.0, 0.1, 0.1, 0.1, 0.0, 0.1, 0.0, 0.0]
[0.0, 0.6283185307179586, 0.0, 0.0, 0.0, 0.0, 0.0, 0.0, 0.0, 0.0, 0.0, 0.0, 0.0]
E for cur_iter:  -0.7488200985686391
params in def finance in vqe.py:  [0.1 0.1 0.1 0.  0.1 0.1 0.1 0.  0.1 0.  0.  0.  0.  0.1 0.  0.  0.  0.
 0.  0.  0.  0.  0.  0.  0.  0. ]
[0.1, 0.1, 0.1, 0.0, 0.1, 0.1, 0.1, 0.0, 0.1, 0.0, 0.0]
[0.0, 0.0, 0.6283185307179586, 0.0, 0.0, 0.0, 0.0, 0.0, 0.0, 0.0, 0.0, 0.0, 0.0]
E for cur_iter:  -0.6721519772160323
params in def finance in vqe.py:  [0.1 0.1 0.1 0.  0.1 0.1 0.1 0.  0.1 0.  0.  0.  0.  0.  0.1 0.  0.  0.
 0.  0.  0.  0.  0.  0.  0.  0. ]
[0.1, 0.1, 0.1, 0.0, 0.1, 0.1, 0.1, 0.0, 0.1, 0.0, 0.0]
[0.0, 0.0, 0.0, 0.6283185307179586, 0.0, 0.0, 0.0, 0.0, 0.0, 0.0, 0.0, 0.0, 0.0]
E for cur_iter:  -0.8129194585617125
params in def finance in vqe.py:  [0.1 0.1 0.1 0.  0.1 0.1 0.1 0.  0.1 0.  0.  0.  0.  0.  0.  0.1 0.  0.
 0.  0.  0.  0.  0.  0.  0.  0. ]
[0.1, 0.1, 0.1, 0.0, 0.1, 0.1, 0.1, 0.0, 0.1, 0.0, 0.0]
[0.0, 0.0, 0.0, 0.0, 0.6283185307179586, 0.0, 0.0, 0.0, 0.0, 0.0, 0.0, 0.0, 0.0]
E for cur_iter:  -0.607845488111976
params in def finance in vqe.py:  [0.1 0.1 0.1 0.  0.1 0.1 0.1 0.  0.1 0.  0.  0.  0.  0.  0.  0.  0.1 0.
 0.  0.  0.  0.  0.  0.  0.  0. ]
[0.1, 0.1, 0.1, 0.0, 0.1, 0.1, 0.1, 0.0, 0.1, 0.0, 0.0]
[0.0, 0.0, 0.0, 0.0, 0.0, 0.6283185307179586, 0.0, 0.0, 0.0, 0.0, 0.0, 0.0, 0.0]
E for cur_iter:  -0.7459962473110965
params in def finance in vqe.py:  [0.1 0.1 0.1 0.  0.1 0.1 0.1 0.  0.1 0.  0.  0.  0.  0.  0.  0.  0.  0.1
 0.  0.  0.  0.  0.  0.  0.  0. ]
[0.1, 0.1, 0.1, 0.0, 0.1, 0.1, 0.1, 0.0, 0.1, 0.0, 0.0]
[0.0, 0.0, 0.0, 0.0, 0.0, 0.0, 0.6283185307179586, 0.0, 0.0, 0.0, 0.0, 0.0, 0.0]
E for cur_iter:  -0.7991077660788948
params in def finance in vqe.py:  [0.1 0.1 0.1 0.  0.1 0.1 0.1 0.  0.1 0.  0.  0.  0.  0.  0.  0.  0.  0.
 0.1 0.  0.  0.  0.  0.  0.  0. ]
[0.1, 0.1, 0.1, 0.0, 0.1, 0.1, 0.1, 0.0, 0.1, 0.0, 0.0]
[0.0, 0.0, 0.0, 0.0, 0.0, 0.0, 0.0, 0.6283185307179586, 0.0, 0.0, 0.0, 0.0, 0.0]
E for cur_iter:  -0.8129194585617125
params in def finance in vqe.py:  [0.1 0.1 0.1 0.  0.1 0.1 0.1 0.  0.1 0.  0.  0.  0.  0.  0.  0.  0.  0.
 0.  0.1 0.  0.  0.  0.  0.  0. ]
[0.1, 0.1, 0.1, 0.0, 0.1, 0.1, 0.1, 0.0, 0.1, 0.0, 0.0]
[0.0, 0.0, 0.0, 0.0, 0.0, 0.0, 0.0, 0.0, 0.6283185307179586, 0.0, 0.0, 0.0, 0.0]
E for cur_iter:  -0.793192797023831
params in def finance in vqe.py:  [0.1 0.1 0.1 0.  0.1 0.1 0.1 0.  0.1 0.  0.  0.  0.  0.  0.  0.  0.  0.
 0.  0.  0.1 0.  0.  0.  0.  0. ]
[0.1, 0.1, 0.1, 0.0, 0.1, 0.1, 0.1, 0.0, 0.1, 0.0, 0.0]
[0.0, 0.0, 0.0, 0.0, 0.0, 0.0, 0.0, 0.0, 0.0, 0.6283185307179586, 0.0, 0.0, 0.0]
E for cur_iter:  -0.7568020717730628
params in def finance in vqe.py:  [0.1 0.1 0.1 0.  0.1 0.1 0.1 0.  0.1 0.  0.  0.  0.  0.  0.  0.  0.  0.
 0.  0.  0.  0.1 0.  0.  0.  0. ]
[0.1, 0.1, 0.1, 0.0, 0.1, 0.1, 0.1, 0.0, 0.1, 0.0, 0.0]
[0.0, 0.0, 0.0, 0.0, 0.0, 0.0, 0.0, 0.0, 0.0, 0.0, 0.6283185307179586, 0.0, 0.0]
E for cur_iter:  -0.8158669157813031
params in def finance in vqe.py:  [0.1 0.1 0.1 0.  0.1 0.1 0.1 0.  0.1 0.  0.  0.  0.  0.  0.  0.  0.  0.
 0.  0.  0.  0.1 0.1 0.  0.  0. ]
[0.1, 0.1, 0.1, 0.0, 0.1, 0.1, 0.1, 0.0, 0.1, 0.0, 0.0]
[0.0, 0.0, 0.0, 0.0, 0.0, 0.0, 0.0, 0.0, 0.0, 0.0, 0.6283185307179586, 0.6283185307179586, 0.0]
E for cur_iter:  -0.8158669157813031
params in def finance in vqe.py:  [0.1 0.1 0.1 0.  0.1 0.1 0.1 0.  0.1 0.  0.  0.  0.  0.  0.  0.  0.  0.
 0.  0.  0.  0.1 0.  0.1 0.  0. ]
[0.1, 0.1, 0.1, 0.0, 0.1, 0.1, 0.1, 0.0, 0.1, 0.0, 0.0]
[0.0, 0.0, 0.0, 0.0, 0.0, 0.0, 0.0, 0.0, 0.0, 0.0, 0.6283185307179586, 0.0, 0.6283185307179586]
E for cur_iter:  -0.8158669157813031
params in def finance in vqe.py:  [0.1 0.1 0.1 0.  0.1 0.1 0.1 0.  0.1 0.  0.  0.  0.  0.  0.  0.  0.  0.
 0.  0.  0.  0.1 0.  0.  0.1 0. ]
[0.1, 0.1, 0.1, 0.0, 0.1, 0.1, 0.1, 0.0, 0.1, 0.0, 0.0]
[0.0, 0.0, 0.0, 0.0, 0.0, 0.0, 0.0, 0.0, 0.0, 0.0, 0.6283185307179586, 0.0, 0.0]
E for cur_iter:  -0.8158669157813031
params in def finance in vqe.py:  [0.1 0.1 0.1 0.  0.1 0.1 0.1 0.  0.1 0.  0.  0.  0.  0.  0.  0.  0.  0.
 0.  0.  0.  0.1 0.  0.  0.  0.1]
[0.1, 0.1, 0.1, 0.0, 0.1, 0.1, 0.1, 0.0, 0.1, 0.0, 0.0]
[0.0, 0.0, 0.0, 0.0, 0.0, 0.0, 0.0, 0.0, 0.0, 0.0, 0.6283185307179586, 0.0, 0.0]
E for cur_iter:  -0.8158669157813031
params in def finance in vqe.py:  [ 1.85475554e-01  1.49022927e-01  1.02084832e-01  5.00933608e-22
  1.00209119e-01  1.01525580e-01  1.06160810e-01  6.56872131e-19
  1.15684174e-01  2.65313077e-19  1.99987795e-18 -1.01219758e-18
 -2.79215192e-19 -1.65003771e-18  0.00000000e+00  4.31561287e-18
 -6.61017995e-19 -8.39480940e-20  0.00000000e+00  3.02217533e-19
 -6.93889390e-19  1.00125882e-01  0.00000000e+00  0.00000000e+00
  0.00000000e+00  0.00000000e+00]
[0.185475553573968, 0.14902292696264463, 0.10208483211347094, 5.00933608096487e-22, 0.10020911934578385, 0.10152557963902815, 0.10616080952496519, 6.568721313991174e-19, 0.1156841736742064, 2.6531307734496297e-19, 1.9998779499085613e-18]
[-6.3598249873464114e-18, -1.754360792979411e-18, -1.0367492703388827e-17, 0.0, 2.711579538294006e-17, -4.1532985536281195e-18, -5.274614308367642e-19, 0.0, 1.898888763431815e-18, -4.3598356225107874e-18, 0.6291094716063255, 0.0, 0.0]
E for cur_iter:  0.0176066473781529
params in def finance in vqe.py:  [0.07512432 0.14337281 0.1        0.         0.1        0.1
 0.1        0.         0.1        0.         0.         0.
 0.         0.         0.         0.         0.         0.
 0.         0.         0.         0.1        0.         0.
 0.         0.        ]
[0.07512432422395614, 0.14337281123797654, 0.1, 0.0, 0.1, 0.1, 0.1, 0.0, 0.1, 0.0, 0.0]
[0.0, 0.0, 0.0, 0.0, 0.0, 0.0, 0.0, 0.0, 0.0, 0.0, 0.6283185307179586, 0.0, 0.0]
E for cur_iter:  -0.759589965158192
params in def finance in vqe.py:  [ 2.65678831e-02  4.49680202e-02  1.04859382e-01  9.96309046e-22
  1.00487421e-01  1.03555862e-01  1.14359779e-01 -5.50820494e-19
  1.36557089e-01  1.18842062e-18  1.32225887e-17 -5.00851790e-19
 -1.98434919e-20  2.17916485e-18  0.00000000e+00  2.80241342e-19
 -2.71796003e-18 -3.39417891e-19  0.00000000e+00  3.06073420e-19
 -1.38777878e-18  1.00293409e-01  0.00000000e+00  0.00000000e+00
  0.00000000e+00  0.00000000e+00]
[0.026567883090595795, 0.044968020186152584, 0.10485938210594753, 9.96309045619268e-22, 0.10048742092964869, 0.10355586157330869, 0.1143597785981553, -5.50820493865407e-19, 0.13655708889293933, 1.1884206156419965e-18, 1.3222588690318076e-17]
[-3.1469446084830185e-18, -1.2468033689774318e-19, 1.3692096588196602e-17, 0.0, 1.7608082803248972e-18, -1.7077446505095894e-17, -2.1326255032254916e-18, 0.0, 1.9231160151378915e-18, -8.71967124502158e-18, 0.6301620767641644, 0.0, 0.0]
E for cur_iter:  -0.3774600365272113
params in def finance in vqe.py:  [0.09908252 0.0994738  0.14998881 0.         0.1        0.1
 0.1        0.         0.1        0.         0.         0.
 0.         0.         0.         0.         0.         0.
 0.         0.         0.         0.1        0.         0.
 0.         0.        ]
[0.099082518917526, 0.09947379565015851, 0.14998881212276916, 0.0, 0.1, 0.1, 0.1, 0.0, 0.1, 0.0, 0.0]
[0.0, 0.0, 0.0, 0.0, 0.0, 0.0, 0.0, 0.0, 0.0, 0.0, 0.6283185307179586, 0.0, 0.0]
E for cur_iter:  -0.46242603590881004
params in def finance in vqe.py:  [ 4.10129119e-02  5.55895431e-02  4.08003026e-02  1.46711666e-21
  1.00399236e-01  1.02912530e-01  1.11761787e-01 -1.66056913e-18
  1.29943129e-01  1.79546072e-18  4.45650749e-19  3.02995875e-18
 -4.10155757e-19 -4.32354701e-19  0.00000000e+00  2.98316614e-18
 -6.70670079e-19 -1.67419318e-19  0.00000000e+00  5.96098006e-19
  0.00000000e+00  1.00240325e-01  0.00000000e+00  0.00000000e+00
  0.00000000e+00  0.00000000e+00]
[0.041012911925303853, 0.055589543085399255, 0.04080030263134151, 1.4671166593707183e-21, 0.10039923604955726, 0.10291253009657066, 0.11176178725886182, -1.6605691284657673e-18, 0.12994312895724516, 1.7954607189580727e-18, 4.456507491517567e-19]
[1.9037792316489334e-17, -2.5770846253132582e-18, -2.716564702084922e-18, 0.0, 1.874378567287496e-17, -4.213944389135405e-18, -1.0519265970629123e-18, 0.0, 3.745394230857721e-18, 0.0, 0.6298285398207573, 0.0, 0.0]
E for cur_iter:  -0.7438731089516049
params in def finance in vqe.py:  [ 0.1   0.1   0.1  -0.05  0.1   0.1   0.1   0.    0.1   0.    0.    0.
  0.    0.    0.    0.    0.    0.    0.    0.    0.    0.1   0.    0.
  0.    0.  ]
[0.1, 0.1, 0.1, -0.05000000000000001, 0.1, 0.1, 0.1, 0.0, 0.1, 0.0, 0.0]
[0.0, 0.0, 0.0, 0.0, 0.0, 0.0, 0.0, 0.0, 0.0, 0.0, 0.6283185307179586, 0.0, 0.0]
E for cur_iter:  -0.856211957445942
params in def finance in vqe.py:  [ 6.40507028e-02  7.32828421e-02  1.71742500e-01  6.93889390e-18
  1.00230160e-01  1.01679079e-01  1.06780692e-01  6.39479881e-19
  1.17262269e-01  1.54568412e-18  4.74409643e-18 -9.86629777e-19
 -6.21027902e-19 -1.72984662e-21  0.00000000e+00  3.66409122e-18
  1.19535533e-20 -2.97138735e-19  0.00000000e+00  1.41501764e-19
 -9.01388759e-19  1.00138548e-01  0.00000000e+00  0.00000000e+00
  0.00000000e+00  0.00000000e+00]
[0.06405070280378453, 0.07328284205173646, 0.1717424999836794, 6.938893903907228e-18, 0.10023016032047953, 0.10167907898391529, 0.10678069209409745, 6.39479880571643e-19, 0.11726226918787, 1.5456841240306625e-18, 4.7440964328437306e-18]
[-6.1991777205330644e-18, -3.902033387459929e-18, -1.0868946884504566e-20, 0.0, 2.3022164096220776e-17, 7.510639050692924e-20, -1.8669777318248638e-18, 0.0, 8.89081806282357e-19, -5.6635926081280275e-18, 0.6291890537566786, 0.0, 0.0]
E for cur_iter:  -0.3282562677100901
params in def finance in vqe.py:  [ 0.1         0.1         0.1        -0.05        0.14996388  0.1
  0.10109713 -0.00109713  0.09890287  0.          0.          0.
  0.          0.          0.          0.          0.          0.
  0.          0.          0.          0.1         0.          0.
  0.          0.        ]
[0.1, 0.1, 0.1, -0.05000000000000001, 0.14996387581563153, 0.1, 0.10109713467422353, -0.0010971346742235176, 0.09890286532577648, 0.0, 0.0]
[0.0, 0.0, 0.0, 0.0, 0.0, 0.0, 0.0, 0.0, 0.0, 0.0, 0.6283185307179586, 0.0, 0.0]
E for cur_iter:  -0.7122578968985254
params in def finance in vqe.py:  [ 9.50621196e-02  9.53596878e-02  9.39881563e-02  4.16333634e-17
  9.19210390e-02  1.00497819e-01  1.64091092e-01  2.89764700e-18
  4.30372455e-02 -3.38389517e-18  6.67254484e-20 -3.14802754e-19
 -2.86315581e-19 -2.95476117e-19  0.00000000e+00 -3.43992342e-25
 -1.50413363e-19 -5.21672138e-20  0.00000000e+00  3.73541495e-20
  0.00000000e+00  1.00041077e-01  0.00000000e+00  0.00000000e+00
  0.00000000e+00  0.00000000e+00]
[0.09506211959803255, 0.09535968775770674, 0.09398815633831782, 4.163336342344337e-17, 0.09192103901787238, 0.10049781894056757, 0.16409109186747792, 2.897646998424171e-18, 0.04303724552948396, -3.3838951741061172e-18, 6.672544838630231e-20]
[-1.9779640406080885e-18, -1.7989738536393408e-18, -1.8565311962940382e-18, 0.0, -2.161367631331057e-24, -9.450750314761662e-19, -3.2777627154575465e-19, 0.0, 2.3470304348210046e-19, 0.0, 0.6285766262935847, 0.0, 0.0]
E for cur_iter:  -0.6187189104569206
params in def finance in vqe.py:  [ 0.10330663  0.09280865  0.09840829 -0.04211673  0.0997647   0.13679667
  0.07904077 -0.01583744  0.08416256  0.          0.          0.
  0.          0.          0.          0.          0.          0.
  0.          0.          0.          0.10394164 -0.00394164 -0.00394164
 -0.00394164 -0.00394164]
[0.10330662518890504, 0.09280864823778624, 0.09840828564758768, -0.042116726427190235, 0.09976470001492413, 0.13679667069274865, 0.07904076591111607, -0.015837436603864715, 0.08416256339613529, 0.0, 0.0]
[0.0, 0.0, 0.0, 0.0, 0.0, 0.0, 0.0, 0.0, 0.0, 0.0, 0.6530845650605364, -0.02476603434257775, -0.02476603434257775]
E for cur_iter:  -0.6374471446150902
params in def finance in vqe.py:  [ 5.71457952e-02  1.30719782e-01  8.65480958e-02  2.77555756e-17
  8.26745945e-02  1.05578596e-01  1.22769469e-01 -2.96947610e-17
  1.02634284e-01  4.32853756e-19  1.25843404e-17  8.30094322e-19
  4.09064380e-19  6.43417940e-19  0.00000000e+00  2.39269794e-18
 -7.90508781e-19 -1.49863435e-19  0.00000000e+00  2.98047089e-22
  1.80277752e-18  7.29962339e-02  2.71706480e-02  2.71706480e-02
  2.71706480e-02  2.71706480e-02]
[0.057145795233493696, 0.13071978206110443, 0.08654809579771566, 2.7755575615628914e-17, 0.08267459447973634, 0.10557859593474578, 0.12276946858125144, -2.969476095630365e-17, 0.10263428428499351, 4.3285375592336536e-19, 1.2584340368046547e-17]
[5.215636449901905e-18, 2.5702273012748335e-18, 4.042714148225768e-18, 0.0, 1.5033764535456737e-17, -4.9669131580130185e-18, -9.41619731106996e-19, 0.0, 1.872685088813638e-21, 1.1327185216256056e-17, 0.458648864482801, 0.1707182163558373, 0.17071821635583728]
E for cur_iter:  -0.8069074618142416
params in def finance in vqe.py:  [ 9.03781798e-02  9.89089952e-02  9.26224096e-02  8.82587670e-17
  9.36613784e-02  6.05867549e-02  8.04553701e-02 -3.34566220e-18
  8.18264092e-02  1.19753732e-18  6.59957721e-18  7.02265328e-19
  1.69015113e-19 -7.93100576e-19  0.00000000e+00 -1.04506924e-19
 -1.73157574e-19  1.95820299e-22  0.00000000e+00  1.42151865e-19
  0.00000000e+00  9.70157177e-02  1.03043088e-01  3.04308767e-03
  3.04308767e-03  3.04308767e-03]
[0.09037817982283786, 0.0989089951887397, 0.09262240964668438, 8.825876700317962e-17, 0.09366137841427395, 0.060586754890642934, 0.08045537005104218, -3.3456622016054417e-18, 0.08182640923662717, 1.1975373243137369e-18, 6.5995772103552666e-18]
[4.412463190156012e-18, 1.0619532734707903e-18, -4.983197888953874e-18, 0.0, -6.566363709735602e-19, -1.0879811273661589e-18, 1.2303752224446491e-21, 0.0, 8.931665105321574e-19, 0.0, 0.6095677321997098, 0.6474388144242267, 0.019120283706268]
E for cur_iter:  -0.8039476779674519
params in def finance in vqe.py:  [ 1.00000000e-01  1.00000000e-01  1.00000000e-01 -1.00745252e-19
  1.00000000e-01  1.00000000e-01  1.00000000e-01 -5.92100945e-18
  1.00000000e-01 -2.50000000e-02  0.00000000e+00  0.00000000e+00
  0.00000000e+00  0.00000000e+00  0.00000000e+00  0.00000000e+00
  0.00000000e+00  0.00000000e+00  0.00000000e+00  0.00000000e+00
  0.00000000e+00  1.00000000e-01  1.00000000e-01  5.03726258e-20
  5.03726258e-20  5.03726258e-20]
[0.1, 0.1, 0.1, -1.0074525158746835e-19, 0.1, 0.1, 0.1, -5.921009449412362e-18, 0.1, -0.025000000000000005, 0.0]
[0.0, 0.0, 0.0, 0.0, 0.0, 0.0, 0.0, 0.0, 0.0, 0.0, 0.6283185307179586, 0.6283185307179586, 3.165005422712462e-19]
E for cur_iter:  -0.764666593194129
params in def finance in vqe.py:  [ 9.73402432e-02  9.91998049e-02  9.76886448e-02  3.87065838e-16
  9.93377729e-02  1.09442059e-01  9.15659427e-02  4.75500169e-02
  9.21495937e-02  1.22203739e-03 -6.93721234e-19 -1.88228561e-19
  3.22786375e-22  1.07411584e-19  0.00000000e+00  3.22865855e-19
 -1.63572452e-20 -3.90442926e-20  0.00000000e+00  1.73226720e-20
 -4.33680869e-20  9.93672207e-02  1.00650367e-01  6.50366647e-04
  6.50366647e-04  6.50366647e-04]
[0.09734024319475391, 0.09919980486704467, 0.09768864476210229, 3.870658380868006e-16, 0.09933777285647874, 0.10944205886772845, 0.09156594269983505, 0.04755001687386936, 0.09214959373185673, 0.0012220373900590944, -6.937212337415139e-19]
[-1.1826749306604071e-18, 2.028126607033213e-21, 6.748868882950306e-19, 0.0, 2.0286259988755336e-18, -1.0277560284840836e-19, -2.453225256779683e-19, 0.0, 1.0884155812168093e-19, -2.724897264069241e-19, 0.6243426608616973, 0.63240490487581, 0.004086374157851336]
E for cur_iter:  -0.7350665331126764
params in def finance in vqe.py:  [ 1.00000000e-01  1.00000000e-01  1.00000000e-01 -3.53239669e-18
  1.00000000e-01  1.00000000e-01  1.00000000e-01 -1.46964798e-18
  1.00000000e-01  2.02671761e-34 -2.50000000e-02  0.00000000e+00
  0.00000000e+00  0.00000000e+00  0.00000000e+00  0.00000000e+00
  0.00000000e+00  0.00000000e+00  0.00000000e+00  0.00000000e+00
  0.00000000e+00  1.00000000e-01  1.00000000e-01  1.76619834e-18
  1.76619834e-18  1.76619834e-18]
[0.1, 0.1, 0.1, -3.532396686026324e-18, 0.1, 0.1, 0.1, -1.4696479779451479e-18, 0.1, 2.026717612480115e-34, -0.025000000000000005]
[0.0, 0.0, 0.0, 0.0, 0.0, 0.0, 0.0, 0.0, 0.0, 0.0, 0.6283185307179586, 0.6283185307179586, 1.1097351478385232e-17]
E for cur_iter:  -0.8168515406737363
params in def finance in vqe.py:  [ 1.27409829e-01  1.12730068e-01  7.97938332e-02  9.99264443e-17
  8.56748619e-02  8.60190998e-02  1.07890686e-01 -2.79077726e-18
  1.24384874e-01  1.04360416e-02  2.49874497e-20  6.40725882e-19
 -6.77573682e-19 -3.38563457e-18  0.00000000e+00 -1.37928623e-18
 -8.32021878e-19  1.76053602e-19  0.00000000e+00  1.59235285e-19
 -6.93889390e-19  9.85794857e-02  1.01570708e-01  1.57070761e-03
  1.57070761e-03  1.57070761e-03]
[0.1274098291478159, 0.1127300675127303, 0.07979383324033092, 9.99264442894539e-17, 0.08567486191238467, 0.08601909984791678, 0.10789068598225637, -2.790777258771764e-18, 0.12438487404066499, 0.010436041588887909, 2.4987449712068457e-20]
[4.025799450534208e-18, -4.257321004263992e-18, -2.127256938001587e-17, 0.0, -8.666310946181344e-18, -5.227747638344292e-18, 1.1061774039575392e-18, 0.0, 1.0005048022728015e-18, -4.3598356225107874e-18, 0.6193931761834014, 0.6381875777258604, 0.009869047007901756]
E for cur_iter:  -0.7194204007486968
params in def finance in vqe.py:  [ 1.00000000e-01  1.00000000e-01  1.00000000e-01 -2.97017780e-19
  1.00000000e-01  1.00000000e-01  1.00000000e-01  1.16350198e-19
  1.00000000e-01 -4.85610587e-35  6.37238660e-35  2.50000000e-02
  0.00000000e+00  0.00000000e+00  0.00000000e+00  0.00000000e+00
  0.00000000e+00  0.00000000e+00  0.00000000e+00  0.00000000e+00
  0.00000000e+00  1.00000000e-01  1.00000000e-01 -1.08476781e-18
  1.48508890e-19  1.48508890e-19]
[0.1, 0.1, 0.1, -2.970177798443589e-19, 0.1, 0.1, 0.1, 1.1635019808480865e-19, 0.1, -4.856105869357698e-35, 6.372386596595215e-35]
[0.15707963267948968, 0.0, 0.0, 0.0, 0.0, 0.0, 0.0, 0.0, 0.0, 0.0, 0.6283185307179586, 0.6283185307179586, -6.815797191091813e-18]
E for cur_iter:  -0.8001192496891127
params in def finance in vqe.py:  [ 7.08414079e-02  1.17002038e-01  9.48783108e-02  1.36292739e-16
  9.19315861e-02  1.00756345e-01  1.14190514e-01  6.59481881e-18
  9.96922551e-02  5.45140602e-03  2.89607179e-21 -1.00099393e-20
  1.39063641e-20 -2.89018262e-19  0.00000000e+00 -9.60359900e-19
  1.09526951e-19 -1.49962531e-19  0.00000000e+00  1.31812888e-19
 -8.34086556e-20  8.39528155e-02  1.16125640e-01  2.77555756e-17
  1.61256400e-02  1.61256400e-02]
[0.07084140789981573, 0.11700203808324311, 0.09487831076700207, 1.3629273922501135e-16, 0.09193158611403979, 0.10075634525619649, 0.11419051374117864, 6.5948188140912995e-18, 0.09969225514052302, 0.005451406020470472, 2.8960717945619124e-21]
[-6.289430359563453e-20, 8.737626270835249e-20, -1.8159552975015996e-18, 0.0, -6.034119210858625e-18, 6.881781269977475e-19, -9.422423702372987e-19, 0.0, 8.282047994844045e-19, -5.240720393376033e-19, 0.5274910965638959, 0.7296389152677099, 1.743934249004316e-16]
E for cur_iter:  -0.8522567099463445
params in def finance in vqe.py:  [ 7.08414079e-02  1.17002038e-01  9.48783108e-02  1.36294976e-16
  9.19315861e-02  1.00756345e-01  1.14190514e-01  6.61627113e-18
  9.96922551e-02  5.45140602e-03  2.89607179e-21 -1.00099393e-20
  2.50000000e-02 -2.89018262e-19  0.00000000e+00 -9.60359900e-19
  1.09526951e-19 -1.49962531e-19  0.00000000e+00  1.31812888e-19
 -8.34086556e-20  8.39528155e-02  1.16125640e-01  2.72575858e-17
  1.61256400e-02  1.61256400e-02]
[0.07084140789981573, 0.11700203808324311, 0.09487831076700207, 1.3629497575314496e-16, 0.09193158611403979, 0.10075634525619649, 0.11419051374117864, 6.6162711294440044e-18, 0.09969225514052302, 0.005451406020470472, 2.89607179456178e-21]
[-6.28943035956346e-20, 0.15707963267948968, -1.8159552975015996e-18, 0.0, -6.034119210858625e-18, 6.881781269977475e-19, -9.422423702372987e-19, 0.0, 8.282047994844045e-19, -5.240720393376033e-19, 0.5274910965638959, 0.7296389152677099, 1.712644626629282e-16]
E for cur_iter:  -0.8473275757207928
params in def finance in vqe.py:  [ 5.76618479e-02  1.03955537e-01  1.32834708e-01  1.74246711e-16
  8.08191283e-02  8.90486402e-02  1.19014206e-01  1.11837364e-04
  1.18780606e-01  1.35748582e-02 -9.38096785e-19 -8.20290328e-19
 -7.35763423e-19  5.43797451e-19  0.00000000e+00 -9.60359900e-19
 -9.34163262e-19 -7.86836692e-19  0.00000000e+00 -4.38961916e-19
 -1.06473040e-19  8.42176286e-02  1.15977738e-01  1.03488223e-03
  1.59777379e-02  1.59777379e-02]
[0.05766184792358033, 0.10395553656110981, 0.13283470772809425, 1.7424671117404356e-16, 0.08081912826202098, 0.08904864020039861, 0.11901420592143201, 0.00011183736399580707, 0.11878060570562854, 0.013574858235394473, -9.380967848826403e-19]
[-5.154036137078448e-18, -4.6229379284276024e-18, 3.416780153914385e-18, 0.0, -6.034119210858621e-18, -5.869520882763687e-18, -4.943840744665189e-18, 0.0, -2.758079060044154e-18, -6.689898404882374e-19, 0.5291549667317906, 0.7287096187068196, 0.006502356852982849]
E for cur_iter:  -0.4653615874393057
params in def finance in vqe.py:  [ 7.08414079e-02  1.17002038e-01  9.48783108e-02  1.36182141e-16
  9.19315861e-02  1.00756345e-01  1.14190514e-01  7.06694357e-18
  9.96922551e-02  5.45140602e-03  2.89607179e-21 -1.00099393e-20
  1.39063641e-20  2.50000000e-02  0.00000000e+00 -9.60359900e-19
  1.09526951e-19 -1.49962531e-19  0.00000000e+00  1.31812888e-19
 -8.34086556e-20  8.39528155e-02  1.16125640e-01  2.67122686e-17
  1.61256400e-02  1.61256400e-02]
[0.07084140789981573, 0.11700203808324311, 0.09487831076700207, 1.361821405704748e-16, 0.09193158611403979, 0.10075634525619649, 0.11419051374117864, 7.066943569040875e-18, 0.09969225514052302, 0.005451406020470472, 2.8960717945614784e-21]
[-6.289430359563467e-20, 8.737626270835216e-20, 0.15707963267948968, 0.0, -6.034119210858625e-18, 6.881781269977475e-19, -9.422423702372987e-19, 0.0, 8.282047994844045e-19, -5.240720393376033e-19, 0.5274910965638959, 0.7296389152677099, 1.6783813379772877e-16]
E for cur_iter:  -0.8640533388693005
params in def finance in vqe.py:  [ 7.20336208e-02  1.20839794e-01  7.58452647e-02 -2.03892628e-17
  8.08702896e-02  1.29552665e-01  8.79440577e-02  4.90822414e-18
  8.03967312e-02  1.30918959e-02 -8.95507644e-19 -2.50782365e-19
 -1.05675380e-18  2.67603800e-02  0.00000000e+00 -9.60359900e-19
 -1.26937267e-18 -1.13930776e-18  0.00000000e+00 -7.37355217e-19
 -1.59064213e-18  8.05952889e-02  1.19593127e-01  4.17820832e-20
  1.95931269e-02  1.95931269e-02]
[0.07203362081082589, 0.1208397935710401, 0.0758452647064219, -2.0389262830554074e-17, 0.08087028959839421, 0.12955266512002234, 0.0879440576947858, 4.9082241374289455e-18, 0.08039673122574797, 0.01309189586017711, -8.955076440779424e-19]
[-1.5757120682132895e-18, -6.639779961049133e-18, 0.16814042637564167, 0.0, -6.034119210858623e-18, -7.975703690858379e-18, -7.158481775309747e-18, 0.0, -4.632939462569633e-18, -9.994299266165153e-18, 0.5063951352075875, 0.751425777737528, 2.625245715370625e-19]
E for cur_iter:  -0.7883024060279722
params in def finance in vqe.py:  [ 7.08414079e-02  1.17002038e-01  9.48783108e-02  1.36182141e-16
  9.19315861e-02  1.00756345e-01  1.14190514e-01  7.06694357e-18
  9.96922551e-02  5.45140602e-03  2.89607179e-21 -1.00099393e-20
  1.39063641e-20  2.50000000e-02  2.50000000e-02 -9.60359900e-19
  1.09526951e-19 -1.49962531e-19  0.00000000e+00  1.31812888e-19
 -8.34086556e-20  8.39528155e-02  1.16125640e-01  2.67122686e-17
  1.61256400e-02  1.61256400e-02]
[0.07084140789981573, 0.11700203808324311, 0.09487831076700207, 1.361821405704748e-16, 0.09193158611403979, 0.10075634525619649, 0.11419051374117864, 7.066943569040875e-18, 0.09969225514052302, 0.005451406020470472, 2.8960717945614784e-21]
[-6.289430359563467e-20, 8.737626270835216e-20, 0.15707963267948968, 0.15707963267948968, -6.034119210858625e-18, 6.881781269977475e-19, -9.422423702372987e-19, 0.0, 8.282047994844045e-19, -5.240720393376033e-19, 0.5274910965638959, 0.7296389152677099, 1.6783813379772877e-16]
E for cur_iter:  -0.8640533388693005
params in def finance in vqe.py:  [ 7.17565289e-02  1.23750127e-01  8.40232081e-02 -5.78592899e-17
  1.36814044e-01  9.90076653e-02  1.15469771e-01  1.08320087e-18
  9.68220036e-02  1.06654835e-02 -9.60906924e-19 -1.45523381e-18
 -1.04514389e-18  2.62013311e-02  0.00000000e+00 -9.60359900e-19
 -1.32351907e-18 -1.00263671e-18  0.00000000e+00 -6.12122512e-19
 -2.06008522e-18  7.98958960e-02  1.20257599e-01  1.45642429e-02
  2.02575994e-02  2.02575994e-02]
[0.07175652894786222, 0.12375012655072515, 0.08402320810425953, -5.78592899116532e-17, 0.13681404417540063, 0.0990076652909306, 0.11546977148217248, 1.0832008652682913e-18, 0.09682200357756571, 0.010665483508257547, -9.609069238464627e-19]
[-9.14350367211445e-18, -6.566832736143581e-18, 0.1646278182825187, 0.0, -6.0341192108586235e-18, -8.31591556414497e-18, -6.299752261259853e-18, 0.0, -3.846079172260492e-18, -1.2943897186749901e-17, 0.5020007196265716, 0.755600781863134, 0.09150983726284878]
E for cur_iter:  -0.4531622452842417
params in def finance in vqe.py:  [ 7.08414079e-02  1.17002038e-01  9.48783108e-02  1.35291421e-16
  9.19315861e-02  1.00756345e-01  1.14190514e-01  7.01004392e-18
  9.96922551e-02  5.45140602e-03  2.89607179e-21 -1.00099393e-20
  1.39063641e-20  2.50000000e-02  0.00000000e+00  2.50000000e-02
  1.09526951e-19 -1.49962531e-19  0.00000000e+00  1.31812888e-19
 -8.34086556e-20  8.39528155e-02  1.16125640e-01  2.44822226e-17
  1.61256400e-02  1.61256400e-02]
[0.07084140789981573, 0.11700203808324311, 0.09487831076700207, 1.352914214821666e-16, 0.09193158611403979, 0.10075634525619649, 0.11419051374117864, 7.010043917012801e-18, 0.09969225514052302, 0.005451406020470472, 2.8960717945614084e-21]
[-6.289430359563535e-20, 8.737626270835189e-20, 0.15707963267948968, 0.0, 0.15707963267948968, 6.881781269977475e-19, -9.422423702372987e-19, 0.0, 8.282047994844045e-19, -5.240720393376033e-19, 0.5274910965638959, 0.7296389152677099, 1.5382634111315186e-16]
E for cur_iter:  -0.8492733957190628
params in def finance in vqe.py:  [ 7.83445234e-02  1.11081365e-01  8.95007099e-02  6.17372857e-03
  8.11237981e-02  9.88295341e-02  1.47101362e-01 -2.66469697e-19
  6.68928525e-02  8.30768826e-03 -9.49517878e-19 -1.36445482e-18
 -8.30335174e-19  2.56580916e-02  0.00000000e+00 -9.60359900e-19
 -1.20146405e-18 -8.08661773e-19  0.00000000e+00 -9.09768029e-19
 -9.57445799e-19  8.76434630e-02  1.12476099e-01  2.22290063e-18
  1.24760995e-02  1.24760995e-02]
[0.07834452335711448, 0.11108136547331073, 0.08950070991966193, 0.006173728568028922, 0.081123798058014, 0.09882953408867018, 0.147101361988388, -2.664696970251751e-19, 0.06689285252937448, 0.008307688263931102, -9.495178778890619e-19]
[-8.573122500208125e-18, -5.217149765737844e-18, 0.16121454409167646, 0.0, -6.0341192108586004e-18, -7.549021272935061e-18, -5.080971771344724e-18, 0.0, -5.716241113452914e-18, -6.0158093739366015e-18, 0.5506801191428637, 0.7067081756815745, 1.3966896586907476e-17]
E for cur_iter:  -0.7744018334695778
params in def finance in vqe.py:  [ 7.08414079e-02  1.17002038e-01  9.48783108e-02  1.33937464e-16
  9.19315861e-02  1.00756345e-01  1.14190514e-01  6.84019082e-18
  9.96922551e-02  5.45140602e-03  2.89607179e-21 -1.00099393e-20
  1.39063641e-20  2.50000000e-02  0.00000000e+00 -9.60359900e-19
  2.50000000e-02 -1.49962531e-19  0.00000000e+00  1.31812888e-19
 -8.34086556e-20  8.39528155e-02  1.16125640e-01  3.14343280e-17
  1.61256400e-02  1.61256400e-02]
[0.07084140789981573, 0.11700203808324311, 0.09487831076700207, 1.3393746435466465e-16, 0.09193158611403979, 0.10075634525619649, 0.11419051374117864, 6.840190818493644e-18, 0.09969225514052302, 0.005451406020470472, 2.8960717945620576e-21]
[-6.28943035956353e-20, 8.7376262708353e-20, 0.15707963267948968, 0.0, -6.0341192108586235e-18, 0.15707963267948968, -9.422423702372987e-19, 0.0, 8.282047994844045e-19, -5.240720393376033e-19, 0.5274910965638959, 0.7296389152677099, 1.9750770806430225e-16]
E for cur_iter:  -0.8630694752039945
params in def finance in vqe.py:  [ 4.88266760e-02  9.06098980e-02  6.56292083e-02  1.08701416e-02
  9.37698254e-02  1.00436792e-01  1.18079924e-01  9.47836423e-19
  1.13724380e-01  6.58673248e-03 -9.73911001e-19 -9.17016209e-19
 -9.16995596e-19  2.52615809e-02  0.00000000e+00 -9.60359900e-19
 -9.49517878e-19 -9.05984514e-19  0.00000000e+00 -9.82348099e-19
 -9.17781706e-19  8.96278805e-02  1.10466914e-01 -2.93904304e-17
  1.04669144e-02  1.04669144e-02]
[0.04882667602391501, 0.09060989796225453, 0.06562920828879178, 0.01087014164445444, 0.09376982538775606, 0.10043679232249667, 0.11807992400537859, 9.478364228766627e-19, 0.11372437951142425, 0.006586732477157551, -9.73911001483846e-19]
[-5.761782769112387e-18, -5.761653254250329e-18, 0.1587231937572021, 0.0, -6.034119210858555e-18, -5.965996779256899e-18, -5.6924685887380275e-18, 0.0, -6.172275142261466e-18, -5.766592532708941e-18, 0.5631485816528543, 0.6940840935327482, -1.8466552065221503e-16]
E for cur_iter:  -0.8926661295239595
params in def finance in vqe.py:  [ 4.88266760e-02  9.06098980e-02  6.56292083e-02  1.08701416e-02
  9.37698254e-02  1.00436792e-01  1.18079924e-01  7.79808151e-19
  1.13724380e-01  6.58673248e-03 -9.73911001e-19 -9.17016209e-19
 -9.16995596e-19  2.52615809e-02  0.00000000e+00 -9.60359900e-19
 -9.49517878e-19  2.50000000e-02  0.00000000e+00 -9.82348099e-19
 -9.17781706e-19  8.96278805e-02  1.10466914e-01 -2.81301863e-17
  1.04669144e-02  1.04669144e-02]
[0.04882667602391501, 0.09060989796225453, 0.06562920828879178, 0.010870141644454451, 0.09376982538775606, 0.10043679232249667, 0.11807992400537859, 7.798081514660171e-19, 0.11372437951142425, 0.006586732477157551, -9.739110014838473e-19]
[-5.7617827691123864e-18, -5.761653254250329e-18, 0.1587231937572021, 0.0, -6.034119210858553e-18, -5.965996779256899e-18, 0.15707963267948968, 0.0, -6.172275142261466e-18, -5.766592532708941e-18, 0.5631485816528543, 0.6940840935327482, -1.7674717335942735e-16]
E for cur_iter:  -0.8926661295239595
params in def finance in vqe.py:  [ 3.25807241e-02  6.40587721e-02  3.67654997e-02 -2.56739074e-16
  9.02971791e-02  9.92353904e-02  1.37189204e-01 -2.78251951e-17
  1.10790485e-01  8.96288587e-03 -2.94053550e-17 -2.94293265e-17
 -2.93965410e-17  2.58090501e-02  0.00000000e+00 -2.91728715e-17
 -2.93784462e-17  9.62111658e-17  0.00000000e+00 -2.94664072e-17
 -2.94361017e-17  9.64838184e-02  1.03645174e-01 -4.79846137e-17
  3.64517362e-03  3.64517362e-03]
[0.03258072414063311, 0.06405877210358536, 0.03676549966108143, -2.5673907444456745e-16, 0.0902971790648891, 0.09923539039985785, 0.13718920384352257, -2.782519513546565e-17, 0.11079048464494587, 0.008962885870737927, -2.940535501298878e-17]
[-1.8490991205355598e-16, -1.847039144873911e-16, 0.16216304421550892, 0.0, -1.8329855749655505e-16, -1.8459022137161234e-16, 6.045125835079921e-16, 0.0, -1.8514289661771295e-16, -1.8495248179650997e-16, 0.6062257098528812, 0.6512218320572294, -3.0149621997114205e-16]
E for cur_iter:  -0.7459594997058306
params in def finance in vqe.py:  [ 4.88266760e-02  9.06098980e-02  6.56292083e-02  1.08701416e-02
  9.37698254e-02  1.00436792e-01  1.18079924e-01  9.47836423e-19
  1.13724380e-01  6.58673248e-03 -9.73911001e-19 -9.17016209e-19
 -9.16995596e-19  2.52615809e-02  0.00000000e+00 -9.60359900e-19
 -9.49517878e-19 -9.05984514e-19  2.50000000e-02 -9.82348099e-19
 -9.17781706e-19  8.96278805e-02  1.10466914e-01 -2.93904304e-17
  1.04669144e-02  1.04669144e-02]
[0.04882667602391501, 0.09060989796225453, 0.06562920828879178, 0.01087014164445444, 0.09376982538775606, 0.10043679232249667, 0.11807992400537859, 9.478364228766627e-19, 0.11372437951142425, 0.006586732477157551, -9.73911001483846e-19]
[-5.761782769112387e-18, -5.761653254250329e-18, 0.1587231937572021, 0.0, -6.034119210858555e-18, -5.965996779256899e-18, -5.6924685887380275e-18, 0.15707963267948968, -6.172275142261466e-18, -5.766592532708941e-18, 0.5631485816528543, 0.6940840935327482, -1.8466552065221503e-16]
E for cur_iter:  -0.891682257874252
params in def finance in vqe.py:  [ 3.13634425e-02  1.26682249e-01  6.00186187e-02  1.83042282e-02
  9.98350613e-02  9.59764024e-02  1.16078407e-01 -3.07867108e-17
  1.12915805e-01  9.34965549e-03 -2.93707993e-17 -2.95485084e-17
 -2.91757041e-17  2.58981624e-02  0.00000000e+00 -2.94764594e-17
 -2.95203332e-17 -2.07508059e-18 -2.96706815e-17 -2.98134735e-17
 -2.93100046e-17  1.05750281e-01  9.43842773e-02 -4.34349136e-17
 -4.16333634e-17 -4.68375339e-17]
[0.03136344246403902, 0.12668224885322657, 0.06001861869638843, 0.018304228170099787, 0.09983506129909746, 0.09597640235992372, 0.11607840682277391, -3.0786710847372115e-17, 0.11291580538265408, 0.009349655486274979, -2.937079926525414e-17]
[-1.856587540253784e-16, -1.8331635504385007e-16, 0.1627229532023861, 0.0, -1.852060568152306e-16, -1.8548172373031666e-16, -1.3038115882509861e-17, -1.8642639028256373e-16, -1.8732357854034897e-16, -1.8416019045629932e-16, 0.6644486116588392, 0.5930339043908426, -2.7290961077494974e-16]
E for cur_iter:  -0.7635725147422955
params in def finance in vqe.py:  [ 4.88266760e-02  9.06098980e-02  6.56292083e-02  1.08701416e-02
  9.37698254e-02  1.00436792e-01  1.18079924e-01  1.37537317e-18
  1.13724380e-01  6.58673248e-03 -9.73911001e-19 -9.17016209e-19
 -9.16995596e-19  2.52615809e-02  0.00000000e+00 -9.60359900e-19
 -9.49517878e-19 -9.05984514e-19  0.00000000e+00 -2.50000000e-02
 -6.06766478e-17  8.96278805e-02  1.10466914e-01 -5.54749351e-17
  1.04669144e-02  1.04669144e-02]
[0.048826676023915015, 0.09060989796225453, 0.06562920828879178, 0.010870141644454467, 0.09376982538775606, 0.10043679232249667, 0.11807992400537859, 1.3753731725508088e-18, 0.11372437951142425, 0.006586732477157551, -9.739110014838534e-19]
[-5.761782769112376e-18, -5.76165325425033e-18, 0.1587231937572021, 0.0, -6.0341192108585534e-18, -5.965996779256876e-18, -5.692468588738099e-18, 0.0, -0.15707963267948966, -3.8124262214254437e-16, 0.563148581652854, 0.6940840935327481, -3.485592969307269e-16]
E for cur_iter:  -0.8906914713188661
params in def finance in vqe.py:  [ 4.98111585e-02  9.22028626e-02  6.29817903e-02  1.45280844e-02
  1.01758973e-01  9.72024784e-02  1.17068543e-01 -3.16092738e-17
  1.12594507e-01  7.94622893e-03 -2.94013936e-17 -2.93039706e-17
 -2.93560054e-17  2.55748108e-02  0.00000000e+00 -2.92174667e-17
 -2.94102214e-17  3.15552760e-19 -2.93491712e-17  5.24321078e-05
 -4.87493153e-17  4.48268739e-02  9.73777874e-02 -6.02010995e-17
  6.93889390e-18  6.93889390e-18]
[0.049811158519852045, 0.09220286255431759, 0.06298179026569102, 0.014528084432236382, 0.10175897318492134, 0.09720247844711413, 0.11706854313804627, -3.160927384123336e-17, 0.11259450708498614, 0.00794622893439318, -2.9401393554147755e-17]
[-1.8412227763548827e-16, -1.844492217305581e-16, 0.16069127566812705, 0.0, -1.8357875760979178e-16, -1.8478987073457112e-16, 1.982676466394951e-18, -1.8440628095241287e-16, 0.00032944064945223913, -3.063009816654906e-16, 0.2816555556947191, 0.6118426830747574, -3.7825466381969836e-16]
E for cur_iter:  -0.8936488586957634
params in def finance in vqe.py:  [ 4.98111585e-02  9.22028626e-02  6.29817903e-02  1.45280844e-02
  1.01758973e-01  9.72024784e-02  1.17068543e-01 -3.09867567e-17
  1.12594507e-01  7.94622893e-03 -2.94013936e-17 -2.93039706e-17
 -2.93560054e-17  2.55748108e-02  0.00000000e+00 -2.92174667e-17
 -2.94102214e-17  3.15552760e-19 -2.93491712e-17  5.24321078e-05
 -5.18895002e-17  4.48268739e-02  9.73777874e-02 -6.60889462e-17
  1.76776695e-02 -1.76776695e-02]
[0.049811158519852045, 0.09220286255431759, 0.06298179026569102, 0.014528084432236382, 0.10175897318492134, 0.09720247844711413, 0.11706854313804627, -3.098675671405991e-17, 0.11259450708498614, 0.00794622893439318, -2.9401393554147755e-17]
[-1.8412227763548827e-16, -1.844492217305581e-16, 0.16069127566812705, 0.0, -1.8357875760979178e-16, -1.8478987073457112e-16, 1.982676466394946e-18, -1.8440628095241287e-16, 0.00032944064945223913, -3.2603134540012134e-16, 0.2816555556947191, 0.6118426830747574, -4.15249095822131e-16]
E for cur_iter:  -0.8936488586957634
params in def finance in vqe.py:  [ 5.56940491e-02  8.81366838e-02  5.83474452e-02  2.10224044e-02
  1.18854009e-01  9.08555842e-02  1.15257501e-01 -3.29551545e-17
  1.10162743e-01  1.03598820e-02 -2.94169743e-17 -2.90039565e-17
 -2.93776855e-17  2.61309200e-02  0.00000000e+00 -2.97633428e-17
 -2.94421289e-17 -1.21741067e-18 -2.93412732e-17  1.45520191e-04
 -5.15248729e-17  4.48125417e-02  7.11288211e-02 -2.68804234e-17
  2.59647424e-02  2.59647424e-02]
[0.0556940491265906, 0.08813668377523298, 0.058347445163865655, 0.021022404372096883, 0.11885400891404717, 0.09085558416205226, 0.1152575012438287, -3.295515445668204e-17, 0.11016274271772715, 0.010359882034678226, -2.941697425568982e-17]
[-1.8223723340937226e-16, -1.845854420598479e-16, 0.164185412766195, 0.0, -1.870085980633083e-16, -1.8499035162813297e-16, -7.649216863977315e-18, -1.843566568667682e-16, 0.0009143303272997826, -3.237403241555337e-16, 0.2815655035132177, 0.44691556350397477, -1.6889468118472458e-16]
E for cur_iter:  -0.8798335977331511
params in def finance in vqe.py:  [ 4.98111585e-02  9.22028626e-02  6.29817903e-02  1.45280844e-02
  1.01758973e-01  9.72024784e-02  1.17068543e-01 -3.21255893e-17
  1.12594507e-01  7.94622893e-03 -2.94013936e-17 -2.93039706e-17
 -2.93560054e-17  2.55748108e-02  0.00000000e+00 -2.92174667e-17
 -2.94102214e-17  3.15552760e-19 -2.93491712e-17  5.24321078e-05
  2.50000000e-02  4.48268739e-02  9.73777874e-02 -2.70384302e-17
  8.49990974e-19 -3.59090112e-18]
[0.04981115851985203, 0.0922028625543176, 0.06298179026569102, 0.014528084432236353, 0.10175897318492133, 0.09720247844711413, 0.11706854313804627, -3.212558932613616e-17, 0.11259450708498614, 0.00794622893439318, -2.940139355414775e-17]
[-1.8412227763548825e-16, -1.844492217305581e-16, 0.16069127566812705, 0.0, -1.8357875760979173e-16, -1.8478987073457114e-16, 1.982676466395033e-18, -1.8440628095241287e-16, 0.00032944064945186367, 0.15707963267948938, 0.281655555694719, 0.6118426830747572, -1.6988746725044082e-16]
E for cur_iter:  -0.9064411459764573
params in def finance in vqe.py:  [ 5.71280533e-02  9.12512704e-02  5.39016239e-02  2.71783051e-02
  1.32717753e-01  8.53255855e-02  1.13553242e-01 -3.31068349e-17
  1.08200024e-01  1.26477596e-02 -3.21364298e-17 -3.22925825e-17
 -3.22989885e-17  2.66580503e-02  0.00000000e+00 -3.33390802e-17
 -3.20714144e-17  3.11487879e-18 -3.21255893e-17  2.33757452e-04
  2.61746670e-02  4.36335403e-02  1.29714733e-01 -4.87937392e-17
  2.36619026e-04  2.36619026e-04]
[0.05712805333661892, 0.0912512703834181, 0.053901623853242916, 0.0271783050939265, 0.13271775254572005, 0.08532558546684875, 0.11355324151231447, -3.31068349208238e-17, 0.1082000235954866, 0.012647759595359392, -3.213642977968703e-17]
[-2.0290028009291769e-16, -2.02940530010759e-16, 0.1674974702692675, 0.0, -2.09475619165417e-16, -2.0151063991449912e-16, 1.957136064548911e-17, -2.0185103083846406e-16, 0.0014687413854839397, 0.16446028330389706, 0.27415761909330305, 0.8150217033475344, -3.0658010532060774e-16]
E for cur_iter:  -0.8059118411001618
params in def finance in vqe.py:  [ 4.78930473e-02  9.14835595e-02  6.73169772e-02  1.45280844e-02
  1.09725194e-01  1.09439339e-01  1.22464324e-01 -7.54472192e-04
  1.13940292e-01  7.94622893e-03 -3.05165145e-17 -3.03620055e-17
 -2.96719280e-17  2.55748108e-02  0.00000000e+00 -3.06680877e-17
 -2.57191809e-17  1.21356914e-18 -2.93491712e-17  5.24321078e-05
  2.50000000e-02  4.54079784e-02  9.66765408e-02 -1.88561240e-02
 -6.82095219e-04 -6.82095219e-04]
[0.047893047337465265, 0.09148355948756724, 0.06731697719194196, 0.01452808443223591, 0.1097251944604414, 0.10943933922555514, 0.12246432375602369, -0.0007544721916686995, 0.11394029249216939, 0.00794622893439318, -3.0516514473893594e-17]
[-1.9077010700340713e-16, -1.8643422230610002e-16, 0.16069127566812705, 0.0, -1.9269327818953692e-16, -1.6159837932191129e-16, 7.625079788627121e-18, -1.8440628095241287e-16, 0.0003294406494519501, 0.15707963267948954, 0.2853067424915215, 0.6074366204374373, -0.11847652116070632]
E for cur_iter:  -0.8778630010426385
params in def finance in vqe.py:  [ 7.65381250e-02  1.04899832e-01  4.38233665e-02  2.15214028e-02
  8.53719585e-02  9.83240386e-02  1.28367970e-01  4.51739000e-03
  1.39781609e-01  1.05453378e-02 -3.21255885e-17 -3.22886534e-17
 -3.22123145e-17  2.61736493e-02  0.00000000e+00 -3.25529751e-17
 -3.21472229e-17 -2.28384497e-18 -3.21255893e-17  1.52672719e-04
  2.56493816e-02  4.12734561e-02  1.00062597e-01 -6.40227142e-17
  3.47198085e-03  3.47198085e-03]
[0.07653812503324489, 0.10489983184169091, 0.04382336648251991, 0.02152140276722965, 0.08537195850615084, 0.09832403855951231, 0.1283679695502461, 0.004517389997104311, 0.13978160939140616, 0.010545337792109357, -3.2125588465743e-17]
[-2.028755926216119e-16, -2.0239594120496535e-16, 0.1644538887298759, 0.0, -2.0453637487357597e-16, -2.0198695868455636e-16, -1.434982115275058e-17, -2.0185103083846406e-16, 0.0009592709851775267, 0.16115981758030626, 0.2593287729902448, 0.6287118371830193, -4.0226657726609924e-16]
E for cur_iter:  -0.8316026482102337
params in def finance in vqe.py:  [ 4.85173230e-02  9.16876111e-02  6.37065768e-02  1.45280844e-02
  1.02420148e-01  9.73221226e-02  1.16539294e-01  2.47984692e-02
  1.11328937e-01  5.72664347e-03 -3.03112414e-17 -2.94608130e-17
 -2.93579682e-17  2.55748108e-02  0.00000000e+00 -2.91534443e-17
 -2.90470162e-17  5.02664197e-19 -2.93491712e-17  5.24321078e-05
  2.50000000e-02  4.48337429e-02  9.73634938e-02 -5.57384241e-04
 -1.39032850e-05 -1.39032850e-05]
[0.04851732303444059, 0.09168761107856754, 0.06370657682456718, 0.0145280844322363, 0.10242014831906399, 0.09732212257207112, 0.11653929433461648, 0.024798469232382065, 0.11132893711277861, 0.005726643473835323, -3.031124142201077e-17]
[-1.8510774726251954e-16, -1.8446155417885795e-16, 0.16069127566812705, 0.0, -1.8317649262358802e-16, -1.8250778520698705e-16, 3.158332299616413e-18, -1.8440628095241287e-16, 0.00032944064945186736, 0.15707963267948938, 0.2816987147452177, 0.6117528734076021, -0.0035021484742415597]
E for cur_iter:  -0.8305388170296238
params in def finance in vqe.py:  [ 4.12696888e-02  9.42801409e-02  4.87051957e-02  3.73134967e-02
  8.02742719e-02  8.07980585e-02  1.00138851e-01 -3.41818394e-17
  1.01139418e-01 -5.03069808e-17 -3.21081220e-17 -3.23066425e-17
 -3.21696340e-17  2.75259277e-02  0.00000000e+00 -3.16830411e-17
 -3.21915978e-17 -8.67961434e-18 -3.20989268e-17  3.79032950e-04
  2.71157949e-02  3.28459460e-02  1.06184845e-01 -4.32426640e-17
  1.13701706e-02  1.13701706e-02]
[0.041269688806829824, 0.09428014094599696, 0.048705195749725656, 0.037313496713867834, 0.08027427185436593, 0.08079805853927918, 0.1001388510109681, -3.4181839414821985e-17, 0.10113941809874595, -5.0306980803327406e-17, -3.210812203858669e-17]
[-2.029886213521847e-16, -2.0212777168082176e-16, 0.17295050451507027, 0.0, -1.9907041848788915e-16, -2.0226577427224387e-16, -5.4535625301478904e-17, -2.0168350507908095e-16, 0.002381534259315507, 0.17037356421485347, 0.2063771652670969, 0.6671790572329827, -2.717016707777239e-16]
E for cur_iter:  -0.7990234349069357
params in def finance in vqe.py:  [ 4.80601710e-02  8.71689267e-02  6.96404092e-02  2.80795732e-02
  1.01678083e-01  1.07513868e-01  1.19758623e-01 -1.62740882e-04
  1.16268302e-01  5.87927192e-03 -3.05757947e-17 -2.89052629e-17
 -2.99933750e-17  2.55748108e-02  0.00000000e+00 -2.68132261e-17
 -3.12151208e-17 -6.72786813e-03 -6.72786813e-03  6.78030024e-03
  2.50000000e-02  4.70005563e-02  9.91753129e-02  9.50674700e-03
  1.24964405e-03  1.24964405e-03]
[0.048060171012539836, 0.08716892668426202, 0.06964040922994261, 0.02807957315744415, 0.10167808256431975, 0.10751386835508733, 0.11975862276522495, -0.00016274088159801966, 0.11626830204858962, 0.00587927192306683, -3.0575794653839504e-17]
[-1.8161712343566494e-16, -1.884539328542288e-16, 0.16069127566812705, 0.0, -1.6847246813238746e-16, -1.9613038842016414e-16, -0.042272442170180814, -0.04227244217018095, 0.04260188281963257, 0.15707963267948954, 0.29531320455242677, 0.6231368686801532, 0.05973265308035838]
E for cur_iter:  -0.884790814962324
params in def finance in vqe.py:  [ 4.71672373e-02  8.40930472e-02  7.74221272e-02  1.94089665e-02
  9.27293479e-02  8.89371804e-02  1.12015647e-01  7.18331325e-05
  1.17849970e-01  5.25217430e-02 -3.21255889e-17 -3.25063771e-17
 -3.20279934e-17  2.61186756e-02  0.00000000e+00 -3.19731516e-17
 -3.21281312e-17  7.30027723e-04  6.84667892e-04 -3.20313979e-17
  2.55897680e-02  4.48746359e-02  9.55718734e-02 -5.53117355e-17
 -1.63392803e-16 -1.77603266e-16]
[0.047167237256604995, 0.08409304719269063, 0.07742212722348168, 0.01940896653487357, 0.09272934786202265, 0.08893718038327322, 0.11201564738774371, 7.183313247325348e-05, 0.11784997040982258, 0.0525217430228742, -3.2125588932516785e-17]
[-2.0424359069765955e-16, -2.0123781752765869e-16, 0.16410847856300534, 0.0, -2.0089323638326824e-16, -2.0186700190881828e-16, 0.00458689946022792, 0.004301895238129478, -2.0125920886336428e-16, 0.16078525412551425, 0.28195565284301155, 0.600495790482322, -3.475338840250553e-16]
E for cur_iter:  -0.6749986163258879
params in def finance in vqe.py:  [ 5.44046189e-02  8.92635021e-02  6.32360216e-02  1.65229560e-02
  1.01570400e-01  9.53264430e-02  1.13378567e-01 -1.03567948e-04
  1.12003455e-01  6.57727327e-03  1.63884790e-02 -1.63884790e-02
 -2.95259255e-17  2.55748108e-02  0.00000000e+00 -2.89321526e-17
 -2.90985171e-17 -9.90388082e-04 -9.90388082e-04  1.04282019e-03
  2.50000000e-02  4.75793413e-02  9.48845821e-02 -2.32946184e-03
 -2.49853975e-03 -2.49853975e-03]
[0.054404618910785255, 0.0892635021397927, 0.06323602156589658, 0.016522956012163862, 0.10157039992011713, 0.09532644299841096, 0.11337856721930314, -0.00010356794763140342, 0.11200345501928634, 0.006577273265191223, 0.016388478987134837]
[-0.10297185037898735, -1.8551686154726816e-16, 0.16069127566812705, 0.0, -1.8178607605885842e-16, -1.8283137520156885e-16, -0.006222791842977397, -0.006222791842977578, 0.006552232492429413, 0.15707963267948943, 0.2989498183828543, 0.5961774124164912, -0.014636440424789902]
E for cur_iter:  -0.879871355028353
params in def finance in vqe.py:  [ 4.36108517e-02  9.56554828e-02  7.45478448e-02  1.15819170e-03
  1.09504339e-01  1.09108955e-01  1.22371934e-01 -3.20476392e-17
  1.19929333e-01  1.56125113e-17  3.02124511e-04 -3.14624280e-17
 -3.24311091e-17  2.81864710e-02  0.00000000e+00 -3.19570179e-17
 -3.20983269e-17  2.17796241e-02  2.15618044e-02 -2.55465137e-17
  2.78320893e-02  3.14647592e-02  9.22151375e-02  2.51126993e-02
  3.45840486e-04  3.45840486e-04]
[0.043610851689790064, 0.09565548280361583, 0.0745478447833637, 0.0011581916983473776, 0.10950433879168865, 0.1091089550972042, 0.12237193381171282, -3.204763922610311e-17, 0.11992933310419324, 1.5612511283791264e-17, 0.00030212451141329205]
[-1.9768426506858649e-16, -2.0377066802330844e-16, 0.17710082029983143, 0.0, -2.0079186509542263e-16, -2.0167973568484467e-16, 0.13684541438759454, 0.1354768127427358, -1.6051347946157887e-16, 0.174874174700357, 0.1976989129636243, 0.5794047970572828, 0.15778774331531786]
E for cur_iter:  -0.8305886353150252
params in def finance in vqe.py:  [ 4.69698427e-02  1.00025862e-01  5.70490562e-02  2.21909519e-02
  1.04149084e-01  1.00474912e-01  1.18064077e-01  2.96355053e-04
  1.08256329e-01  1.17978755e-02  1.70930623e-04 -1.70930623e-04
 -2.93886416e-17  1.67338189e-02  8.84099197e-03  8.84099197e-03
  8.84099197e-03  2.59007155e-03  2.59007155e-03 -2.53763944e-03
  2.50000000e-02  4.83214700e-02  9.19567601e-02  2.31690054e-03
 -3.92754612e-03 -3.92754612e-03]
[0.04696984267837628, 0.10002586167874149, 0.05704905615010443, 0.022190951879318174, 0.10414908367236833, 0.10047491216580888, 0.11806407703917368, 0.00029635505326093407, 0.1082563294490236, 0.011797875524035724, 0.00017093062259303045]
[-0.00107398877642395, -1.8465428094475845e-16, 0.10514168482935521, 0.055549590838771847, 0.05554959083877167, 0.055549590838771666, 0.016273899512531786, 0.01627389951253161, -0.01594445886307997, 0.15707963267948932, 0.303612750410934, 0.5777813641338833, 0.014557515462220047]
E for cur_iter:  -0.8778555255474179
params in def finance in vqe.py:  [ 3.42424792e-02  1.27101561e-01  6.14226026e-02  1.82981968e-02
  1.11924326e-01  8.72576735e-02  1.14318361e-01 -3.20477235e-17
  1.18936001e-01  2.18352599e-03 -3.07611891e-17  9.88362077e-04
 -3.19954851e-17  4.01773659e-02 -3.37960428e-17 -3.66174342e-17
 -2.88496098e-17 -3.07370197e-17 -4.34634167e-18  6.80062652e-03
  2.59702997e-02  6.05217245e-02  8.22771401e-02  2.18699605e-03
  5.16713787e-17  4.14064012e-17]
[0.0342424792257041, 0.12710156115312676, 0.061422602616084405, 0.018298196809715218, 0.11192432609528472, 0.0872576734749252, 0.11431836129178011, -3.2047723499045e-17, 0.1189360006420651, 0.0021835259922283806, -3.0761189134302836e-17]
[0.006210062081255889, -2.010335616592433e-16, 0.25244183501145606, -2.1234679959409335e-16, -2.3007412477740727e-16, -1.812674442290454e-16, -1.931263907801738e-16, -2.7308870141112456e-17, 0.042729596641025776, 0.1631762057237791, 0.38026920992976637, 0.5169625179779411, 0.013741301461717847]
E for cur_iter:  -0.6660250203572291
params in def finance in vqe.py:  [ 5.40909576e-02  9.01108293e-02  6.25412313e-02  1.45516471e-02
  1.01564326e-01  9.42136004e-02  1.13451198e-01  1.00762357e-04
  1.11727537e-01  6.96376579e-03  1.44593102e-02  1.81007157e-02
 -2.92781987e-17  2.57819639e-02 -2.07153039e-04 -2.07153039e-04
 -2.07153039e-04 -1.61525895e-04 -1.61525895e-04  2.13958003e-04
  2.50000000e-02  4.69770754e-02  9.50403884e-02  4.55359075e-03
 -2.29663967e-03 -2.29663967e-03]
[0.05409095763785527, 0.090110829344985, 0.06254123129643663, 0.01455164714560271, 0.10156432561442197, 0.09421360039069132, 0.11345119799896612, 0.00010076235739000399, 0.1117275368462861, 0.0069637657861748165, 0.01445931019120657]
[0.11373015115432918, -1.8396034806188898e-16, 0.16199285659708543, -0.0013015809289583893, -0.0013015809289585662, -0.0013015809289585805, -0.0010148971324581099, -0.0010148971324582929, 0.0013443377819100841, 0.15707963267948935, 0.2951656699605549, 0.5971563721225548, 0.028611054510832973]
E for cur_iter:  -0.8906931720100049
params in def finance in vqe.py:  [ 4.74624824e-02  7.80356999e-02  8.15435329e-02  2.49710846e-02
  1.05589929e-01  1.26186905e-01  1.25773675e-01 -3.28190535e-17
  1.21150473e-01  2.25514052e-17  5.41473966e-03  1.62551574e-02
 -3.19710481e-17  2.11229273e-02  6.35651533e-03  3.97021076e-03
  6.19766503e-03  1.04555728e-02  1.02967212e-02 -2.91447096e-17
  2.70653864e-02  3.36795317e-02  9.84559140e-02 -3.12665949e-17
  3.18572230e-03  3.18572230e-03]
[0.047462482416644726, 0.07803569988570999, 0.08154353286124474, 0.024971084647858507, 0.10558992878091596, 0.12618690546877126, 0.12577367529599937, -3.28190535186222e-17, 0.12115047313343134, 2.2551405187698492e-17, 0.005414739660602357]
[0.10213416602773154, -2.0088001938863306e-16, 0.13271926641746468, 0.039939163700843855, 0.0249455698869699, 0.038941077847882255, 0.0656943011648308, 0.06469620721204958, -1.831216114494034e-16, 0.1700568381725992, 0.21161473857846153, 0.6186167524691318, -1.964538096630688e-16]
E for cur_iter:  -0.8079797034591583
params in def finance in vqe.py:  [ 6.41343858e-02  8.21046949e-02  6.58663310e-02  1.70630086e-02
  1.02223585e-01  9.33194161e-02  1.06243911e-01 -9.83234201e-19
  1.11716414e-01  3.98986399e-17 -4.34969353e-17 -1.79940952e-17
 -2.93572309e-17  2.55707801e-02  4.90458407e-04 -2.83853087e-17
  4.49889317e-04  1.91644363e-03  1.87587421e-03 -2.11419424e-18
  2.55274831e-02  5.00495058e-02  8.89927984e-02  1.11620810e-03
  4.31762451e-17  3.29585858e-17]
[0.06413438577851091, 0.08210469490681996, 0.06586633104985513, 0.017063008567358845, 0.1022235850356753, 0.09331941609303954, 0.10624391120644612, -9.832342014458703e-19, 0.11171641378022185, 3.9898639947466563e-17, -4.3496935278390654e-17]
[-1.1306023464548617e-16, -1.8445692183105155e-16, 0.16066594969030193, 0.0030816410546661206, -1.783501545808376e-16, 0.0028267379485777833, 0.012041370466538047, 0.011786465291820904, -1.3283874162337562e-17, 0.16039390667578193, 0.3144703193453705, 0.5591582430658845, 0.007013342340717377]
E for cur_iter:  -0.8857531969432243
params in def finance in vqe.py:  [ 4.75034457e-02  9.18510944e-02  6.07963125e-02  1.01264792e-02
  1.02711686e-01  9.99485288e-02  1.09288946e-01  3.20293075e-05
  1.17762315e-01  8.29151076e-03  3.21539039e-04 -3.19825869e-05
 -2.96669279e-17  2.36421529e-02  1.93265792e-03  1.93265792e-03
  1.93265792e-03 -1.78365813e-03 -1.78365813e-03  1.83609024e-03
  2.50000000e-02  4.44563803e-02  9.89217947e-02  1.50673392e-04
  1.36379955e-03  1.36379955e-03]
[0.047503445658550775, 0.09185109435294235, 0.06079631249705993, 0.010126479204641135, 0.102711686440541, 0.09994852877345867, 0.10928894584778778, 3.20293074547974e-05, 0.11776231452842191, 0.008291510759480997, 0.0003215390389545096]
[-0.00020095252035630645, -1.8640280566603957e-16, 0.14854802782092175, 0.012143247847205304, 0.012143247847205113, 0.012143247847205114, -0.01120705454790464, -0.011207054547904835, 0.011536495197356403, 0.15707963267948938, 0.2793276752805867, 0.621543966969476, 0.0009467088430529638]
E for cur_iter:  -0.8985756951507574
params in def finance in vqe.py:  [ 5.48732599e-02  9.60091449e-02  5.51163488e-02  1.40064870e-02
  1.01918379e-01  1.14195140e-01  1.10353841e-01 -3.28797581e-18
  1.01488323e-01  1.33217652e-02 -9.13953916e-17  2.15904250e-04
 -2.93743629e-17  3.13851844e-02 -9.69421555e-19 -2.52671026e-17
 -2.59861383e-17  7.76891270e-04  7.63199093e-04 -3.79470760e-19
  2.51780255e-02  4.51599587e-02  9.61511068e-02 -2.89455844e-18
  1.21744090e-16  1.13288764e-16]
[0.0548732599129363, 0.09600914487095935, 0.05511634883597788, 0.014006487012685313, 0.10191837914636336, 0.1141951396063944, 0.11035384087928073, -3.2879758098195355e-18, 0.10148832278440012, 0.01332176523791026, -9.139539158503244e-17]
[0.0013565664135055356, -1.8456456539210294e-16, 0.1971989294274192, -6.091055272633956e-18, -1.5875788812257625e-16, -1.6327572264497653e-16, 0.004881351809859973, 0.004795321325209977, -2.384285106060588e-18, 0.15819819999959142, 0.2837483890455932, 0.6041352214238119, -1.818704707902287e-17]
E for cur_iter:  -0.8847894297327898
params in def finance in vqe.py:  [ 4.98111585e-02  9.22028626e-02  6.29817903e-02  1.45280844e-02
  1.01758973e-01  9.72024784e-02  1.17068543e-01 -3.22372021e-17
  1.12594507e-01  7.94622893e-03 -2.89912009e-17 -2.89416189e-17
 -1.25000000e-02  2.55748108e-02 -8.09770565e-18 -3.73151724e-17
 -3.75079270e-17  2.08369200e-18 -2.75810319e-17  5.24321078e-05
  2.50000000e-02  4.48268739e-02  9.73777874e-02 -2.83720425e-17
  2.47358349e-18 -1.96730860e-18]
[0.04981115851985203, 0.0922028625543176, 0.06298179026569102, 0.014528084432236354, 0.10175897318492133, 0.09720247844711413, 0.11706854313804627, -3.223720209269474e-17, 0.11259450708498614, 0.00794622893439318, -2.899120092808529e-17]
[-1.8184555468985095e-16, -0.07853981633974502, 0.16069127566812694, -5.0879385150821774e-17, -2.344581427606135e-16, -2.3566925588539295e-16, 1.3092222955231797e-17, -1.732967344635761e-16, 0.00032944064945185256, 0.15707963267948938, 0.28165555569471906, 0.6118426830747572, -1.7826680057782744e-16]
E for cur_iter:  -0.9044719841179769
params in def finance in vqe.py:  [ 5.09178078e-02  9.68842285e-02  6.28379837e-02  1.29706826e-02
  1.02466258e-01  1.00779021e-01  1.15873873e-01 -8.47715238e-19
  1.09361597e-01  5.82522438e-03 -5.05299848e-17  4.57586876e-04
  1.38855745e-04  1.76056172e-03  7.80148527e-18 -2.22546793e-17
 -2.38502759e-17  4.28455578e-17  2.01916074e-17  8.66626600e-04
  2.54510250e-02  4.53708310e-02  9.62664390e-02 -1.07316729e-17
  5.46629083e-17  4.71578921e-17]
[0.05091780778113839, 0.09688422851250492, 0.06283798372059833, 0.01297068260457393, 0.10246625780582135, 0.1007790207205954, 0.1158738729891759, -8.477152382999983e-19, 0.10936159695091037, 0.005825224381904009, -5.0529984816519386e-17]
[0.0028751031385365255, 0.0008724563796204832, 0.011061935552371489, 4.9018177598966096e-17, -1.3983027386322012e-16, -1.4985570299335666e-16, 2.6920657921830995e-16, 1.2686761083055424e-16, 0.005445175519578462, 0.15991350654311104, 0.2850733384564981, 0.6048598749230932, -6.742908929176048e-17]
E for cur_iter:  -0.8956074427639514
params in def finance in vqe.py:  [ 5.06212117e-02  9.29726185e-02  6.39993077e-02  1.37812425e-02
  1.01402236e-01  9.68584753e-02  1.17324454e-01  1.16770589e-05
  1.11832438e-01  7.90289115e-03  1.17798778e-04 -8.76448385e-05
 -3.07067025e-17  2.58219375e-02 -4.28224383e-03 -4.28224383e-03
  1.06882046e-02 -4.45151330e-04 -4.45151330e-04  4.97583438e-04
  2.50000000e-02  4.45979017e-02  9.79146539e-02  3.73518228e-04
  4.71221464e-04  4.71221464e-04]
[0.05062121172599403, 0.09297261847723756, 0.06399930773942492, 0.01378124247768253, 0.1014022359765711, 0.09685847531560465, 0.11732445369349317, 1.1677058897689426e-05, 0.1118324375910678, 0.00790289115208011, 0.00011779877801447131]
[-0.0005506887615160887, -1.929359021691453e-16, 0.16224401824609605, -0.026906131493129197, -0.02690613149312938, 0.06715597030930648, -0.0027969682966589903, -0.0027969682966591768, 0.003126408946110889, 0.15707963267948938, 0.28021688077029505, 0.6152159149123544, 0.0023468842430542833]
E for cur_iter:  -0.905455319131347
params in def finance in vqe.py:  [ 4.97768922e-02  8.18980158e-02  5.52342211e-02  2.45919293e-03
  9.91496969e-02  9.54985107e-02  1.28901961e-01 -6.37856258e-19
  1.05489503e-01  2.92764615e-03 -4.36695620e-17 -1.64214895e-17
  2.56970681e-04  2.58175927e-02  5.27449476e-03  4.31012202e-03
  2.65014562e-03  2.73478101e-17  4.65140898e-18  5.18004329e-03
  2.58346807e-02  4.58282162e-02  9.74412096e-02  2.35291165e-03
  5.65433115e-04  5.65433115e-04]
[0.04977689222920635, 0.08189801584025812, 0.05523422108265241, 0.0024591929255944733, 0.09914969689596262, 0.09549851068642791, 0.12890196144178634, -6.378562578037022e-19, 0.10548950296094581, 0.0029276461463223994, -4.3669561958835424e-17]
[-1.031792614497199e-16, 0.0016145944096963506, 0.16221671919789712, 0.03314062800720034, 0.027081295331413104, 0.016651356044662658, 1.718313589158689e-16, 2.92256645506158e-17, 0.03254717188497551, 0.16232408616148514, 0.28794717489069505, 0.6122411764428679, 0.014783779925954288]
E for cur_iter:  -0.8621467491914461
params in def finance in vqe.py:  [ 5.08777608e-02  9.36802195e-02  6.48081770e-02  1.36500741e-02
  1.01320653e-01  9.69546718e-02  1.17027415e-01  1.82555160e-05
  1.11829584e-01  7.79722607e-03  2.60613554e-04 -2.54728396e-04
 -3.03405127e-17  2.59099363e-02  9.30306499e-03 -7.16632842e-03
  1.83500851e-04 -1.08017527e-03 -1.08017527e-03 -1.99775717e-03
  2.50000000e-02  4.46509465e-02  9.82602204e-02  1.07706119e-03
  7.97407128e-04  7.97407128e-04]
[0.05087776081445487, 0.09368021951667896, 0.06480817703893763, 0.013650074126038886, 0.1013206525663229, 0.09695467182481977, 0.11702741454979627, 1.8255515959193644e-05, 0.11182958376759557, 0.0077972260651595, 0.0002606135541979677]
[-0.0016005057159184806, -1.9063506345549032e-16, 0.16279693122119085, 0.05845288124845939, -0.04502736944675292, 0.0011529698512105142, -0.006786941410918141, -0.006786941410918321, -0.012552278467483108, 0.15707963267948935, 0.2805501708625, 0.6173871733544293, 0.006767375026335842]
E for cur_iter:  -0.9044719841179769
params in def finance in vqe.py:  [ 4.26918835e-02  8.29821620e-02  5.68496503e-02  7.72704783e-03
  1.02318736e-01  1.04076976e-01  1.20835975e-01 -2.47267363e-19
  1.16381864e-01 -1.56125113e-17 -4.08844333e-17 -1.92258570e-17
  3.73893025e-04  2.39909289e-02  1.85972441e-18  3.23216276e-03
 -2.51004715e-17  2.29645158e-17 -1.75477213e-18  1.36880524e-18
  2.62144626e-02  5.15318266e-02  9.72528841e-02  1.42641276e-02
  1.25992037e-03  1.25992037e-03]
[0.042691883534871355, 0.08298216199681557, 0.05684965031323515, 0.007727047828222487, 0.10231873618683471, 0.1040769759391001, 0.12083597460447955, -2.472673625032482e-19, 0.11638186400364987, -1.5612511283791264e-17, -4.088443333164724e-17]
[-1.2079962244425128e-16, 0.0023492391606968737, 0.15073945168263578, 1.1684993115670384e-17, 0.020308277578301955, -1.577109138815564e-16, 1.442903084719487e-16, -1.1025558480412536e-17, 8.60045698971855e-18, 0.16471032644528225, 0.32378401555600345, 0.611057892192791, 0.0896241570260956]
E for cur_iter:  -0.8926637600112939
params in def finance in vqe.py:  [ 5.29022936e-02  9.56776943e-02  6.70741836e-02  1.17807793e-02
  1.00508744e-01  9.59282441e-02  1.16916312e-01  9.52763787e-05
  1.10217903e-01  7.67112904e-03  1.44677256e-04 -9.29478885e-04
 -3.28872392e-17  2.64122003e-02 -4.14056314e-04  5.92750614e-03
  4.05997259e-04 -2.97791053e-03 -2.97791053e-03 -4.49617582e-03
  2.50000000e-02  4.47045425e-02  9.94004434e-02  3.90919831e-03
  1.80426919e-03  1.80426919e-03]
[0.052902293567341066, 0.09567769433918122, 0.06707418358325529, 0.011780779256921364, 0.10050874429545771, 0.09592824405001306, 0.11691631243402718, 9.527637872321156e-05, 0.11021790267623158, 0.00767112904080913, 0.00014467725580778057]
[-0.005840088071464081, -2.0663661782237662e-16, 0.1659527486402155, -0.0026015925505673107, 0.03724361951481511, 0.0025509560133920688, -0.018710763716811112, -0.018710763716811296, -0.028250305874101447, 0.15707963267948927, 0.28088692486890154, 0.6245514052148485, 0.02456221735591138]
E for cur_iter:  -0.8975735921231572
params in def finance in vqe.py:  [ 4.39807475e-02  8.30712937e-02  6.87941005e-02  1.76703239e-02
  1.03767586e-01  1.11792963e-01  1.23510644e-01 -1.41690726e-19
  1.19166337e-01 -1.90819582e-17  3.94883339e-03  6.28367825e-03
  3.59486041e-04  2.55936656e-02  4.49422875e-18  2.20094790e-03
  3.68920544e-03  3.02704017e-17  1.17671712e-18 -8.26704157e-19
  2.61676665e-02  4.14679955e-02  9.86024052e-02 -1.29977616e-17
  2.38802817e-03  2.38802817e-03]
[0.043980747535142105, 0.08307129368790427, 0.06879410052345747, 0.017670323923793696, 0.10376758560074598, 0.1117929634737492, 0.12351064364262875, -1.4169072568442963e-19, 0.11916633725763576, -1.9081958235744878e-17, 0.003948833385781452]
[0.039481514832223535, 0.0022587174101972303, 0.16080974335411813, 2.8238072079314795e-17, 0.013828963524167091, 0.02317996141042647, 1.9019454333893667e-16, 7.393531742345782e-18, -5.194335409631996e-18, 0.1644162977364306, 0.26055110000232573, 0.6195371839113171, -8.16673450253917e-17]
E for cur_iter:  -0.8897072768799626
params in def finance in vqe.py:  [ 4.98536094e-02  9.27345744e-02  6.43780185e-02  1.43066970e-02
  9.95957719e-02  9.77182111e-02  1.16616220e-01 -5.69535121e-05
  1.12570043e-01  7.30474287e-03 -1.53049590e-04  1.73807038e-04
 -3.08530426e-17  2.57507835e-02  4.54951166e-04  4.93632173e-04
  2.26066280e-04 -6.55468582e-03  9.26606544e-03  1.11479561e-03
  2.50000000e-02  4.75486727e-02  1.00265367e-01 -7.20096974e-04
 -8.93856685e-04 -8.93856685e-04]
[0.049853609397133715, 0.09273457439456383, 0.06437801850790878, 0.014306697023820099, 0.09959577189413471, 0.09771821107063877, 0.11661622006676867, -5.6953512131284695e-05, 0.11257004345017167, 0.0073047428670207646, -0.00015304958977409758]
[0.0010920618244014578, -1.9385538367608807e-16, 0.161796944386279, 0.002858542483336479, 0.003101582414849962, 0.0014204163301087017, -0.04118430563956718, 0.05822040620983715, 0.007004467369816504, 0.1570796326794894, 0.29875712142253014, 0.629985879586123, -0.004524502726031546]
E for cur_iter:  -0.9074294646533079
params in def finance in vqe.py:  [ 4.85116067e-02  9.25126912e-02  6.75276594e-02  1.15502571e-02
  8.73653948e-02  1.00929148e-01  1.11638896e-01 -4.41939999e-19
  1.14094418e-01 -2.25514052e-17 -4.75233251e-17  8.12541639e-04
  2.18843783e-04  2.66933825e-02  7.87308176e-18 -1.99284728e-17
 -1.64701660e-17  6.91196374e-03  1.30187546e-17  6.57297567e-19
  2.57108386e-02  4.47034269e-02  1.12460507e-01 -9.46911467e-18
  3.61793697e-17  2.91229034e-17]
[0.048511606706834035, 0.09251269119200983, 0.06752765940576574, 0.011550257096944207, 0.08736539476680838, 0.1009291477076067, 0.11163889645686279, -4.419399985113729e-19, 0.11409441758063704, -2.2551405187698492e-17, -4.7523325093007187e-17]
[0.00510534968755667, 0.0013750360405818064, 0.1677194684431813, 4.946803166412489e-17, -1.2521428717980048e-16, -1.0348510502610204e-16, 0.04342914899087134, 8.179924731932833e-17, 4.129922415854947e-18, 0.1615459633614189, 0.2808799153927788, 0.7066102063188365, -5.94962021394218e-17]
E for cur_iter:  -0.8818199935541473
params in def finance in vqe.py:  [ 4.78711959e-02  8.84196832e-02  5.80798482e-02  1.23191044e-02
  9.98753941e-02  9.80625270e-02  1.13398214e-01 -4.79412841e-19
  1.14759258e-01 -1.90819582e-17 -4.07363219e-17 -2.20160675e-17
  2.89893784e-04  2.56822790e-02  4.80900679e-18 -2.17958575e-17
 -1.84963588e-17  2.88601728e-17  2.58181544e-19 -2.83925444e-18
  2.59416200e-02  2.30120992e-02  9.44384083e-02  2.63031723e-03
  2.79795507e-17  1.29933167e-17]
[0.04787119594883482, 0.08841968323985318, 0.05807984820309882, 0.012319104384480521, 0.09987539407848002, 0.09806252697186835, 0.11339821374275413, -4.794128407996192e-19, 0.11475925791859917, -1.9081958235744878e-17, -4.073632185741748e-17]
[-1.383310319170027e-16, 0.0018214563664894756, 0.16136651789672143, 3.021588078650832e-17, -1.3694741151374135e-16, -1.162160495387938e-16, 1.8133381357879027e-16, 1.6222024810097465e-18, -1.783956177570333e-17, 0.1629960059346987, 0.14458928381401573, 0.5933740196272217, 0.01652677059231721]
E for cur_iter:  -0.8926702770102898
params in def finance in vqe.py:  [ 4.65658527e-02  8.65768710e-02  5.61296838e-02  1.54408172e-02
  9.77311166e-02  9.82345625e-02  1.16437998e-01 -2.32129612e-19
  1.13358398e-01  3.35646738e-03 -3.33494879e-17  2.68316798e-03
  1.56995683e-04  2.46763094e-02  1.53837115e-18 -2.71268403e-17
 -2.56088624e-17  1.27471098e-17 -1.36305090e-17  0.00000000e+00
  2.55099464e-02  4.91060447e-02  9.79612878e-02 -1.90992570e-17
  9.21640616e-18  5.71823474e-18]
[0.046565852656096626, 0.08657687102084483, 0.05612968384848558, 0.0154408172448211, 0.09773111664991743, 0.09823456249570034, 0.11643799815668758, -2.3212961193250994e-19, 0.11335839795000555, 0.0033564673813054873, -3.3349487933713244e-17]
[0.016858841614955444, 0.0009864329708711172, 0.15504582466423691, 9.665871013329043e-18, -1.7044296449043609e-16, -1.609052277461449e-16, 8.009245297506922e-17, -8.564301398444334e-17, 0.0, 0.16028372021860884, 0.3085423786421559, 0.6155089239093074, -1.2000417105333995e-16]
E for cur_iter:  -0.9015257636924212
params in def finance in vqe.py:  [ 4.65311528e-02  9.10202726e-02  6.50992090e-02  1.40020945e-02
  1.02906423e-01  9.67871308e-02  1.15226460e-01 -5.62486308e-04
  1.09414538e-01  7.24095378e-03 -4.61580984e-04  9.95178333e-05
 -2.98974148e-17  2.57817732e-02 -7.48885020e-05 -9.05711760e-05
 -1.79451735e-05 -6.35370353e-04 -8.46475261e-04 -1.33652916e-04
  2.50000000e-02  4.50201234e-02  9.71280140e-02 -4.30715454e-04
 -1.51936884e-03 -1.51936884e-03]
[0.046531152787784955, 0.09102027257300502, 0.06509920902696946, 0.01400209454006748, 0.10290642293178713, 0.09678713083416758, 0.11522645963939578, -0.0005624863083921246, 0.1094145380185578, 0.007240953778369135, -0.00046158098415876057]
[0.0006252889879917714, -1.8785099766324885e-16, 0.16199165855507883, -0.0004705383355596773, -0.0005690754822544126, -0.0001127528502736121, -0.003992149665647236, -0.0053185609198364205, -0.0008397660379836933, 0.15707963267948938, 0.2828697778314227, 0.6102733107213996, -0.0027062650092594797]
E for cur_iter:  -0.9005394406046091
params in def finance in vqe.py:  [ 5.00094241e-02  1.00228457e-01  6.19833815e-02  1.30345043e-02
  1.03035164e-01  9.73994136e-02  1.19122296e-01  1.15434867e-19
  1.16938773e-01  1.92329056e-03 -3.24516231e-17  8.25869452e-04
  2.38704896e-04  2.81484414e-02  6.06035743e-19 -2.78394027e-17
 -2.79255422e-17  7.47966872e-18 -1.99238411e-17  7.95126835e-04
  2.57753506e-02  4.71616980e-02  9.36937182e-02 -2.31910824e-17
  7.08636034e-18  1.61326930e-18]
[0.050009424063267575, 0.10022845692226129, 0.06198338147953671, 0.01303450434977879, 0.10303516402349189, 0.09739941356584696, 0.11912229577507541, 1.1543486706737719e-19, 0.11693877261894169, 0.0019232905628898912, -3.245162305743076e-17]
[0.0051890908087664145, 0.001499827094018036, 0.1768618734678304, 3.807834874074618e-18, -1.7492012619951267e-16, -1.7546135649699812e-16, 4.699614461547535e-17, -1.251851858570505e-16, 0.004995929249156144, 0.16195130409020198, 0.2963256879258255, 0.5886949933988276, -1.4571386836963442e-16]
E for cur_iter:  -0.8827829977574522
params in def finance in vqe.py:  [ 5.10827273e-02  9.22600717e-02  6.14077072e-02  1.55115188e-02
  1.05677586e-01  9.66532771e-02  1.17097384e-01 -1.60479523e-04
  1.12224064e-01  6.23054188e-03 -1.38691595e-04  2.77199951e-05
 -2.85832192e-17  2.56332707e-02  2.35056966e-05  3.45300444e-05
  8.13634056e-05 -3.78928727e-05 -1.62473130e-04 -2.91881012e-04
  2.50000000e-02  4.46591418e-02  1.01182313e-01 -8.85792413e-05
 -5.21701905e-04 -5.21701905e-04]
[0.051082727326547936, 0.09226007169725033, 0.0614077071644723, 0.015511518793373091, 0.10567758604891786, 0.09665327710532162, 0.11709738440030285, -0.00016047952292605713, 0.11222406408911674, 0.006230541884421485, -0.00013869159473730707]
[0.00017416986585172076, -1.7959366297876962e-16, 0.16105858988891994, 0.00014769064773736173, 0.00021695866741433358, 0.00051122135461421, -0.00023808794121577407, -0.00102084878346873, -0.0018339424848770045, 0.15707963267948943, 0.2806016633636982, 0.6357472244444584, -0.0005565597875867377]
E for cur_iter:  -0.8985595148790552
params in def finance in vqe.py:  [ 5.11251786e-02  8.86429743e-02  6.28709321e-02  1.34281686e-02
  9.96915605e-02  9.72498845e-02  1.19059573e-01  5.25858984e-20
  1.19352617e-01  1.69730280e-02 -3.04206895e-17  4.49349596e-04
  3.89641770e-04  2.40039379e-02  7.91417150e-19 -2.89765706e-17
 -2.75659097e-17  6.49749090e-18  5.75963764e-04  6.91178885e-19
  2.62656170e-02  4.43540682e-02  9.68763391e-02 -2.52026089e-17
  3.76119752e-18 -1.23578944e-18]
[0.051125178606431954, 0.08864297427861119, 0.06287093214647325, 0.013428168611150183, 0.099691560512491, 0.09724988449142392, 0.11905957287200036, 5.2585898415805025e-20, 0.11935261743330171, 0.016973028038848866, -3.042068946639333e-17]
[0.0028233467780386357, 0.0024481914426743275, 0.1508211902270162, 4.972620607348501e-18, -1.8206516236754007e-16, -1.7320171857756437e-16, 4.0824939376548763e-17, 0.0036188870576637764, 4.342805014610357e-18, 0.1650317388301224, 0.2786848293663231, 0.6086919903577579, -1.5835266200231807e-16]
E for cur_iter:  -0.8857728413685818
params in def finance in vqe.py:  [ 4.98111585e-02  9.22028626e-02  6.29817903e-02  1.45280844e-02
  1.01758973e-01  9.72024784e-02  1.17068543e-01 -3.20663070e-17
  1.12594507e-01  7.94622893e-03 -2.66015758e-17 -2.86941529e-17
 -2.93560054e-17  2.55748108e-02  2.32868206e-19 -2.85933508e-17
 -2.93074726e-17  2.39531950e-18 -2.98537301e-17  5.24321078e-05
  2.50000000e-02  4.48268739e-02  9.73777874e-02 -3.16590726e-17
  4.41941738e-03 -4.41941738e-03]
[0.04981115851985203, 0.0922028625543176, 0.06298179026569102, 0.014528084432236353, 0.10175897318492133, 0.09720247844711413, 0.11706854313804627, -3.2066307023089384e-17, 0.11259450708498614, 0.00794622893439318, -2.6601575807323347e-17]
[-1.8029067989430755e-16, -1.844492217305581e-16, 0.16069127566812705, 1.4631540878021202e-18, -1.7965732169168325e-16, -1.8414428151538406e-16, 1.5050236299745137e-17, -1.8757651810011299e-16, 0.00032944064945186817, 0.15707963267948938, 0.281655555694719, 0.6118426830747572, -1.9891981995950946e-16]
E for cur_iter:  -0.9064411459764573
params in def finance in vqe.py:  [ 4.63818670e-02  9.26579342e-02  6.30474715e-02  1.69752983e-02
  1.02894120e-01  9.45007699e-02  1.15727995e-01 -6.08454412e-19
  1.10296064e-01  9.14357503e-03  1.37142773e-03 -2.18068114e-17
  1.22161899e-04  2.56369917e-02  2.96410603e-18 -2.87032206e-17
 -2.57673021e-17  2.50701354e-03  3.81236724e-03  8.36449668e-04
  2.53968008e-02  4.47772033e-02  9.72309112e-02  8.58976517e-04
  6.96187785e-03  6.96187785e-03]
[0.04638186703741149, 0.09265793420552257, 0.06304747149897025, 0.016975298272025405, 0.10289411997333271, 0.09450076988402951, 0.11572799549233488, -6.084544116643752e-19, 0.11029606395246533, 0.009143575034156859, 0.0013714277300252045]
[-1.3701623713911166e-16, 0.000767565848807765, 0.1610819696251897, 1.8624027428656692e-17, -1.8034765391953737e-16, -1.6190073371638952e-16, 0.015752030622600725, 0.02395380985156595, 0.005255568264651192, 0.15957280580350525, 0.28134346601963467, 0.6109198329044608, 0.005397108633016756]
E for cur_iter:  -0.9015188572427721
params in def finance in vqe.py:  [ 5.08149869e-02  9.26481632e-02  6.28839783e-02  1.71473363e-02
  1.00674606e-01  9.72721361e-02  1.17458373e-01  1.59454748e-04
  1.12719389e-01  8.02876297e-03 -4.56038589e-04 -8.63480962e-05
 -2.95411199e-17  2.55870993e-02  4.03575748e-04  2.02285441e-04
 -1.65722872e-04 -1.71761684e-03 -1.79300969e-03  4.35952548e-03
  2.50000000e-02  4.45794072e-02  9.79249252e-02  1.93386140e-03
  4.13874743e-04  4.13874743e-04]
[0.05081498690510029, 0.0926481631672612, 0.06288397832345546, 0.01714733629673869, 0.10067460598559572, 0.09727213613674046, 0.11745837260588404, 0.00015945474780627698, 0.11271938909964721, 0.0080287629681942, -0.00045603858863962015]
[-0.0005425410894583107, -1.8561233063074917e-16, 0.1607684861637815, 0.0025357412088959494, 0.0012709969098556359, -0.0010412675130978054, -0.01079210490749503, -0.011265812170644342, 0.027391706420933446, 0.15707963267948943, 0.2801006760865936, 0.6152804510855847, 0.012150809558316466]
E for cur_iter:  -0.9074250016573617
params in def finance in vqe.py:  [ 4.12912497e-02  9.04773204e-02  6.84072557e-02  1.59031156e-02
  1.03068640e-01  9.52465285e-02  1.13562609e-01 -3.52811591e-19
  1.07759785e-01  9.15070487e-03 -3.16596107e-17  5.91072960e-04
  2.99210796e-04  2.62143877e-02  2.41860014e-18 -2.90753525e-17
 -2.57450451e-17  7.66113083e-18 -1.73676664e-17  8.20208266e-04
  2.59718831e-02  4.55579292e-02  9.54753438e-02  4.04602611e-04
  3.61882824e-18  2.25490523e-19]
[0.04129124971887707, 0.09047732037696016, 0.06840725567385747, 0.01590311562765826, 0.10306863999904758, 0.09524652847387294, 0.11356260886873196, -3.5281159114331876e-19, 0.10775978466621276, 0.009150704872479992, -3.165961071906067e-17]
[0.003713820937176041, 0.0018799968744205987, 0.1647098554555928, 1.519651286689724e-17, -1.8268582781225812e-16, -1.6176088884780912e-16, 4.8136304650539553e-17, -1.0912426633779783e-16, 0.005153520524632819, 0.1631861545991644, 0.286248911307138, 0.5998892771405839, 0.0025421931780780973]
E for cur_iter:  -0.8936458662219227
{'IIIZ': -0.0007389802430548542, 'IIZI': 0.000618927047458695, 'IZII': -0.0012772629794151058, 'ZIII': 0.00025785020171742445, 'IIZZ': 0.5034804120100986, 'IZIZ': 0.5035016658557945, 'IZZI': 0.5035002207273829, 'ZIIZ': 0.503484434448624, 'ZIZI': 0.5034716148591135, 'ZZII': 0.503467526845492}
The optimized loss func value: -0.9064411459764573

   Return from subroutine COBYLA because the MAXFUN limit has been reached.

   NFVALS =  100   F =-9.064411E-01    MAXCV = 3.212559E-17
   X = 4.981116E-02   9.220286E-02   6.298179E-02   1.452808E-02   1.017590E-01
       9.720248E-02   1.170685E-01  -3.212559E-17   1.125945E-01   7.946229E-03
      -2.940139E-17  -2.930397E-17  -2.935601E-17   2.557481E-02   0.000000E+00
      -2.921747E-17  -2.941022E-17   3.155528E-19  -2.934917E-17   5.243211E-05
       2.500000E-02   4.482687E-02   9.737779E-02  -2.703843E-17   8.499910E-19
      -3.590901E-18
