lb in gen_LC_finance:  [0. 0. 0. 0. 0. 0. 0. 0. 0. 0. 0. 0. 0. 0. 0. 0. 0. 0. 0. 0. 0. 0. 0. 0.
 0. 0. 0. 0.]
ub in gen_LC_finance:  [1. 1. 1. 1. 1. 1. 1. 1. 1. 1. 1. 1. 1. 1. 1. 1. 1. 1. 1. 1. 1. 1. 1. 1.
 1. 1. 1. 1.]
<scipy.optimize._constraints.LinearConstraint object at 0x7f18c83857f0>
params in def finance in vqe.py:  [0. 0. 0. 0. 0. 0. 0. 0. 0. 0. 0. 0. 0. 0. 0. 0. 0. 0. 0. 0. 0. 0. 0. 0.
 0. 0. 0. 0.]
[0.0, 0.0, 0.0, 0.0, 0.0, 0.0, 0.0, 0.0, 0.0, 0.0, 0.0, 0.0]
[0.0, 0.0, 0.0, 0.0, 0.0, 0.0, 0.0, 0.0, 0.0, 0.0, 0.0, 0.0, 0.0, 0.0]
E for cur_iter:  3.0197664087732115
params in def finance in vqe.py:  [0.1 0.  0.  0.  0.  0.  0.  0.  0.  0.  0.  0.  0.  0.  0.  0.  0.  0.
 0.  0.  0.  0.  0.  0.  0.  0.  0.  0. ]
[0.1, 0.0, 0.0, 0.0, 0.0, 0.0, 0.0, 0.0, 0.0, 0.0, 0.0, 0.0]
[0.0, 0.0, 0.0, 0.0, 0.0, 0.0, 0.0, 0.0, 0.0, 0.0, 0.0, 0.0, 0.0, 0.0]
E for cur_iter:  1.096986575107674
params in def finance in vqe.py:  [0.1 0.1 0.  0.  0.  0.  0.  0.  0.  0.  0.  0.  0.  0.  0.  0.  0.  0.
 0.  0.  0.  0.  0.  0.  0.  0.  0.  0. ]
[0.1, 0.1, 0.0, 0.0, 0.0, 0.0, 0.0, 0.0, 0.0, 0.0, 0.0, 0.0]
[0.0, 0.0, 0.0, 0.0, 0.0, 0.0, 0.0, 0.0, 0.0, 0.0, 0.0, 0.0, 0.0, 0.0]
E for cur_iter:  -0.007747549082135135
params in def finance in vqe.py:  [0.1 0.1 0.1 0.  0.  0.  0.  0.  0.  0.  0.  0.  0.  0.  0.  0.  0.  0.
 0.  0.  0.  0.  0.  0.  0.  0.  0.  0. ]
[0.1, 0.1, 0.1, 0.0, 0.0, 0.0, 0.0, 0.0, 0.0, 0.0, 0.0, 0.0]
[0.0, 0.0, 0.0, 0.0, 0.0, 0.0, 0.0, 0.0, 0.0, 0.0, 0.0, 0.0, 0.0, 0.0]
E for cur_iter:  -0.24450863734220565
params in def finance in vqe.py:  [0.1 0.1 0.1 0.1 0.  0.  0.  0.  0.  0.  0.  0.  0.  0.  0.  0.  0.  0.
 0.  0.  0.  0.  0.  0.  0.  0.  0.  0. ]
[0.1, 0.1, 0.1, 0.1, 0.0, 0.0, 0.0, 0.0, 0.0, 0.0, 0.0, 0.0]
[0.0, 0.0, 0.0, 0.0, 0.0, 0.0, 0.0, 0.0, 0.0, 0.0, 0.0, 0.0, 0.0, 0.0]
E for cur_iter:  -0.3675864427209645
params in def finance in vqe.py:  [0.1 0.1 0.1 0.1 0.1 0.  0.  0.  0.  0.  0.  0.  0.  0.  0.  0.  0.  0.
 0.  0.  0.  0.  0.  0.  0.  0.  0.  0. ]
[0.1, 0.1, 0.1, 0.1, 0.1, 0.0, 0.0, 0.0, 0.0, 0.0, 0.0, 0.0]
[0.0, 0.0, 0.0, 0.0, 0.0, 0.0, 0.0, 0.0, 0.0, 0.0, 0.0, 0.0, 0.0, 0.0]
E for cur_iter:  -0.3413949776268822
params in def finance in vqe.py:  [0.1 0.1 0.1 0.1 0.  0.1 0.  0.  0.  0.  0.  0.  0.  0.  0.  0.  0.  0.
 0.  0.  0.  0.  0.  0.  0.  0.  0.  0. ]
[0.1, 0.1, 0.1, 0.1, 0.0, 0.1, 0.0, 0.0, 0.0, 0.0, 0.0, 0.0]
[0.0, 0.0, 0.0, 0.0, 0.0, 0.0, 0.0, 0.0, 0.0, 0.0, 0.0, 0.0, 0.0, 0.0]
E for cur_iter:  -0.009228045404524848
params in def finance in vqe.py:  [0.1 0.1 0.1 0.1 0.  0.  0.1 0.  0.  0.  0.  0.  0.  0.  0.  0.  0.  0.
 0.  0.  0.  0.  0.  0.  0.  0.  0.  0. ]
[0.1, 0.1, 0.1, 0.1, 0.0, 0.0, 0.1, 0.0, 0.0, 0.0, 0.0, 0.0]
[0.0, 0.0, 0.0, 0.0, 0.0, 0.0, 0.0, 0.0, 0.0, 0.0, 0.0, 0.0, 0.0, 0.0]
E for cur_iter:  -0.3423783126402523
params in def finance in vqe.py:  [0.1 0.1 0.1 0.1 0.  0.  0.  0.1 0.  0.  0.  0.  0.  0.  0.  0.  0.  0.
 0.  0.  0.  0.  0.  0.  0.  0.  0.  0. ]
[0.1, 0.1, 0.1, 0.1, 0.0, 0.0, 0.0, 0.1, 0.0, 0.0, 0.0, 0.0]
[0.0, 0.0, 0.0, 0.0, 0.0, 0.0, 0.0, 0.0, 0.0, 0.0, 0.0, 0.0, 0.0, 0.0]
E for cur_iter:  -0.3423783126402523
params in def finance in vqe.py:  [0.1 0.1 0.1 0.1 0.  0.  0.  0.  0.1 0.  0.  0.  0.  0.  0.  0.  0.  0.
 0.  0.  0.  0.  0.  0.  0.  0.  0.  0. ]
[0.1, 0.1, 0.1, 0.1, 0.0, 0.0, 0.0, 0.0, 0.1, 0.0, 0.0, 0.0]
[0.0, 0.0, 0.0, 0.0, 0.0, 0.0, 0.0, 0.0, 0.0, 0.0, 0.0, 0.0, 0.0, 0.0]
E for cur_iter:  -0.3606029758936421
params in def finance in vqe.py:  [0.1 0.1 0.1 0.1 0.  0.  0.  0.  0.  0.1 0.  0.  0.  0.  0.  0.  0.  0.
 0.  0.  0.  0.  0.  0.  0.  0.  0.  0. ]
[0.1, 0.1, 0.1, 0.1, 0.0, 0.0, 0.0, 0.0, 0.0, 0.1, 0.0, 0.0]
[0.0, 0.0, 0.0, 0.0, 0.0, 0.0, 0.0, 0.0, 0.0, 0.0, 0.0, 0.0, 0.0, 0.0]
E for cur_iter:  -0.3886481364435531
params in def finance in vqe.py:  [0.1 0.1 0.1 0.1 0.  0.  0.  0.  0.  0.1 0.1 0.  0.  0.  0.  0.  0.  0.
 0.  0.  0.  0.  0.  0.  0.  0.  0.  0. ]
[0.1, 0.1, 0.1, 0.1, 0.0, 0.0, 0.0, 0.0, 0.0, 0.1, 0.1, 0.0]
[0.0, 0.0, 0.0, 0.0, 0.0, 0.0, 0.0, 0.0, 0.0, 0.0, 0.0, 0.0, 0.0, 0.0]
E for cur_iter:  -0.37782530391742475
params in def finance in vqe.py:  [0.1 0.1 0.1 0.1 0.  0.  0.  0.  0.  0.1 0.  0.1 0.  0.  0.  0.  0.  0.
 0.  0.  0.  0.  0.  0.  0.  0.  0.  0. ]
[0.1, 0.1, 0.1, 0.1, 0.0, 0.0, 0.0, 0.0, 0.0, 0.1, 0.0, 0.1]
[0.0, 0.0, 0.0, 0.0, 0.0, 0.0, 0.0, 0.0, 0.0, 0.0, 0.0, 0.0, 0.0, 0.0]
E for cur_iter:  -0.5017652842288728
params in def finance in vqe.py:  [0.1 0.1 0.1 0.1 0.  0.  0.  0.  0.  0.1 0.  0.1 0.1 0.  0.  0.  0.  0.
 0.  0.  0.  0.  0.  0.  0.  0.  0.  0. ]
[0.1, 0.1, 0.1, 0.1, 0.0, 0.0, 0.0, 0.0, 0.0, 0.1, 0.0, 0.1]
[0.6283185307179586, 0.0, 0.0, 0.0, 0.0, 0.0, 0.0, 0.0, 0.0, 0.0, 0.0, 0.0, 0.0, 0.0]
E for cur_iter:  -0.49103499710202336
params in def finance in vqe.py:  [0.1 0.1 0.1 0.1 0.  0.  0.  0.  0.  0.1 0.  0.1 0.  0.1 0.  0.  0.  0.
 0.  0.  0.  0.  0.  0.  0.  0.  0.  0. ]
[0.1, 0.1, 0.1, 0.1, 0.0, 0.0, 0.0, 0.0, 0.0, 0.1, 0.0, 0.1]
[0.0, 0.6283185307179586, 0.0, 0.0, 0.0, 0.0, 0.0, 0.0, 0.0, 0.0, 0.0, 0.0, 0.0, 0.0]
E for cur_iter:  -0.37682380644104435
params in def finance in vqe.py:  [0.1 0.1 0.1 0.1 0.  0.  0.  0.  0.  0.1 0.  0.1 0.  0.  0.1 0.  0.  0.
 0.  0.  0.  0.  0.  0.  0.  0.  0.  0. ]
[0.1, 0.1, 0.1, 0.1, 0.0, 0.0, 0.0, 0.0, 0.0, 0.1, 0.0, 0.1]
[0.0, 0.0, 0.6283185307179586, 0.0, 0.0, 0.0, 0.0, 0.0, 0.0, 0.0, 0.0, 0.0, 0.0, 0.0]
E for cur_iter:  -0.5017652842288728
params in def finance in vqe.py:  [0.1 0.1 0.1 0.1 0.  0.  0.  0.  0.  0.1 0.  0.1 0.  0.  0.  0.1 0.  0.
 0.  0.  0.  0.  0.  0.  0.  0.  0.  0. ]
[0.1, 0.1, 0.1, 0.1, 0.0, 0.0, 0.0, 0.0, 0.0, 0.1, 0.0, 0.1]
[0.0, 0.0, 0.0, 0.6283185307179586, 0.0, 0.0, 0.0, 0.0, 0.0, 0.0, 0.0, 0.0, 0.0, 0.0]
E for cur_iter:  -0.49494067338266123
params in def finance in vqe.py:  [0.1 0.1 0.1 0.1 0.  0.  0.  0.  0.  0.1 0.  0.1 0.  0.  0.  0.  0.1 0.
 0.  0.  0.  0.  0.  0.  0.  0.  0.  0. ]
[0.1, 0.1, 0.1, 0.1, 0.0, 0.0, 0.0, 0.0, 0.0, 0.1, 0.0, 0.1]
[0.0, 0.0, 0.0, 0.0, 0.6283185307179586, 0.0, 0.0, 0.0, 0.0, 0.0, 0.0, 0.0, 0.0, 0.0]
E for cur_iter:  -0.41027231852589974
params in def finance in vqe.py:  [0.1 0.1 0.1 0.1 0.  0.  0.  0.  0.  0.1 0.  0.1 0.  0.  0.  0.  0.  0.1
 0.  0.  0.  0.  0.  0.  0.  0.  0.  0. ]
[0.1, 0.1, 0.1, 0.1, 0.0, 0.0, 0.0, 0.0, 0.0, 0.1, 0.0, 0.1]
[0.0, 0.0, 0.0, 0.0, 0.0, 0.6283185307179586, 0.0, 0.0, 0.0, 0.0, 0.0, 0.0, 0.0, 0.0]
E for cur_iter:  -0.5017652842288728
params in def finance in vqe.py:  [0.1 0.1 0.1 0.1 0.  0.  0.  0.  0.  0.1 0.  0.1 0.  0.  0.  0.  0.  0.
 0.1 0.  0.  0.  0.  0.  0.  0.  0.  0. ]
[0.1, 0.1, 0.1, 0.1, 0.0, 0.0, 0.0, 0.0, 0.0, 0.1, 0.0, 0.1]
[0.0, 0.0, 0.0, 0.0, 0.0, 0.0, 0.6283185307179586, 0.0, 0.0, 0.0, 0.0, 0.0, 0.0, 0.0]
E for cur_iter:  -0.5017652842288728
params in def finance in vqe.py:  [0.1 0.1 0.1 0.1 0.  0.  0.  0.  0.  0.1 0.  0.1 0.  0.  0.  0.  0.  0.
 0.  0.1 0.  0.  0.  0.  0.  0.  0.  0. ]
[0.1, 0.1, 0.1, 0.1, 0.0, 0.0, 0.0, 0.0, 0.0, 0.1, 0.0, 0.1]
[0.0, 0.0, 0.0, 0.0, 0.0, 0.0, 0.0, 0.6283185307179586, 0.0, 0.0, 0.0, 0.0, 0.0, 0.0]
E for cur_iter:  -0.5017652842288728
params in def finance in vqe.py:  [0.1 0.1 0.1 0.1 0.  0.  0.  0.  0.  0.1 0.  0.1 0.  0.  0.  0.  0.  0.
 0.  0.  0.1 0.  0.  0.  0.  0.  0.  0. ]
[0.1, 0.1, 0.1, 0.1, 0.0, 0.0, 0.0, 0.0, 0.0, 0.1, 0.0, 0.1]
[0.0, 0.0, 0.0, 0.0, 0.0, 0.0, 0.0, 0.0, 0.6283185307179586, 0.0, 0.0, 0.0, 0.0, 0.0]
E for cur_iter:  -0.5017652842288728
params in def finance in vqe.py:  [0.1 0.1 0.1 0.1 0.  0.  0.  0.  0.  0.1 0.  0.1 0.  0.  0.  0.  0.  0.
 0.  0.  0.  0.1 0.  0.  0.  0.  0.  0. ]
[0.1, 0.1, 0.1, 0.1, 0.0, 0.0, 0.0, 0.0, 0.0, 0.1, 0.0, 0.1]
[0.0, 0.0, 0.0, 0.0, 0.0, 0.0, 0.0, 0.0, 0.0, 0.6283185307179586, 0.0, 0.0, 0.0, 0.0]
E for cur_iter:  -0.5017652842288728
params in def finance in vqe.py:  [0.1 0.1 0.1 0.1 0.  0.  0.  0.  0.  0.1 0.  0.1 0.  0.  0.  0.  0.  0.
 0.  0.  0.  0.  0.1 0.  0.  0.  0.  0. ]
[0.1, 0.1, 0.1, 0.1, 0.0, 0.0, 0.0, 0.0, 0.0, 0.1, 0.0, 0.1]
[0.0, 0.0, 0.0, 0.0, 0.0, 0.0, 0.0, 0.0, 0.0, 0.0, 0.6283185307179586, 0.0, 0.0, 0.0]
E for cur_iter:  -0.396801801692899
params in def finance in vqe.py:  [0.1 0.1 0.1 0.1 0.  0.  0.  0.  0.  0.1 0.  0.1 0.  0.  0.  0.  0.  0.
 0.  0.  0.  0.  0.  0.1 0.  0.  0.  0. ]
[0.1, 0.1, 0.1, 0.1, 0.0, 0.0, 0.0, 0.0, 0.0, 0.1, 0.0, 0.1]
[0.0, 0.0, 0.0, 0.0, 0.0, 0.0, 0.0, 0.0, 0.0, 0.0, 0.0, 0.6283185307179586, 0.0, 0.0]
E for cur_iter:  -0.5017652842288728
params in def finance in vqe.py:  [0.1 0.1 0.1 0.1 0.  0.  0.  0.  0.  0.1 0.  0.1 0.  0.  0.  0.  0.  0.
 0.  0.  0.  0.  0.  0.  0.1 0.  0.  0. ]
[0.1, 0.1, 0.1, 0.1, 0.0, 0.0, 0.0, 0.0, 0.0, 0.1, 0.0, 0.1]
[0.0, 0.0, 0.0, 0.0, 0.0, 0.0, 0.0, 0.0, 0.0, 0.0, 0.0, 0.0, 0.6283185307179586, 0.0]
E for cur_iter:  -0.49301639538346775
params in def finance in vqe.py:  [0.1 0.1 0.1 0.1 0.  0.  0.  0.  0.  0.1 0.  0.1 0.  0.  0.  0.  0.  0.
 0.  0.  0.  0.  0.  0.  0.  0.1 0.  0. ]
[0.1, 0.1, 0.1, 0.1, 0.0, 0.0, 0.0, 0.0, 0.0, 0.1, 0.0, 0.1]
[0.0, 0.0, 0.0, 0.0, 0.0, 0.0, 0.0, 0.0, 0.0, 0.0, 0.0, 0.0, 0.0, 0.6283185307179586]
E for cur_iter:  -0.5017652842288728
params in def finance in vqe.py:  [0.1 0.1 0.1 0.1 0.  0.  0.  0.  0.  0.1 0.  0.1 0.  0.  0.  0.  0.  0.
 0.  0.  0.  0.  0.  0.  0.  0.  0.1 0. ]
[0.1, 0.1, 0.1, 0.1, 0.0, 0.0, 0.0, 0.0, 0.0, 0.1, 0.0, 0.1]
[0.0, 0.0, 0.0, 0.0, 0.0, 0.0, 0.0, 0.0, 0.0, 0.0, 0.0, 0.0, 0.0, 0.0]
E for cur_iter:  -0.5017652842288728
params in def finance in vqe.py:  [0.1 0.1 0.1 0.1 0.  0.  0.  0.  0.  0.1 0.  0.1 0.  0.  0.  0.  0.  0.
 0.  0.  0.  0.  0.  0.  0.  0.  0.  0.1]
[0.1, 0.1, 0.1, 0.1, 0.0, 0.0, 0.0, 0.0, 0.0, 0.1, 0.0, 0.1]
[0.0, 0.0, 0.0, 0.0, 0.0, 0.0, 0.0, 0.0, 0.0, 0.0, 0.0, 0.0, 0.0, 0.0]
E for cur_iter:  -0.5017652842288728
params in def finance in vqe.py:  [ 1.85972455e-01  1.49395517e-01  1.10586200e-01  1.05503127e-01
 -2.75959282e-20  1.96309061e-18  1.03116735e-19  2.81106307e-19
  1.00276193e-19  1.00941723e-01  0.00000000e+00  1.05057760e-01
 -7.14557231e-20  2.66121158e-18  0.00000000e+00  1.02884379e-20
 -9.67642425e-19  0.00000000e+00  0.00000000e+00  0.00000000e+00
  0.00000000e+00  0.00000000e+00 -1.12466145e-21  0.00000000e+00
  8.67361738e-20  0.00000000e+00  0.00000000e+00  0.00000000e+00]
[0.185972455112491, 0.14939551748994806, 0.1105862000820028, 0.10550312672985411, -2.7595928194962976e-20, 1.963090614501943e-18, 1.031167352789006e-19, 2.811063073560228e-19, 1.0027619296251493e-19, 0.10094172275288865, 0.0, 0.10505775998902953]
[-4.489695497359496e-19, 1.672088547433327e-17, 0.0, 6.464416168607263e-20, -6.07987666493531e-18, 0.0, 0.0, 0.0, 0.0, 0.0, -7.066456326709358e-21, 0.0, 5.449794528138487e-19, 0.0]
E for cur_iter:  -0.19164821626022105
params in def finance in vqe.py:  [0.07509109 0.14335373 0.1        0.1        0.         0.
 0.         0.         0.         0.1        0.         0.1
 0.         0.         0.         0.         0.         0.
 0.         0.         0.         0.         0.         0.
 0.         0.         0.         0.        ]
[0.0750910904268671, 0.14335373367862897, 0.1, 0.1, 0.0, 0.0, 0.0, 0.0, 0.0, 0.1, 0.0, 0.1]
[0.0, 0.0, 0.0, 0.0, 0.0, 0.0, 0.0, 0.0, 0.0, 0.0, 0.0, 0.0, 0.0, 0.0]
E for cur_iter:  -0.7842374378393682
params in def finance in vqe.py:  [-2.77555756e-17  1.91898654e-01  1.36480025e-01  1.18963764e-01
  1.35814073e-19  5.23885318e-18  5.20905082e-19  1.19815456e-18
  3.34590666e-20  1.03245175e-01 -1.67272138e-19  1.17429031e-01
 -1.87445711e-20  1.53793653e-18  0.00000000e+00  2.45063602e-19
 -2.10901228e-18  0.00000000e+00  0.00000000e+00  0.00000000e+00
  0.00000000e+00  0.00000000e+00  6.02644605e-18  0.00000000e+00
  0.00000000e+00  0.00000000e+00  0.00000000e+00  0.00000000e+00]
[-2.7755575615628914e-17, 0.19189865423126393, 0.13648002472576354, 0.11896376392085986, 1.358140733663637e-19, 5.238853176962041e-18, 5.209050820817363e-19, 1.1981545558213155e-18, 3.3459066649392264e-20, 0.10324517475997794, -1.6727213841998303e-19, 0.11742903100522811]
[-1.1777561342934037e-19, 9.663140230074609e-18, 0.0, 1.5397800235851236e-18, -1.325131496611875e-17, 0.0, 0.0, 0.0, 0.0, 0.0, 3.7865277277982986e-17, 0.0, 0.0, 0.0]
E for cur_iter:  -0.6993742069531207
params in def finance in vqe.py:  [0.07644816 0.16573202 0.07748778 0.1        0.         0.
 0.         0.         0.         0.1        0.         0.09063621
 0.00936379 0.00936379 0.00936379 0.00936379 0.00936379 0.00936379
 0.00936379 0.00936379 0.00936379 0.00936379 0.00936379 0.00936379
 0.00936379 0.00936379 0.00936379 0.00936379]
[0.07644816186228885, 0.16573202306452828, 0.07748777621253013, 0.1, 0.0, 0.0, 0.0, 0.0, 0.0, 0.1, 0.0, 0.09063620771449635]
[0.058834442107758164, 0.058834442107758164, 0.058834442107758164, 0.058834442107758164, 0.058834442107758164, 0.058834442107758164, 0.058834442107758164, 0.058834442107758164, 0.058834442107758164, 0.058834442107758164, 0.058834442107758164, 0.058834442107758164, 0.058834442107758164, 0.058834442107758164]
E for cur_iter:  -0.6534961045842078
params in def finance in vqe.py:  [ 4.30316730e-02  1.36830545e-01  9.09654707e-03  1.09103395e-01
 -3.14394755e-19  5.97751011e-18  4.88528637e-20 -1.45565941e-19
  7.08409764e-20  1.01557819e-01  4.77681266e-20  1.24101980e-01
 -1.83485194e-18  1.48777378e-18 -3.28856930e-18  1.11014948e-18
 -2.34786430e-18  1.59029053e-18  4.19744637e-19  1.51131814e-18
  1.55965765e-18  3.23113870e-18 -1.72485890e-18 -5.33526762e-18
  2.76964478e-18  1.57971742e-20 -1.20990638e-18 -2.77555756e-18]
[0.04303167298261026, 0.13683054543438752, 0.009096547069164407, 0.10910339466532441, -3.143947548035001e-19, 5.977510106050667e-18, 4.885286366012148e-20, -1.455659408584021e-19, 7.084097642362417e-20, 0.10155781872846101, 4.7768126598978944e-20, 0.12410197958452848]
[-1.1528714779875593e-17, 9.347958345006445e-18, -2.0662690313250597e-17, 6.97527488846431e-18, -1.4752066443792815e-17, 9.992090090191758e-18, 2.6373333381315416e-18, 9.495891960780536e-18, 9.799618039277288e-18, 2.030184322760891e-17, -1.0837608079173674e-17, -3.352247514489993e-17, 1.7402191362183034e-17, 9.925657303565834e-20]
E for cur_iter:  -0.2825002675977786
params in def finance in vqe.py:  [ 6.96150580e-02  1.47506397e-01  1.04654414e-01  5.07405380e-02
  1.70950817e-19 -4.23115695e-19 -8.46168077e-20 -7.71269405e-20
 -1.92863580e-20  1.00281803e-01 -6.72237655e-22  1.02128586e-01
  1.95234243e-19  9.38023406e-19  2.86485718e-19 -1.42463473e-18
 -1.80690486e-18  1.12674608e-19 -1.23379747e-18  1.00921926e-19
  8.63434763e-20 -6.21443916e-20  1.73563084e-18  6.81875073e-20
  5.33797184e-20 -4.31812688e-20  1.60605779e-19  2.60208521e-19]
[0.06961505800432453, 0.14750639655298453, 0.1046544139523304, 0.05074053796814304, 1.7095081654655232e-19, -4.2311569533387647e-19, -8.461680771452301e-20, -7.712694053937299e-20, -1.9286358006242208e-20, 0.10028180308993828, -6.722376552901961e-22, 0.10212858593204682]
[1.2266929274351478e-18, 5.8937748840832964e-18, 1.8000428545281044e-18, -8.951243973756766e-18, -1.1353118065037316e-17, 7.079554444855991e-19, -7.752178133063878e-18, 6.341111629554429e-19, 5.425120615466617e-19, -3.904647282221076e-19, 1.0905290184797393e-17, 4.2843474428519694e-19, 3.3539466244252365e-19, -2.7131591364546905e-19]
E for cur_iter:  -0.6994431226829274
params in def finance in vqe.py:  [ 7.50910904e-02  1.43353734e-01  1.00000000e-01  1.00000000e-01
 -2.50000000e-02  0.00000000e+00  0.00000000e+00  0.00000000e+00
  0.00000000e+00  1.00000000e-01  0.00000000e+00  1.00000000e-01
  1.00451237e-20  1.00451237e-20  1.00451237e-20  1.00451237e-20
  1.00451237e-20  1.00451237e-20  1.00451237e-20  1.00451237e-20
  1.00451237e-20  1.00451237e-20  1.00451237e-20  1.00451237e-20
  1.00451237e-20  1.00451237e-20  1.00451237e-20  1.00451237e-20]
[0.0750910904268671, 0.14335373367862897, 0.1, 0.1, -0.025000000000000005, 0.0, 0.0, 0.0, 0.0, 0.1, 0.0, 0.1]
[6.311537391840799e-20, 6.311537391840799e-20, 6.311537391840799e-20, 6.311537391840799e-20, 6.311537391840799e-20, 6.311537391840799e-20, 6.311537391840799e-20, 6.311537391840799e-20, 6.311537391840799e-20, 6.311537391840799e-20, 6.311537391840799e-20, 6.311537391840799e-20, 6.311537391840799e-20, 6.311537391840799e-20]
E for cur_iter:  -0.6646765535583501
params in def finance in vqe.py:  [ 1.07437900e-01  1.73756670e-01  1.09697938e-01  1.06573497e-01
  1.74560499e-02 -2.71407818e-18  1.22453792e-19  2.30143729e-19
 -2.96139847e-20  1.00768759e-01  1.38321918e-20  1.09315572e-01
 -6.84192901e-19  1.07463778e-18  9.29499327e-20 -3.03067497e-19
  1.87860284e-18  1.67302613e-18  1.06623725e-19  1.12960277e-18
  1.18933768e-18  6.65512110e-19  1.58503065e-18 -1.24638137e-18
  1.97782668e-18 -3.71111518e-19  1.38779634e-18 -1.38777878e-18]
[0.10743789964375686, 0.17375666961814196, 0.10969793814593037, 0.10657349692686614, 0.017456049939023614, -2.7140781787879024e-18, 1.224537922176533e-19, 2.3014372905990953e-19, -2.961398466348255e-20, 0.10076875890395262, 1.383219179739103e-20, 0.10931557211813117]
[-4.298910783614338e-18, 6.752148292964579e-18, 5.84021651213798e-19, -1.9042292466024995e-18, 1.1803609764746197e-17, 1.0511933185921653e-17, 6.69936619534785e-19, 7.097503527978758e-18, 7.472829025306017e-18, 4.181535912791427e-18, 9.95904127447645e-18, -7.831245092374185e-18, 1.2427051533545916e-17, -2.3317624367028837e-18]
E for cur_iter:  -0.7506015256824425
params in def finance in vqe.py:  [ 7.50910904e-02  1.43353734e-01  1.00000000e-01  1.00000000e-01
 -1.02615318e-36 -2.50000000e-02  0.00000000e+00  0.00000000e+00
  0.00000000e+00  1.00000000e-01  2.11739062e-18  1.00000000e-01
  1.81025727e-19  1.81025727e-19  1.81025727e-19  1.81025727e-19
  1.81025727e-19  1.81025727e-19  1.81025727e-19  1.81025727e-19
  1.81025727e-19  1.81025727e-19  1.81025727e-19  1.81025727e-19
  1.81025727e-19  1.81025727e-19  1.81025727e-19  1.81025727e-19]
[0.0750910904268671, 0.14335373367862897, 0.1, 0.1, -1.0261531783556579e-36, -0.025000000000000005, 0.0, 0.0, 0.0, 0.1, 2.1173906184968165e-18, 0.1]
[1.1374181858427867e-18, 1.1374181858427867e-18, 1.1374181858427867e-18, 1.1374181858427867e-18, 1.1374181858427867e-18, 1.1374181858427867e-18, 1.1374181858427867e-18, 1.1374181858427867e-18, 1.1374181858427867e-18, 1.1374181858427867e-18, 1.1374181858427867e-18, 1.1374181858427867e-18, 1.1374181858427867e-18, 1.1374181858427867e-18]
E for cur_iter:  -0.7507823823212407
params in def finance in vqe.py:  [ 7.41225395e-02  1.45998251e-01  1.01537527e-01  1.02118068e-01
  7.80628356e-03  2.18432351e-03  1.34974787e-19 -6.65278162e-20
  2.09739625e-20  1.37382639e-01 -5.49579944e-19  6.80305276e-02
 -3.62187670e-21  2.83261052e-18 -2.35843897e-18  2.68899127e-18
 -8.90819735e-19  5.55781596e-18  1.78786246e-18  3.46205623e-18
  2.56461217e-18  2.55315551e-18  6.89406575e-18  3.25517797e-19
  2.05444829e-18  6.23802352e-18 -1.37463785e-18  2.08166817e-18]
[0.07412253950558252, 0.14599825105641276, 0.10153752687307266, 0.10211806834285471, 0.0078062835587051835, 0.0021843235052769585, 1.3497478703413143e-19, -6.652781617915731e-20, 2.0973962542633674e-20, 0.13738263947778642, -5.495799436798563e-19, 0.0680305275604948]
[-2.2756922442131245e-20, 1.7797816817875534e-17, -1.4818509099116396e-17, 1.689543043319778e-17, -5.5971854714199946e-18, 3.492078760982927e-17, 1.1233471153166463e-17, 2.1752740836698218e-17, 1.611393350928496e-17, 1.604194921336234e-17, 4.33166926061858e-17, 2.045288640837974e-18, 1.2908479285050708e-17, 3.9194657700247264e-17]
E for cur_iter:  -0.8676508878371363
params in def finance in vqe.py:  [ 7.41225395e-02  1.45998251e-01  1.01537527e-01  1.02118068e-01
  7.80628356e-03  2.18432351e-03 -2.50000000e-02  4.63151774e-19
  5.50653553e-19  1.37382639e-01 -2.97646284e-19  6.80305276e-02
  1.77683708e-20  2.85400077e-18 -2.33704872e-18  2.71038152e-18
 -8.69429488e-19  5.57920621e-18  1.80925271e-18  3.48344648e-18
  2.58600242e-18  2.57454576e-18  6.91545599e-18  3.46908045e-19
  2.07583853e-18  6.25941376e-18 -1.35324760e-18  2.10305842e-18]
[0.07412253950558252, 0.14599825105641276, 0.10153752687307266, 0.10211806834285471, 0.0078062835587051835, 0.0021843235052769585, -0.025000000000000005, 4.63151774002884e-19, 5.50653552724675e-19, 0.13738263947778642, -2.9764628420872027e-19, 0.0680305275604948]
[1.1164196648568852e-19, 1.7932215706803352e-17, -1.4684110210188576e-17, 1.70298293221256e-17, -5.4627865824921736e-18, 3.5055186498757094e-17, 1.1367870042094282e-17, 2.188713972562604e-17, 1.624833239821278e-17, 1.617634810229016e-17, 4.345109149511361e-17, 2.179687529765794e-18, 1.3042878173978527e-17, 3.9329056589175085e-17]
E for cur_iter:  -0.7312951022388521
params in def finance in vqe.py:  [ 7.18111710e-02  1.50197402e-01  1.04487626e-01  1.05103833e-01
  1.84756501e-02  5.16978361e-03  1.21681089e-02 -2.41641194e-18
 -6.39040649e-18  1.08105535e-01  2.63449494e-18  3.15415326e-02
 -1.96016702e-18  3.85862539e-18 -1.56384968e-18  1.27648355e-18
 -1.36145081e-18  5.25254522e-18  5.15783075e-21  6.93170402e-18
  3.32019359e-18  3.77412814e-18  1.28275084e-17 -3.49365565e-18
  8.89374895e-19  1.29071276e-17  1.43534832e-18  2.29892209e-18]
[0.07181117102436635, 0.15019740218009026, 0.10448762572540682, 0.10510383320008966, 0.01847565008637809, 0.005169783605150238, 0.01216810885487781, -2.4164119408723807e-18, -6.3904064943823e-18, 0.10810553494160548, 2.6344949391193298e-18, 0.03154153259863085]
[-1.2316092646407501e-17, 2.4244458357365225e-17, -9.825957358180304e-18, 8.02038265574932e-18, -8.554247712710686e-18, 3.300271494021358e-17, 3.2407606382389016e-20, 4.3553180844849193e-17, 2.086139156615254e-17, 2.371354648176532e-17, 8.059761205836135e-17, -2.195128586350192e-17, 5.5881072699211255e-18, 8.109787459612098e-17]
E for cur_iter:  -0.3696935388149624
params in def finance in vqe.py:  [ 7.41225395e-02  1.45998251e-01  1.01537527e-01  1.02118068e-01
  7.80628356e-03  2.18432351e-03  6.64654377e-19  2.50000000e-02
 -1.61585063e-18  1.37382639e-01 -1.48283013e-18  6.80305276e-02
 -5.06593153e-20  2.78557308e-18 -2.40547641e-18  2.64195383e-18
 -9.37857174e-19  5.51077853e-18  1.74082502e-18  3.41501879e-18
  2.51757473e-18  2.50611808e-18  6.84702831e-18  2.78480359e-19
  2.00741085e-18  6.19098608e-18 -1.42167529e-18  2.03463073e-18]
[0.07412253950558252, 0.14599825105641276, 0.10153752687307266, 0.10211806834285471, 0.0078062835587051835, 0.0021843235052769585, 6.646543772161728e-19, 0.025000000000000005, -1.6158506308987375e-18, 0.13738263947778642, -1.4828301255398313e-18, 0.0680305275604948]
[-3.183018654276172e-19, 1.7502271874890048e-17, -1.511405404210188e-17, 1.6599885490212295e-17, -5.89273041440548e-18, 3.4625242666843787e-17, 1.0937926210180977e-17, 2.1457195893712732e-17, 1.5818388566299475e-17, 1.5746404270376854e-17, 4.302114766320031e-17, 1.7497436978524884e-18, 1.2612934342065224e-17, 3.889911275726178e-17]
E for cur_iter:  -0.8676461595946079
params in def finance in vqe.py:  [ 6.89128593e-02  1.46174452e-01  7.48887710e-02  1.04436963e-01
  1.72210286e-02  4.81872037e-03  1.07372488e-02 -2.35831192e-18
  2.83838961e-02  1.55343387e-01  1.07621888e-02  8.54193175e-02
  3.04684687e-19 -4.03296865e-18 -3.40505498e-18  4.97531024e-18
 -5.91007427e-18 -2.74900913e-18 -3.24860377e-18  2.77371816e-18
 -4.32289924e-19 -1.28492671e-18  5.36026958e-18  3.21953356e-18
 -4.36860923e-18 -9.70657424e-19 -1.41830974e-18 -2.56512245e-18]
[0.06891285925344835, 0.146174452476287, 0.07488877103941391, 0.10443696329137692, 0.017221028628677845, 0.004818720372605569, 0.010737248791221177, -2.3583119174345154e-18, 0.028383896134856035, 0.15534338711579343, 0.010762188787556132, 0.08541931754901039]
[1.9143903508731367e-18, -2.5339889359955844e-17, -2.139459144414912e-17, 3.1260796198754776e-17, -3.7134091839343156e-17, -1.7272533778362558e-17, -2.041157949424914e-17, 1.742778518245339e-17, -2.7161576961208014e-18, -8.0734326552807e-18, 3.367956709856523e-17, 2.0228925986739213e-17, -2.744878130058715e-17, -6.098820465548671e-18]
E for cur_iter:  -0.9314869487981474
params in def finance in vqe.py:  [ 6.89128593e-02  1.46174452e-01  7.48887710e-02  1.04436963e-01
  1.72210286e-02  4.81872037e-03  1.07372488e-02 -2.06599606e-18
  1.95205043e-02  1.55343387e-01  3.41382510e-02  8.54193175e-02
  2.79931817e-19 -4.05772152e-18 -3.42980785e-18  4.95055737e-18
 -5.93482714e-18 -2.77376200e-18 -3.27335664e-18  2.74896529e-18
 -4.57042794e-19 -1.30967959e-18  5.33551671e-18  3.19478069e-18
 -4.39336210e-18 -9.95410295e-19 -1.44306261e-18 -2.58987532e-18]
[0.06891285925344835, 0.146174452476287, 0.07488877103941391, 0.10443696329137692, 0.017221028628677845, 0.004818720372605571, 0.010737248791221177, -2.065996057741996e-18, 0.019520504252562992, 0.15534338711579343, 0.03413825099531264, 0.08541931754901039]
[1.758863478789792e-18, -2.5495416232039188e-17, -2.1550118316232466e-17, 3.110526932667143e-17, -3.72896187114265e-17, -1.7428060650445902e-17, -2.0567106366332484e-17, 1.7272258310370047e-17, -2.871684568204146e-18, -8.228959527364046e-18, 3.3524040226481886e-17, 2.007339911465587e-17, -2.7604308172670494e-17, -6.254347337632016e-18]
E for cur_iter:  -0.9305020959299104
params in def finance in vqe.py:  [ 6.37031790e-02  1.46350654e-01  4.82400152e-02  1.06755858e-01
  2.66357737e-02  7.45311724e-03  2.14744976e-02 -5.90995659e-18
  2.42861287e-17  1.73304135e-01  1.73472348e-18  1.02808108e-01
 -5.01494070e-18 -6.64918591e-18 -9.00405544e-18 -1.76681469e-19
 -8.91102275e-18 -7.04653165e-18 -8.94965251e-18 -2.18589673e-18
 -9.23832387e-18 -5.33108169e-18 -2.80077950e-18 -3.25699119e-18
 -1.10697028e-17 -6.14851072e-18 -4.49444967e-18 -7.77488580e-18]
[0.0637031790013142, 0.14635065389616123, 0.04824001520575516, 0.10675585823989912, 0.026635773698650507, 0.007453117239934175, 0.021474497582442346, -5.909956588650837e-18, 2.42861286636753e-17, 0.1733041347538005, 1.734723475976807e-18, 0.10280810753752599]
[-3.150980169413609e-17, -4.177806721251505e-17, -5.657414882798018e-17, -1.1101224089777114e-18, -5.598960721318936e-17, -4.427466412049023e-17, -5.623232515819174e-17, -1.3734394198406599e-17, -5.804610077153538e-17, -3.349617413705241e-17, -1.7597816581682263e-17, -2.0464279178961332e-17, -6.95529939383471e-17, -3.863223219302379e-17]
E for cur_iter:  -0.861821658831352
params in def finance in vqe.py:  [ 6.65147721e-02  1.48199731e-01  7.57574458e-02  1.04975272e-01
  1.72210286e-02  4.81872037e-03  1.07372488e-02 -2.70540427e-18
  2.83838961e-02  1.55435505e-01  1.07621888e-02  8.58446596e-02
 -2.41093932e-02  1.47537136e-03  1.47537136e-03  1.47537136e-03
  1.47537136e-03  1.47537136e-03  1.47537136e-03  1.47537136e-03
  1.47537136e-03  1.47537136e-03  1.47537136e-03  1.47537136e-03
  1.47537136e-03  1.47537136e-03  1.47537136e-03  1.47537136e-03]
[0.06651477205231571, 0.1481997312936888, 0.0757574457526158, 0.10497527228314105, 0.017221028628677845, 0.004818720372605569, 0.010737248791221175, -2.7054042744095413e-18, 0.02838389613485604, 0.15543550526071614, 0.010762188787556134, 0.08584465956777]
[-0.15148378505134716, 0.00927003163394801, 0.009270031633948014, 0.009270031633948067, 0.009270031633948, 0.009270031633948019, 0.009270031633948015, 0.009270031633948054, 0.009270031633948033, 0.009270031633948028, 0.00927003163394807, 0.009270031633948057, 0.009270031633948008, 0.009270031633948031]
E for cur_iter:  -0.7920472705905945
params in def finance in vqe.py:  [ 4.52222015e-02  1.49538459e-01  1.05077939e-01  1.13202834e-01
  2.33642466e-02  6.53769142e-03  1.77434140e-02 -5.90994722e-18
  3.10429874e-02  1.68304090e-01  1.17163053e-02  1.01869173e-01
  1.48514259e-02  2.12612594e-03  3.73104618e-03  3.64338148e-03
  2.55578464e-03  3.73104618e-03  3.73104618e-03  3.73104618e-03
  3.73104618e-03  3.73104618e-03  2.38275079e-03  3.73104618e-03
  3.61866341e-03  3.73104618e-03  3.73104618e-03  3.73104618e-03]
[0.04522220151622023, 0.1495384594884179, 0.10507793943783153, 0.11320283380419738, 0.023364246606850235, 0.006537691420332636, 0.017743414047964666, -5.909947218517788e-18, 0.031042987365311137, 0.16830408978229744, 0.01171630530658106, 0.10186917323158798]
[0.09331426092541004, 0.013358843240502783, 0.023442854514109577, 0.022892041013823985, 0.0160584685284463, 0.023442854514109577, 0.02344285451410957, 0.023442854514109605, 0.023442854514109573, 0.023442854514109573, 0.014971264775054187, 0.023442854514109598, 0.022736732773670276, 0.023442854514109608]
E for cur_iter:  -0.777362371053349
params in def finance in vqe.py:  [ 6.77391295e-02  1.48498257e-01  7.47026046e-02  9.98294846e-02
  1.72210286e-02  4.81872037e-03  1.07372488e-02 -2.42350171e-18
  2.83838961e-02  1.55361714e-01  1.07621888e-02  8.53543203e-02
 -1.50314385e-04 -2.39432285e-02  1.29981943e-03  1.29981943e-03
  1.29981943e-03  1.29981943e-03  1.29981943e-03  1.29981943e-03
  1.29981943e-03  1.29981943e-03  1.29981943e-03  1.29981943e-03
  1.29981943e-03  1.29981943e-03  1.29981943e-03  1.29981943e-03]
[0.06773912947526568, 0.1484982572699895, 0.07470260458115631, 0.0998294846332182, 0.017221028628677845, 0.004818720372605569, 0.010737248791221177, -2.4235017107958946e-18, 0.02838389613485603, 0.15536171391961387, 0.01076218878755613, 0.08535432032063663]
[-0.0009444531331801477, -0.15043974132023796, 0.008167006348039964, 0.008167006348040016, 0.008167006348039949, 0.008167006348039968, 0.008167006348039964, 0.008167006348040002, 0.008167006348039983, 0.008167006348039976, 0.00816700634804002, 0.008167006348040006, 0.008167006348039957, 0.00816700634803998]
E for cur_iter:  -0.9177391158281858
params in def finance in vqe.py:  [ 7.05658912e-02  1.49416827e-01  7.96143915e-02  5.64992181e-02
  2.04977268e-02  5.73559314e-03  1.44742298e-02 -5.91003192e-18
  2.98022146e-02  1.61436107e-01  1.12710999e-02  8.88881395e-02
  2.91018463e-03  8.99774456e-03 -1.63870757e-17 -1.22632064e-18
 -1.80354411e-17 -1.27570423e-17 -1.24714185e-17 -7.64199373e-18
 -9.57006081e-18 -1.07667470e-17 -9.36639142e-18  1.60219703e-18
 -9.42687446e-18 -1.19625599e-17 -1.33112676e-17 -7.13602015e-18]
[0.07056589124691252, 0.1494168268444126, 0.07961439149762688, 0.05649921814822824, 0.020497726805168415, 0.005735593144748849, 0.014474229800609487, -5.910031921812512e-18, 0.029802214582437217, 0.161436107078591, 0.011271099893943176, 0.08888813952865805]
[0.018285229278711075, 0.05653449640024678, -1.0296303297079201e-16, -7.705199855306604e-18, -1.133200183770131e-16, -8.015486082611244e-17, -7.8360233532402e-17, -4.8016062727698545e-17, -6.013046544845933e-17, -6.764946636767527e-17, -5.885077295127786e-17, 1.0066900828795466e-17, -5.923079912123712e-17, -7.516298074706065e-17]
E for cur_iter:  -0.8340609426864625
params in def finance in vqe.py:  [ 6.89308729e-02  1.49371597e-01  7.52080255e-02  1.04696950e-01
  1.72210286e-02  4.81872037e-03  1.07372488e-02 -2.61266504e-18
  2.83838961e-02  1.55402915e-01  1.07621888e-02  8.57854263e-02
 -1.01383553e-04 -8.66013866e-05 -2.42824757e-02  1.38159452e-03
  1.38159452e-03  1.38159452e-03  1.38159452e-03  1.38159452e-03
  1.38159452e-03  1.38159452e-03  1.38159452e-03  1.38159452e-03
  1.38159452e-03  1.38159452e-03  1.38159452e-03  1.38159452e-03]
[0.06893087285369529, 0.14937159698517594, 0.07520802551616614, 0.10469695014667513, 0.017221028628677845, 0.004818720372605569, 0.010737248791221177, -2.6126650404881316e-18, 0.02838389613485604, 0.15540291513610027, 0.010762188787556132, 0.085785426308958]
[-0.0006370116507567552, -0.0005441325599468012, -0.15257129422624727, 0.008680814415613415, 0.008680814415613348, 0.008680814415613367, 0.008680814415613363, 0.008680814415613402, 0.008680814415613382, 0.008680814415613376, 0.008680814415613419, 0.008680814415613405, 0.008680814415613356, 0.008680814415613379]
E for cur_iter:  -0.9197035251171288
params in def finance in vqe.py:  [ 1.07844466e-01  1.68811988e-01  8.58728857e-02  1.12873285e-01
  2.20014603e-02  6.15636192e-03  1.61891950e-02 -5.91003192e-18
  3.04531054e-02  1.64600923e-01  1.15046480e-02  9.66752766e-02
  2.28355086e-03 -1.27436899e-17  1.79947653e-03 -4.86923983e-18
 -1.52430587e-17 -1.24772466e-17 -1.39072629e-17 -9.85625748e-18
 -1.30658253e-17 -9.20128524e-18 -7.08051918e-18 -1.66751193e-18
 -8.58578220e-18 -1.29700061e-17 -7.54369741e-18 -8.65375555e-18]
[0.107844465578701, 0.1688119879209643, 0.08587288566594754, 0.11287328547539108, 0.02200146026368239, 0.0061563619157526395, 0.01618919501100523, -5.910031921812509e-18, 0.03045310544561085, 0.16460092326304623, 0.011504648001478423, 0.09667527659402105]
[0.01434797320182754, -8.007096516243095e-17, 0.011306444502931513, -3.05943361721881e-17, -9.577496271176672e-17, -7.839685247935865e-17, -8.738191013410885e-17, -6.192869218297697e-17, -8.209500162497055e-17, -5.781338019896778e-17, -4.448821406352581e-17, -1.047728644118876e-17, -5.394606055603823e-17, -8.149295169722094e-17]
E for cur_iter:  -0.5422628758928478
params in def finance in vqe.py:  [ 6.75788527e-02  1.48815378e-01  7.47438700e-02  1.04474895e-01
  1.72210286e-02  4.81872037e-03  1.07372488e-02 -2.55026624e-18
  2.83838961e-02  1.54931089e-01  1.07621888e-02  8.51916252e-02
 -6.13273625e-05 -4.16002500e-05 -3.20123361e-05 -2.42859793e-02
  1.47722612e-03  1.47722612e-03  1.47722612e-03  1.47722612e-03
  1.47722612e-03  1.47722612e-03  1.47722612e-03  1.47722612e-03
  1.47722612e-03  1.47722612e-03  1.47722612e-03  1.47722612e-03]
[0.06757885268852559, 0.14881537757386876, 0.07474387000313865, 0.10447489462684773, 0.017221028628677845, 0.004818720372605569, 0.010737248791221177, -2.550266237136374e-18, 0.02838389613485604, 0.15493108922902382, 0.010762188787556134, 0.0851916251544222]
[-0.00038533118283195567, -0.00026138207982791316, -0.00020113943988952227, -0.1525933084979191, 0.009281685467733102, 0.009281685467733121, 0.009281685467733117, 0.009281685467733156, 0.009281685467733135, 0.00928168546773313, 0.009281685467733171, 0.009281685467733159, 0.00928168546773311, 0.009281685467733133]
E for cur_iter:  -0.9128312081147654
params in def finance in vqe.py:  [ 4.93425822e-02  1.40313427e-01  6.20007074e-02  1.07322469e-01
  3.29074693e-02  9.20803838e-03  2.86271879e-02 -5.90965076e-18
  3.51737702e-02  1.36296203e-01  1.31984839e-02  5.83985597e-02
  1.33375172e-02 -1.36296758e-17 -1.29111521e-17 -1.14611882e-17
 -1.17271065e-17 -8.28187462e-18 -1.17265921e-17 -1.14391082e-17
 -1.33136484e-17 -1.19273437e-17 -3.14726327e-18 -1.28425507e-17
 -1.20388469e-17 -1.00865265e-17 -1.30608190e-17 -1.37450486e-17]
[0.049342582225580994, 0.14031342704039731, 0.062000707430609245, 0.10732246863645649, 0.03290746925859695, 0.009208038378336229, 0.028627187864489236, -5.909650756986249e-18, 0.035173770247133834, 0.13629620311104917, 0.013198483931711507, 0.058398559721415125]
[0.0838020919489411, -8.563777848866732e-17, -8.112316119798603e-17, -7.201276948677522e-17, -7.36835834515904e-17, -5.2036552914534316e-17, -7.368035127445476e-17, -7.187403649926273e-17, -8.365211996806185e-17, -7.494171098633382e-17, -1.9774838315640622e-17, -8.069212584251123e-17, -7.5642305956343e-17, -6.337551537602781e-17]
E for cur_iter:  -0.5123034099801798
params in def finance in vqe.py:  [ 6.77443033e-02  1.48979742e-01  7.43581807e-02  1.04375747e-01
  1.58503233e-02  4.81872037e-03  1.07372488e-02 -2.55563872e-18
  2.83838961e-02  1.55186929e-01  1.07621888e-02  8.51395525e-02
 -1.59459166e-04 -7.91533533e-05 -8.47119504e-05 -8.87954119e-05
 -2.42582080e-02  1.50727227e-03  1.50727227e-03  1.50727227e-03
  1.50727227e-03  1.50727227e-03  1.50727227e-03  1.50727227e-03
  1.50727227e-03  1.50727227e-03  1.50727227e-03  1.50727227e-03]
[0.06774430330475127, 0.14897974195239078, 0.07435818067011428, 0.1043757467166313, 0.01585032329013969, 0.004818720372605569, 0.010737248791221177, -2.555638716289367e-18, 0.028383896134856035, 0.15518692920296745, 0.010762188787556132, 0.08513955254994542]
[-0.0010019114907075391, -0.0004973351863341581, -0.0005322608818531298, -0.0005579180274405988, -0.15241881586907732, 0.009470470999362993, 0.00947047099936299, 0.009470470999363028, 0.009470470999363009, 0.009470470999363002, 0.009470470999363045, 0.009470470999363031, 0.009470470999362983, 0.009470470999363005]
E for cur_iter:  -0.9206815329955862
params in def finance in vqe.py:  [ 5.08245778e-02  1.40384344e-01  5.84707517e-02  1.05142844e-01
 -5.55111512e-17  9.11712449e-03  2.82566419e-02 -5.90991374e-18
  3.50331348e-02  1.86400809e-01  1.31480221e-02  8.11912398e-02
  1.40850842e-02 -1.49434353e-17 -1.52476256e-17 -1.27435551e-17
  4.06639829e-03 -1.67521516e-17 -1.45476391e-17 -1.39207668e-17
 -1.74337060e-17 -1.26944205e-17 -1.34780907e-17 -1.40739261e-17
 -1.34895724e-17 -1.33320433e-17 -1.34691731e-17 -1.55246084e-17]
[0.05082457775215214, 0.1403843440382673, 0.05847075171643779, 0.10514284415607295, -5.551115123125783e-17, 0.009117124492866852, 0.02825664194600309, -5.909913735650981e-18, 0.03503313476877734, 0.18640080880069182, 0.013148022092898306, 0.08119123983458965]
[0.08849919387556127, -9.389237313361542e-17, -9.580365734500833e-17, -8.007011825231398e-17, 0.02554993396374914, -1.0525687268049391e-16, -9.140551217698125e-17, -8.746675735149745e-17, -1.0953920518204317e-16, -7.976139662492109e-17, -8.468534126965758e-17, -8.842908581690497e-17, -8.475748331073217e-17, -8.376769832042009e-17]
E for cur_iter:  -1.0012022833427068
params in def finance in vqe.py:  [ 4.93995249e-02  1.42707129e-01  5.87853851e-02  1.05185870e-01
 -1.26906378e-04  9.11712449e-03  2.82566419e-02 -6.01544743e-18
  3.50331348e-02  1.86342851e-01  1.31480221e-02  8.13457775e-02
  1.36891025e-02 -3.57274392e-04 -3.40929741e-04 -3.48813242e-04
  3.73517135e-03 -2.44591040e-02  1.36197911e-03  1.36197911e-03
  1.36197911e-03  1.36197911e-03  1.36197911e-03  1.36197911e-03
  1.36197911e-03  1.36197911e-03  1.36197911e-03  1.36197911e-03]
[0.04939952492156387, 0.14270712895700607, 0.05878538509678072, 0.10518587046085447, -0.00012690637773551914, 0.009117124492866852, 0.02825664194600309, -6.01544742582376e-18, 0.03503313476877734, 0.18634285100524517, 0.013148022092898306, 0.0813457775334254]
[0.08601116758434192, -0.0022448212098258287, -0.0021421247397334173, -0.002191658236789324, 0.023468773716545734, -0.15368108314274967, 0.008557567123451225, 0.00855756712345123, 0.008557567123451208, 0.008557567123451237, 0.008557567123451232, 0.008557567123451229, 0.008557567123451232, 0.008557567123451234]
E for cur_iter:  -0.9992399326326332
params in def finance in vqe.py:  [ 4.90592749e-02  1.01341911e-01  7.92231965e-02  1.06206828e-01
  4.64371666e-03  1.07181710e-02  3.47821716e-02 -5.91058493e-18
  3.75098075e-02  1.99354892e-01  1.40366845e-02  9.23528385e-02
  1.50663719e-03 -3.60946388e-17 -3.37331160e-17 -2.72743752e-17
 -1.64798730e-17 -3.29498740e-17 -2.75624238e-17 -2.63810411e-17
 -3.96308302e-17 -3.02027888e-17 -3.02463754e-17 -3.18267773e-17
 -2.06186198e-17 -2.36171795e-17 -3.65564708e-17 -3.40213042e-17]
[0.04905927486024743, 0.10134191089626891, 0.07922319653652084, 0.10620682847731819, 0.00464371665960891, 0.010718171021924107, 0.034782171611638144, -5.910584927218467e-18, 0.03750980753798777, 0.19935489163330972, 0.014036684495398298, 0.09235283852763754]
[0.009466480662016098, -2.267893044813597e-16, -2.1195141853399565e-16, -1.7136995370289477e-16, -1.0354609603463125e-16, -2.070301640429429e-16, -1.7317981625576292e-16, -1.6575697004234414e-16, -2.490078500577687e-16, -1.897697189246588e-16, -1.9004358156381407e-16, -1.9997353981211698e-16, -1.2955060901374984e-16, -1.4839111496958875e-16]
E for cur_iter:  -0.8755712192791685
params in def finance in vqe.py:  [ 5.21606730e-02  1.39021918e-01  5.73837684e-02  1.05075359e-01
 -1.60152868e-05  4.26978354e-03  2.82566419e-02 -5.68296475e-18
  3.50331348e-02  1.86421399e-01  1.31480221e-02  8.06702838e-02
  1.49991575e-02  8.47863480e-04  8.23014760e-04  8.35951400e-04
  4.88375263e-03  5.97519032e-04  2.41820788e-02 -9.23469513e-04
 -9.23469513e-04 -9.23469513e-04 -9.23469513e-04 -9.23469513e-04
 -9.23469513e-04 -9.23469513e-04 -9.23469513e-04 -9.23469513e-04]
[0.05216067297611986, 0.139021917525624, 0.057383768415689214, 0.10507535869848642, -1.6015286802127347e-05, 0.0042697835385180375, 0.02825664194600309, -5.682964749107336e-18, 0.03503313476877734, 0.18642139946976827, 0.013148022092898306, 0.08067028382497496]
[0.09424248602840755, 0.005327283362468375, 0.005171154250131141, 0.005252437552436832, 0.030685522761262032, 0.0037543227996300454, 0.1519404822586883, -0.005802330075756949, -0.0058023300757569715, -0.005802330075756941, -0.005802330075756946, -0.005802330075756951, -0.005802330075756946, -0.0058023300757569455]
E for cur_iter:  -0.9962845270187792
params in def finance in vqe.py:  [ 2.66889181e-02  1.37837329e-01  4.57684291e-02  1.06155763e-01
 -5.32501670e-17 -6.93889390e-18  4.70802069e-02 -5.89721856e-18
  4.21773534e-02  2.19722307e-01  1.57114607e-02  7.90003133e-02
  2.51254643e-02 -2.97031497e-17 -2.82208180e-17 -2.23381494e-17
 -1.21430643e-17 -3.01467599e-17 -2.99332216e-17 -2.96265183e-17
 -3.35021137e-17 -2.53392369e-17 -2.30866687e-17 -2.89978912e-17
 -2.87416989e-17 -2.71329460e-17 -2.89212551e-17 -3.25853631e-17]
[0.026688918093967125, 0.13783732887363628, 0.04576842913880336, 0.10615576259237816, -5.32501669889751e-17, -6.938893903907228e-18, 0.04708020687259623, -5.8972185633886645e-18, 0.04217735340878588, 0.21972230731588605, 0.015711460662394646, 0.07900031328401104]
[0.15786794817007763, -1.866303937123176e-16, -1.7731662916170077e-16, -1.4035473233764628e-16, -7.629712339393882e-17, -1.894176788198215e-16, -1.8807597837643423e-16, -1.861489046606209e-16, -2.1049998844468183e-16, -1.5921112071014565e-16, -1.4505781744731283e-16, -1.8219912374255199e-16, -1.8058942007539994e-16, -1.7048132767025528e-16]
E for cur_iter:  -0.8154370939276521
params in def finance in vqe.py:  [ 4.95646369e-02  1.41685080e-01  5.95091843e-02  1.05234255e-01
  4.63494123e-04  1.16395224e-02  2.82566419e-02 -6.14927166e-18
  3.50331348e-02  1.86862583e-01  1.31480221e-02  8.12697616e-02
  1.32349192e-02 -7.89434093e-04 -7.66038197e-04 -7.78094272e-04
  3.28693846e-03 -5.56431168e-04  2.76003255e-04 -2.44774681e-02
  1.18105820e-03  1.18105820e-03  1.18105820e-03  1.18105820e-03
  1.18105820e-03  1.18105820e-03  1.18105820e-03  1.18105820e-03]
[0.049564636884126, 0.1416850800974489, 0.05950918428259808, 0.10523425464248334, 0.00046349412300132625, 0.0116395224121764, 0.02825664194600309, -6.149271658271207e-18, 0.03503313476877734, 0.18686258292269106, 0.013148022092898308, 0.08126976164860092]
[0.08315745013528364, -0.004960160695431337, -0.0048131599418260885, -0.004888910500085415, 0.020652443407200627, -0.003496160142244102, 0.00173417959814652, -0.15379646823101417, 0.007420807507205209, 0.007420807507205238, 0.007420807507205234, 0.00742080750720523, 0.007420807507205234, 0.007420807507205235]
E for cur_iter:  -1.0061203278568005
params in def finance in vqe.py:  [ 3.26940420e-02  1.47455005e-01  6.00222851e-02  1.04018032e-01
 -7.34546972e-17  1.02284093e-02  3.53880233e-02 -7.54448091e-18
  3.77397500e-02  1.64883018e-01  1.41191908e-02  1.13031429e-01
  1.12852366e-02 -1.14925430e-17 -1.34441069e-17 -1.01915004e-17
 -5.20417043e-18 -1.17093835e-17 -7.69783542e-18 -5.20417043e-17
 -1.66967135e-17 -7.80625564e-18 -4.98732999e-18 -9.54097912e-18
 -4.98732999e-18 -1.32272665e-17 -1.38777878e-17 -1.10588622e-17]
[0.03269404197946081, 0.14745500533681213, 0.06002228510132259, 0.10401803235722852, -7.345469718589293e-17, 0.0102284093312344, 0.03538802332679274, -7.54448091444618e-18, 0.037739750013462914, 0.16488301764905083, 0.014119190846351425, 0.11303142916049147]
[0.07090723291495679, -7.220977749783496e-17, -8.447181518614655e-17, -6.403508570562723e-17, -3.269876716883092e-17, -7.357222612986957e-17, -4.8366926437229076e-17, -3.269876716883092e-16, -1.0490854466666588e-16, -4.9048150753246384e-17, -3.13363185367963e-17, -5.994773980952335e-17, -3.13363185367963e-17, -8.310936655411193e-17]
E for cur_iter:  -0.9294545924400037
params in def finance in vqe.py:  [ 4.84026781e-02  1.42902827e-01  6.04825399e-02  1.05351084e-01
  1.41290480e-03  1.45970949e-02  2.75162917e-02 -6.26431310e-18
  3.50331348e-02  1.87848178e-01  1.31480221e-02  8.08624433e-02
  1.24658044e-02 -1.50478525e-03 -1.45982214e-03 -1.48282024e-03
  2.55889151e-03 -1.06066580e-03  6.52071573e-04 -2.44992594e-02
  2.69670146e-03  2.69670146e-03  2.69670146e-03  2.69670146e-03
  2.69670146e-03 -2.31249939e-02  2.69670146e-03  2.69670146e-03]
[0.048402678093661146, 0.14290282695263223, 0.06048253988345538, 0.10535108417785892, 0.0014129048030279176, 0.014597094913461985, 0.027516291746736705, -6.264313101954397e-18, 0.03503313476877734, 0.1878481775371863, 0.013148022092898308, 0.08086244329691827]
[0.07832495897946064, -0.009454844586201534, -0.009172332991969429, -0.009316834375650432, 0.016077989508396655, -0.006664359787066694, 0.004097086528592097, -0.15393338682945965, 0.016943875011853377, 0.016943875011853408, 0.016943875011853404, 0.016943875011853397, 0.016943875011853404, -0.145298621629536]
E for cur_iter:  -1.009074883347615
params in def finance in vqe.py:  [ 3.99713183e-02  1.38911308e-01  5.24923927e-02  1.05187067e-01
 -8.23993651e-17  3.09392577e-02  7.97972799e-17 -8.90064992e-18
  3.82604579e-02  1.94077940e-01  1.43060276e-02  8.65340532e-02
  1.90053742e-02 -9.97465999e-18 -1.43114687e-17 -9.10729825e-18
  1.28116983e-03 -1.10588622e-17  2.12373469e-03 -1.73472348e-17
 -8.67361738e-18 -9.10729825e-18 -3.90312782e-18 -1.30104261e-17
 -1.43114687e-17 -1.04083409e-17 -1.30104261e-17 -1.64798730e-17]
[0.03997131833450571, 0.1389113076987541, 0.05249239273801946, 0.10518706744854667, -8.239936510889834e-17, 0.03093925767144647, 7.979727989493313e-17, -8.90064991916211e-18, 0.038260457924502604, 0.19407793981815033, 0.014306027617433142, 0.08653405323793045]
[0.1194142878118259, -6.26726370735926e-17, -8.992160971428504e-17, -5.722284254545412e-17, 0.008049827437511438, -6.948488023376571e-17, 0.013343818588883264, -1.0899589056276974e-16, -5.449794528138487e-17, -5.722284254545412e-17, -2.4524075376623192e-17, -8.17469179220773e-17, -8.992160971428504e-17, -6.539753433766185e-17]
E for cur_iter:  -0.9158342363150871
params in def finance in vqe.py:  [ 0.04689996  0.14473051  0.06308397  0.10541448  0.00092423  0.01662117
  0.0285903  -0.00486458  0.0331601   0.18846639  0.01243783  0.0795313
  0.01130141 -0.00258363 -0.00250743 -0.00254687  0.00153976 -0.00182098
  0.00076256 -0.0247819  -0.02112519  0.00341419  0.00341419  0.00341419
  0.00341419 -0.02365464  0.00341419  0.00341419]
[0.04689996298652025, 0.1447305114077046, 0.06308397226263135, 0.10541447644705323, 0.0009242318700564071, 0.016621167209664302, 0.0285903031582112, -0.004864580243538957, 0.033160099017202536, 0.18846638902643656, 0.012437831910813482, 0.07953130010058236]
[0.0710088696131582, -0.016233415835036603, -0.015754625785800266, -0.01600243712400751, 0.00967458775623099, -0.011441566044308168, 0.00479129505841347, -0.15570928433806144, -0.1327334685113849, 0.021452004339545618, 0.02145200433954561, 0.021452004339545604, 0.02145200433954561, -0.14862649999911343]
E for cur_iter:  -1.006118979911988
params in def finance in vqe.py:  [ 3.91497745e-02  1.46259036e-01  7.50905378e-02  1.04309889e-01
 -6.89552582e-17  9.62261185e-03  2.28934171e-02  3.60196036e-17
  1.18939727e-02  1.86019495e-01  4.32428979e-03  7.32121427e-02
  1.32778393e-02 -7.80625564e-18 -1.45283091e-17 -6.72205347e-18
 -1.51788304e-17 -8.45677695e-18 -1.61546124e-17 -2.42861287e-17
  1.91713774e-02 -1.30104261e-17 -8.23993651e-18 -1.73472348e-17
 -1.95156391e-17  3.46944695e-18 -1.38777878e-17 -1.86482774e-17]
[0.039149774477895236, 0.14625903629250822, 0.07509053778140119, 0.10430988931705196, -6.895525817007808e-17, 0.009622611848130583, 0.022893417113746393, 3.6019603605587204e-17, 0.01189397273541088, 0.18601949507775972, 0.004324289793761158, 0.07321214272877155]
[0.08342712480601513, -4.9048150753246384e-17, -9.128405834631966e-17, -4.2235907593073274e-17, -9.537140424242352e-17, -5.313549664935025e-17, -1.0150242308657932e-16, -1.5259424678787764e-16, 0.12045731662899527, -8.17469179220773e-17, -5.1773048017315625e-17, -1.0899589056276974e-16, -1.2262037688311596e-16, 2.179917811255395e-17]
E for cur_iter:  -0.9785667521853296
params in def finance in vqe.py:  [ 0.04940362  0.14513773  0.0619524   0.10596632  0.00283295  0.01806014
  0.02972896  0.00187959  0.03575685  0.1890103   0.01342243  0.08080125
  0.0115432  -0.0023717  -0.00205195 -0.00225571  0.00175347 -0.00162257
  0.00108302 -0.02451413  0.00268934 -0.02117809  0.00461172  0.00461172
  0.00461172 -0.02329711  0.00461172  0.00461172]
[0.04940361611317346, 0.14513773011655795, 0.06195239822496722, 0.10596631944465494, 0.0028329499687289508, 0.018060140427926454, 0.029728962151198555, 0.0018795943950911248, 0.03575684520713248, 0.1890103002470501, 0.01342242798587712, 0.08080125152579107]
[0.07252804262041955, -0.014901833066203227, -0.012892813170626507, -0.014173073505720809, 0.011017365359101748, -0.010194885895796122, 0.006804841265022062, -0.1540268069951806, 0.0168976358595654, -0.13306586926972355, 0.028976299882956295, 0.02897629988295629, 0.028976299882956295, -0.14638004497580698]
E for cur_iter:  -0.9855185112357776
params in def finance in vqe.py:  [ 7.36169830e-02  1.55366280e-01  6.90608061e-02  1.12650969e-01
 -3.81639165e-17  2.74633324e-02  3.67063109e-02  3.56292127e-17
  3.34756724e-02  1.92936741e-01  1.24539002e-02  8.80064948e-02
  1.92470054e-02  8.67361738e-19 -8.23993651e-18 -1.30104261e-18
 -5.20417043e-18 -2.16840434e-19 -3.25260652e-18  1.38777878e-17
  6.89368650e-03  1.94626683e-03  2.60208521e-18 -7.80625564e-18
 -3.46944695e-18  1.38777878e-17  1.30104261e-18  8.67361738e-19]
[0.07361698295973929, 0.15536628042326156, 0.06906080610261583, 0.11265096934960216, -3.8163916471489756e-17, 0.027463332446193804, 0.03670631091692658, 3.562921272242993e-17, 0.03347567242033963, 0.19293674090281734, 0.012453900176581238, 0.08800649475342556]
[0.12093250146947462, 5.449794528138487e-18, -5.1773048017315625e-17, -8.17469179220773e-18, -3.269876716883092e-17, -1.3624486320346218e-18, -2.0436729480519325e-17, 8.71967124502158e-17, 0.04331430975002313, 0.012228755166196311, 1.634938358441546e-17, -4.9048150753246384e-17, -2.179917811255395e-17, 8.71967124502158e-17]
E for cur_iter:  -0.7476653348848155
params in def finance in vqe.py:  [ 4.82095844e-02  1.43368173e-01  5.99966426e-02  1.04890770e-01
  9.21972008e-04  1.53994200e-02  2.79685398e-02  4.32876813e-04
  3.51998077e-02  1.87942781e-01  1.32112187e-02  8.01950707e-02
  1.04104340e-02 -3.09689440e-03 -3.14772781e-03 -3.16479353e-03
  9.98331635e-04 -2.34209484e-03  1.67364683e-04 -2.53082172e-02
  2.47993210e-03  1.40278112e-03 -2.18148422e-02  3.27964122e-03
  3.27964122e-03 -2.42362873e-02  3.27964122e-03  3.27964122e-03]
[0.0482095843789543, 0.14336817293372314, 0.059996642629764604, 0.10489076954220886, 0.000921972008471289, 0.015399420020708836, 0.027968539808581928, 0.0004328768125722234, 0.03519980767895339, 0.1879427805163767, 0.013211218678615914, 0.0801950706500443]
[0.06541068619820589, -0.01945836139301074, -0.019777757102959613, -0.01988498420040523, 0.0062727026629275555, -0.014715815885451827, 0.0010515833156118303, -0.15901621827458953, 0.015581872931752661, 0.008813933714612738, -0.13706669628652687, 0.02060659355350457, 0.020606593553504582, -0.15228108398962945]
E for cur_iter:  -0.9756728473537584
params in def finance in vqe.py:  [ 6.10509676e-02  1.31201532e-01  4.39519887e-02  9.96914964e-02
  1.60461922e-17  5.20417043e-18  1.22082427e-02  2.52984818e-17
  2.49949777e-02  1.78435898e-01  9.22270707e-03  8.21304003e-02
  9.20123891e-03 -1.73472348e-18 -3.03576608e-18 -4.33680869e-19
  1.30104261e-18 -3.03576608e-18 -1.30104261e-18  2.08166817e-17
  5.09144885e-03 -5.20417043e-18  8.99007439e-03 -9.10729825e-18
 -9.54097912e-18  2.77555756e-17 -6.93889390e-18 -4.77048956e-18]
[0.061050967558134384, 0.13120153181767408, 0.04395198868107651, 0.09969149641971693, 1.6046192152785466e-17, 5.204170427930421e-18, 0.01220824265981193, 2.5298481810904862e-17, 0.024994977742865902, 0.1784358977818503, 0.009222707067661644, 0.08213040027975202]
[0.05781308914366698, -1.0899589056276974e-17, -1.9074280848484705e-17, -2.7248972640692436e-18, 8.17469179220773e-18, -1.9074280848484705e-17, -8.17469179220773e-18, 1.307950686753237e-16, 0.031990516605871926, -3.269876716883092e-17, 0.05648630332268815, -5.722284254545412e-17, -5.994773980952335e-17, 1.743934249004316e-16]
E for cur_iter:  -0.8559047806777416
params in def finance in vqe.py:  [ 4.81631233e-02  1.43422290e-01  6.01448429e-02  1.04900848e-01
  8.51076724e-04  1.53706669e-02  2.79385379e-02  3.99559650e-04
  3.53555866e-02  1.87933805e-01  1.32702846e-02  8.01381799e-02
  1.04219863e-02 -3.09441582e-03 -3.14197712e-03 -3.15953009e-03
  1.00474586e-03 -2.33614877e-03  1.68990896e-04 -2.53055741e-02
  2.49257811e-03  1.39936969e-03  3.08696236e-03 -2.18167498e-02
  3.31938996e-03 -2.42353063e-02  3.31938996e-03  3.31938996e-03]
[0.048163123259014076, 0.14342229031279766, 0.06014484292065787, 0.1049008475432421, 0.0008510767242190749, 0.015370666934226054, 0.027938537888650094, 0.0003995596501487671, 0.03535558658087409, 0.18793380472462376, 0.013270284634312178, 0.0801381798762268]
[0.0654832709739875, -0.019442788008243794, -0.01974162446769772, -0.01985191305314467, 0.0063130044222851935, -0.014678455606739423, 0.0010618011136463918, -0.158999611377755, 0.015661330141286386, 0.008792499050952758, 0.019395956525192076, -0.13707868152720176, 0.02085634224342546, -0.15227492062572767]
E for cur_iter:  -1.0051497342271372
params in def finance in vqe.py:  [ 4.64119543e-02  1.46004057e-01  7.87586522e-02  1.05553673e-01
  2.90566182e-17 -8.67361738e-18  1.54583304e-02  4.61187125e-17
  5.59535479e-02  1.82331338e-01  2.10312816e-02  7.34076954e-02
  1.69759183e-02 -4.33680869e-19 -4.11996826e-18 -4.33680869e-19
  2.18852129e-03 -3.90312782e-18 -1.84314369e-18 -1.38777878e-17
  6.16042854e-03 -5.63785130e-18  3.86126947e-03  2.88028977e-03
 -4.33680869e-18  3.46944695e-17 -3.46944695e-18 -7.80625564e-18]
[0.04641195430983573, 0.14600405671651287, 0.07875865220593507, 0.10555367262192752, 2.905661822261152e-17, -8.673617379884035e-18, 0.01545833041241057, 4.611871250318691e-17, 0.05595354787464335, 0.18233133757829909, 0.021031281606100335, 0.07340769538745873]
[0.10666284060156071, -2.7248972640692436e-18, -2.5886524008657812e-17, -2.7248972640692436e-18, 0.013750884817858501, -2.4524075376623192e-17, -1.1580813372294286e-17, -8.71967124502158e-17, 0.038707114069469147, -3.542366443290017e-17, 0.02426107162533111, 0.018097394393898125, -2.7248972640692436e-17, 2.1799178112553949e-16]
E for cur_iter:  -0.9726668879593263
params in def finance in vqe.py:  [ 4.81839589e-02  1.43475754e-01  6.02206897e-02  1.04904214e-01
  7.29791060e-04  1.52644872e-02  2.78581905e-02  3.67084456e-04
  3.54051620e-02  1.87994531e-01  1.32890819e-02  8.01890656e-02
  1.04016266e-02 -3.11408248e-03 -3.15575469e-03 -3.17998922e-03
  9.91499160e-04 -2.34906843e-03  1.44667732e-04 -2.53247436e-02
  2.49080667e-03  1.36470367e-03  3.08729163e-03  3.04909097e-03
 -2.18129342e-02 -2.42596556e-02  3.32635502e-03  3.32635502e-03]
[0.048183958853534284, 0.1434757537745052, 0.06022068974767705, 0.10490421359510202, 0.0007297910603998185, 0.01526448715711252, 0.02785819052087361, 0.0003670844561621293, 0.03540516199913112, 0.187994530670121, 0.013289081913162457, 0.080189065581239]
[0.06535534752234542, -0.019566357263493594, -0.019828191519725983, -0.019980461560084116, 0.00622977295622959, -0.014759632247566512, 0.0009089741671955019, -0.1591200569486401, 0.015650199897200272, 0.00857468602661452, 0.01939802539793139, 0.019158003586015555, -0.13705470788616855, -0.15242791168871062]
E for cur_iter:  -1.0021996734341339
params in def finance in vqe.py:  [ 4.12098313e-02  1.33453328e-01  5.52996960e-02  1.03631501e-01
  4.37445199e-03  2.97011657e-02  3.88086234e-02  5.03825884e-17
  3.98616654e-02  1.68939613e-01  1.49408884e-02  6.09634361e-02
  1.61477087e-02 -2.16840434e-19 -9.32413868e-18 -4.98732999e-18
  1.87198560e-03 -7.15573434e-18  2.29601813e-03  6.59194921e-17
  5.33217754e-03  2.92527465e-03  4.43081332e-03  3.35683882e-03
  3.22853282e-03  2.77555756e-17 -6.07153217e-18 -6.50521303e-18]
[0.04120983126960886, 0.1334533277997684, 0.055299696042726505, 0.10363150099099283, 0.00437445199039024, 0.02970116574001865, 0.038808623441139126, 5.038258840516898e-17, 0.03986166541771627, 0.16893961331651183, 0.014940888408287731, 0.06096343614972004]
[0.10145904631600529, -1.3624486320346218e-18, -5.858529117748874e-17, -3.13363185367963e-17, 0.011762032415331154, -4.496080485714252e-17, 0.014426307406231478, 4.14184384138525e-16, 0.03350305957909531, 0.01838004267544476, 0.027839621155717153, 0.021091640379807916, 0.02028546997284901, 1.743934249004316e-16]
E for cur_iter:  -0.8372102773759031
params in def finance in vqe.py:  [ 4.82576202e-02  1.43604317e-01  6.03395608e-02  1.04953513e-01
  6.93841017e-04  1.49949227e-02  2.76496382e-02  3.68991529e-04
  3.52922925e-02  1.88260387e-01  1.32462857e-02  8.05133764e-02
  1.03998421e-02 -3.13080194e-03 -3.14679034e-03 -3.19416011e-03
  1.52736995e-03 -2.38714766e-03  6.37628933e-05 -2.53850685e-02
  2.44205136e-03  1.28488234e-03  3.03699646e-03  2.99865681e-03
  3.00235098e-03 -2.43245308e-02 -2.18438041e-02  3.35678791e-03]
[0.048257620224401665, 0.1436043166718195, 0.06033956076232647, 0.10495351325226426, 0.0006938410172787867, 0.014994922695009242, 0.027649638188733765, 0.00036899152880123613, 0.035292292473486295, 0.18826038730986996, 0.013246285704439727, 0.08051337637346784]
[0.06534413495587782, -0.01967140872140316, -0.019771866832077784, -0.020069499880165025, 0.009596748425405548, -0.014998891081229256, 0.0004006340742085757, -0.159499089659336, 0.015343861249118329, 0.00807315384175032, 0.01908201152620165, 0.018841116437731193, 0.018864327583814674, -0.15283553460920535]
E for cur_iter:  -1.0071140481170149
params in def finance in vqe.py:  [ 4.60243068e-02  1.40880977e-01  6.30773088e-02  1.07227960e-01
  2.86498462e-03  1.20400998e-02  2.53259551e-02  1.89791258e-17
  3.23425110e-02  1.85426320e-01  1.20892585e-02  8.20434563e-02
  1.83142454e-02  3.03576608e-18 -7.58941521e-18  1.51788304e-18
  3.77244889e-02 -3.68628739e-18 -8.67361738e-19  6.59194921e-17
  2.48745825e-03 -1.73472348e-18  8.31613814e-04 -8.23993651e-18
 -4.77048956e-18  4.16333634e-17  6.04594061e-04 -6.07153217e-18]
[0.04602430678644895, 0.1408809767986481, 0.0630773087828234, 0.1072279604991024, 0.0028649846153164845, 0.01204009977301535, 0.02532595507519575, 1.8979125781608598e-17, 0.032342510973932904, 0.1854263196930578, 0.012089258540390845, 0.08204345633412471]
[0.11507179756350717, 1.9074280848484705e-17, -4.768570212121176e-17, 9.537140424242352e-18, 0.2370299543744531, -2.3161626744588572e-17, -5.449794528138487e-18, 4.14184384138525e-16, 0.015629161115913552, -1.0899589056276974e-17, 0.005225183694327057, -5.1773048017315625e-17, -2.9973869904761676e-17, 2.615901373506474e-16]
E for cur_iter:  -1.0031625819369694
params in def finance in vqe.py:  [ 4.83188950e-02  1.42466689e-01  6.03469864e-02  1.05858815e-01
  3.15138583e-03  1.39140214e-02  2.75476011e-02  7.33286755e-04
  3.48335370e-02  1.87865853e-01  1.30723415e-02  8.11178469e-02
  1.45467472e-02  1.19789891e-04  2.37596115e-04  2.41614393e-04
  2.17273015e-03  3.64461250e-04  1.27519662e-03 -2.35204962e-02
  2.78229174e-03  4.34752107e-03  2.43903578e-03  2.47269223e-03
  2.46328127e-03 -2.18101835e-02  2.47903886e-03  2.71784776e-02]
[0.04831889498388298, 0.14246668858004993, 0.060346986396885134, 0.10585881499739262, 0.0031513858271999245, 0.013914021356802414, 0.02754760112462184, 0.0007332867553150661, 0.03483353701096145, 0.18786585348362012, 0.013072341547106372, 0.0811178468883359]
[0.09139990855970856, 0.0007526620849492997, 0.0014928604199983433, 0.0015181080055031778, 0.013651666152782531, 0.0022899775707121346, 0.00801229669333498, -0.1477836360205355, 0.0174816545580721, 0.027316280514910085, 0.015324913748001191, 0.015536383459454696, 0.01547725266499422, -0.1370374246386562]
E for cur_iter:  -1.0061271703332682
params in def finance in vqe.py:  [ 4.05552975e-02  1.47667899e-01  5.60465355e-02  1.09710458e-01
  2.75727077e-02  5.31775416e-03  2.95382040e-02  1.81907313e-02
  3.40428773e-02  1.96208330e-01  1.27366579e-02  7.95937917e-02
  1.78357110e-02 -2.81892565e-18 -2.38524478e-18 -6.28837260e-18
  3.49147379e-04 -8.67361738e-19 -7.48099499e-18  1.45716772e-16
 -5.42101086e-17  5.06028377e-03  3.05675443e-03  1.94801254e-03
  1.93945344e-03  4.16333634e-17  1.85418151e-03 -1.34441069e-17]
[0.04055529754904057, 0.14766789877713404, 0.056046535544349574, 0.10971045792726808, 0.027572707652564882, 0.005317754158654077, 0.02953820397446812, 0.018190731325232423, 0.034042877289419425, 0.19620832958327433, 0.012736657882763605, 0.07959379173445497]
[0.1120650774987668, -1.7711832216450085e-17, -1.4986934952380838e-17, -3.9511010329004033e-17, 0.0021937576811061382, -5.449794528138487e-18, -4.700447780519445e-17, 9.155654807272659e-16, -3.406121580086554e-16, 0.031794700602904485, 0.01920615453765919, 0.012239723751523154, 0.012185945381256724, 2.615901373506474e-16]
E for cur_iter:  -0.6764115653953044
params in def finance in vqe.py:  [ 0.04732889  0.14587149  0.05950825  0.09923277 -0.00803726  0.01585191
  0.02937728  0.01074169  0.03341458  0.19177099  0.02162297  0.08018105
  0.00408292 -0.00821604 -0.00881401 -0.00835666  0.00421019  0.0018616
  0.00166048 -0.02166317  0.00263393  0.00541338  0.00514852  0.00515338
  0.0051728  -0.02140127  0.00515125  0.00495367]
[0.047328891350204565, 0.145871489446891, 0.05950825343961717, 0.09923276631791948, -0.008037264704607994, 0.01585191367927247, 0.029377277935016124, 0.010741694336693062, 0.0334145770370023, 0.19177098912423027, 0.021622968025095425, 0.08018104926584052]
[0.025653736809318407, -0.051622928764568886, -0.05538006847333769, -0.05250643398874047, 0.026453376811752548, 0.011696807873217044, 0.010433088217163777, -0.13611372062757157, 0.016549450226498678, 0.034013238838504656, 0.0323491110551604, 0.032379671420920034, 0.032501684353779224, -0.1344681225985508]
E for cur_iter:  -0.9805919415070632
params in def finance in vqe.py:  [3.72366659e-02 1.38568402e-01 7.19396552e-02 1.04737627e-01
 5.85469173e-18 8.89930125e-03 1.77808788e-02 2.19280815e-17
 2.90474085e-02 1.81948570e-01 2.13588709e-02 8.49655876e-02
 2.27407984e-02 4.98732999e-18 5.20417043e-18 6.72205347e-18
 1.35905618e-02 5.20417043e-18 2.26116835e-02 8.67361738e-17
 9.61842125e-03 3.45800150e-03 7.80422919e-03 3.83194417e-03
 4.35829132e-03 6.93889390e-17 4.03397546e-03 5.55203113e-03]
[0.03723666588494603, 0.1385684017124227, 0.07193965516139746, 0.10473762723317981, 5.854691731421724e-18, 0.00889930124881908, 0.017780878818363006, 2.192808145847886e-17, 0.029047408473652843, 0.18194857033374523, 0.021358870871334028, 0.08496558764892054]
[0.1428846502412689, 3.13363185367963e-17, 3.269876716883092e-17, 4.2235907593073274e-17, 0.08539201791047199, 3.269876716883092e-17, 0.14207339781392755, 5.449794528138487e-16, 0.06043432306627814, 0.021727264219126616, 0.04903541818582923, 0.024076815326036553, 0.027383951982964616, 4.3598356225107897e-16]
E for cur_iter:  -0.9412347915756523
params in def finance in vqe.py:  [ 3.84968398e-02  1.37958963e-01  7.08010203e-02  1.06814404e-01
  5.63785130e-18  8.19898328e-03  1.87629138e-02 -1.04530191e-17
  2.83072873e-02  1.81449152e-01  1.76245286e-02  8.48095543e-02
  2.52410404e-02 -3.97273757e-18 -4.46824387e-18 -6.74143330e-18
  4.51613905e-02 -5.58351948e-18  1.48038755e-02  5.43353867e-17
  7.15367356e-03  5.13223592e-04  4.27480782e-03  7.65313691e-04
  1.12014590e-03  9.22742535e-04  1.50610533e-03  1.92489489e-03]
[0.03849683979970689, 0.1379589628967904, 0.07080102029289086, 0.10681440400171152, 5.637851296924623e-18, 0.00819898327536443, 0.018762913762789067, -1.045301914024207e-17, 0.028307287275802243, 0.1814491524082158, 0.017624528604359216, 0.0848095542994688]
[0.15859413441606907, -2.4961446332411776e-17, -2.807480426241303e-17, -4.235767463531646e-17, 0.28375738497026487, -3.5082287539741034e-17, 0.09301549279537456, 3.413993035414027e-16, 0.04494785662233494, 0.00322467893366465, 0.026859409708083874, 0.004808607740148063, 0.0070380842569514965, 0.005797762336863249]
E for cur_iter:  -0.9402526746216802
params in def finance in vqe.py:  [ 4.69189746e-02  1.40149286e-01  6.49322116e-02  1.08988526e-01
 -6.34061382e-04  1.31205596e-02  2.39307732e-02  8.68120395e-03
  3.26536402e-02  1.82801438e-01  8.55418241e-03  8.16427057e-02
  1.73938346e-02  3.13847905e-03  3.29389643e-03  3.07228073e-03
  3.80901664e-02 -1.01135208e-03  2.57593402e-04 -1.00012676e-03
  5.51255395e-04  7.89860817e-05  4.60281319e-04 -3.67644927e-04
 -3.67222734e-04 -5.27626392e-04  2.45076716e-04 -4.79085779e-04]
[0.046918974621644516, 0.14014928577150632, 0.06493221162920222, 0.10898852616650044, -0.0006340613819980538, 0.013120559630334106, 0.02393077319619278, 0.008681203950177444, 0.03265364024155794, 0.18280143764673767, 0.0085541824087947, 0.0816427057301111]
[0.10928868592201825, 0.01971964543799571, 0.020696161657746008, 0.01930370915560777, 0.23932757389360995, -0.006354512530371571, 0.0016185070765695915, -0.006283981761753232, 0.0034636397960044443, 0.0004962841878851914, 0.0028920328206111716, -0.002309981202158458, -0.002307328485261004, -0.0033151743911569976]
E for cur_iter:  -1.0080852021983024
params in def finance in vqe.py:  [ 4.16298736e-02  1.47522200e-01  6.19501714e-02  1.10664415e-01
  1.55747423e-03  1.27797651e-02  2.32231258e-02 -1.39955701e-17
  3.62622328e-02  1.88285632e-01  9.79290319e-03  8.02466744e-02
 -3.81639165e-17  5.93645068e-03  6.12814505e-03  6.09669369e-03
  4.26127307e-02  6.76710890e-19  4.86593320e-03  1.68537323e-16
  5.42786087e-03  1.20989838e-03  2.32372058e-03  6.20259638e-04
  7.42449637e-04  1.37859578e-03  1.28968876e-03  1.09187806e-03]
[0.04162987356560643, 0.14752219967469346, 0.0619501714095964, 0.110664415226819, 0.001557474229137109, 0.01277976511109078, 0.023223125762041757, -1.399557005482779e-17, 0.03626223282589858, 0.18828563203235618, 0.009792903192284746, 0.08024667444483469]
[-2.397909592380934e-16, 0.037299819707531545, 0.038504270923487745, 0.03830665623933859, 0.2677436832647701, 4.251899920672414e-18, 0.03057355998211436, 1.058951230026839e-15, 0.03410425563963581, 0.0076020157229186505, 0.01460036699886558, 0.003897206247051724, 0.004664948647566704, 0.008661972780357997]
E for cur_iter:  -0.9766440983153595
params in def finance in vqe.py:  [ 4.49486945e-02  1.39920524e-01  6.16058281e-02  1.18035350e-01
  6.86189703e-04  1.07806460e-02  2.49618234e-02 -2.49149509e-04
  3.24923936e-02  1.84673774e-01  1.08314243e-02  8.14976015e-02
  1.80063730e-02 -4.17651049e-03 -1.95843343e-03 -1.81079383e-03
  3.72028671e-02  4.58414523e-04 -8.72407401e-05  3.80516505e-04
  2.79200220e-03  7.74338139e-05  1.22870235e-03  3.98109799e-04
  4.07573474e-04  1.41916224e-04  1.00704602e-03  3.98126730e-04]
[0.04494869450903227, 0.13992052387939988, 0.061605828084181614, 0.11803534960507026, 0.000686189702740223, 0.010780645960290547, 0.02496182344527634, -0.0002491495094075159, 0.03249239361979925, 0.18467377382211134, 0.010831424261310072, 0.08149760151733884]
[0.11313737855582359, -0.02624178933598188, -0.012305200162892172, -0.011377553189126957, 0.2337525079404216, 0.002880303393104139, -0.0005481497361971894, 0.002390855714320046, 0.01754266722699605, 0.00048653100175822145, 0.007720164529687447, 0.002501397637590571, 0.0025608596635089444, 0.0008916859319215017]
E for cur_iter:  -1.0021751269011874
params in def finance in vqe.py:  [ 4.29945037e-02  1.41465680e-01  6.52479310e-02  9.51455454e-02
  3.25260652e-17  1.11404726e-02  2.55762708e-02 -2.30667345e-17
  4.68531879e-02  1.88241277e-01 -3.81639165e-17  8.36469286e-02
  2.05740292e-02 -2.58281743e-18  1.15450014e-17  1.16328155e-18
  4.09505178e-02  3.05185307e-18  5.81327455e-03  1.82585583e-16
  5.04158380e-03  1.82149219e-03  3.73986879e-03  2.00590626e-03
  2.13162534e-03  1.67332817e-03  2.64121427e-03  2.31822927e-03]
[0.0429945037094145, 0.14146568005693136, 0.06524793102377321, 0.0951455453673698, 3.252606517456513e-17, 0.011140472591275532, 0.02557627078758006, -2.3066734546620197e-17, 0.046853187927926046, 0.18824127747408187, -3.8163916471489756e-17, 0.08364692861108852]
[0.12927043807025, -1.6228320541490384e-17, 7.253938288775035e-17, 7.309113553876682e-18, 0.2572996916337485, 1.9175358340664694e-17, 0.036525881254196736, 1.1472190503089437e-15, 0.03167720522907437, 0.011444772946344094, 0.02349828862972294, 0.012603480756015232, 0.013393397001620995, 0.010513830952886662]
E for cur_iter:  -0.9392306684104534
params in def finance in vqe.py:  [ 4.60169244e-02  1.40758215e-01  6.30921730e-02  1.08425742e-01
  2.92415282e-03  1.20258289e-02  2.51162633e-02 -2.56215983e-05
  3.25713622e-02  1.85132538e-01  1.12635538e-02  8.20478410e-02
  1.81751324e-02  7.77620586e-03 -9.64674976e-03  5.19235309e-04
  3.77125269e-02 -7.83040898e-05  1.92619172e-04 -6.08305013e-05
  2.54937700e-03 -2.36714456e-05  9.44414973e-04  1.11059775e-04
  1.08246229e-04  7.18358896e-05  7.02167211e-04  1.00548579e-04]
[0.0460169243851042, 0.14075821454933435, 0.06309217304996757, 0.10842574172038855, 0.0029241528170914728, 0.012025828887464842, 0.025116263312951248, -2.5621598280132695e-05, 0.03257136220092016, 0.18513253767124055, 0.011263553847144971, 0.08204784097673355]
[0.11419772512223708, 0.048859342414646234, -0.0606123163804504, 0.0032624516614106255, 0.2369547951248865, -0.0004919991067207458, 0.0012102619524400511, -0.00038220931200842403, 0.016018208088843886, -0.00014873207931478174, 0.00593393428525188, 0.0006978091480242685, 0.0006801311137295097, 0.00045135820600933395]
E for cur_iter:  -1.0031631265577086
params in def finance in vqe.py:  [ 4.13802442e-02  1.40644072e-01  5.90109207e-02  1.09864674e-01
  2.81892565e-17  7.72289139e-03  2.91815249e-02 -2.04214836e-17
  3.24321900e-02  1.90754117e-01  1.38773870e-02  8.06615357e-02
  2.27906382e-02  1.77843611e-02  1.28504349e-02  1.73481871e-17
  3.73432299e-02  1.55525771e-03  2.81904249e-17  6.51376423e-04
  2.28325191e-03 -3.31762277e-17  7.13279748e-04 -2.30615176e-17
 -2.61816038e-17  1.89220811e-16  1.83971697e-04 -2.41069238e-17]
[0.041380244178546806, 0.14064407163437626, 0.059010920713319315, 0.10986467435431749, 2.8189256484623115e-17, 0.0077228913884462465, 0.0291815249369448, -2.042148359888812e-17, 0.032432189985084146, 0.19075411664991673, 0.013877386955418751, 0.08066153571712226]
[0.14319780327309758, 0.11174243649780452, 0.08074166347991588, 1.0900187422408376e-16, 0.23463443314864146, 0.009771972399344256, 1.7712566358157869e-16, 0.00409271876953932, 0.014346094824622445, -2.0845238639657492e-16, 0.004481668834950155, -1.4489978826724536e-16, -1.6450386829021548e-16, 1.1889094224613653e-15]
E for cur_iter:  -0.9884188825352467
params in def finance in vqe.py:  [ 4.53070999e-02  1.49552023e-01  5.83517086e-02  1.06547896e-01
  5.43339005e-04  1.07492189e-02  2.42581423e-02  1.55120199e-05
  3.18050999e-02  1.83088115e-01  1.23302144e-02  7.94255396e-02
  2.24188583e-02 -1.29490198e-03 -1.04356468e-03  4.03524192e-03
  3.81900986e-02  1.49757922e-04  1.44663761e-04 -6.65897303e-04
  2.37013845e-03 -3.53937930e-04  6.87903565e-04 -1.35610577e-04
 -1.26761141e-04 -2.53541919e-04  4.78876081e-04 -1.25394092e-04]
[0.04530709994080405, 0.14955202294053144, 0.058351708564218896, 0.10654789596632389, 0.0005433390045452404, 0.010749218855861274, 0.024258142250125396, 1.551201990290556e-05, 0.03180509992899032, 0.18308811452022655, 0.01233021437114922, 0.07942553957166609]
[0.14086184131143337, -0.008136109071021325, -0.006556910266586167, 0.02535417276129948, 0.23995546642485605, 0.000940956772614646, 0.0009089492195438198, -0.004183956148497894, 0.014892019088994962, -0.0022238575989649203, 0.004322225573322863, -0.0008520663817808198, -0.0007964637360693617, -0.0015930508612646166]
E for cur_iter:  -0.9953074991487749
params in def finance in vqe.py:  [ 4.25413804e-02  1.31561296e-01  6.44980615e-02  1.06776757e-01
  1.64798730e-17  9.45840478e-03  3.06312585e-02 -1.12012839e-17
  3.22905394e-02  1.93597936e-01  1.57407672e-02  8.35466073e-02
  1.88372315e-02  1.37285743e-17  2.75685811e-17  1.98321925e-02
  3.68791771e-02  1.31432986e-03  4.50858294e-17  1.28843287e-03
  2.05193600e-03 -1.65736285e-17  4.39849868e-04 -3.88813209e-18
 -2.37980074e-17  1.48982528e-16 -3.48028897e-17 -1.25468593e-17]
[0.042541380379928204, 0.1315612962687117, 0.06449806152244164, 0.10677675729145471, 1.6479873021779667e-17, 0.009458404776691146, 0.03063125851952758, -1.1201283936486477e-17, 0.032290539376813594, 0.19359793551365176, 0.01574076715768364, 0.08354660729821675]
[0.11835781642185864, 8.62591765986027e-17, 1.7321850369196706e-16, 0.12460934057140242, 0.23171870351236692, 0.00825817805440256, 2.832826206696761e-16, 0.008095462482795645, 0.01289269412028465, -1.041351793217713e-16, 0.0027636582290894575, -2.4429854403478506e-17, -1.4952729058157398e-16, 9.360848292267814e-16]
E for cur_iter:  -0.9608998834738187
params in def finance in vqe.py:  [ 4.69777902e-02  1.39531148e-01  6.02765919e-02  1.07235826e-01
  3.53516052e-03  1.16227626e-02  2.51483318e-02  2.53386071e-03
  3.46291133e-02  1.84831985e-01  1.38001457e-02  8.29507252e-02
  1.85034288e-02 -7.33252531e-05 -1.56930867e-04 -1.49321999e-04
  3.83888067e-02 -8.65137322e-04  1.68547231e-04 -8.67846515e-04
  1.06311938e-02 -6.86795388e-04 -6.93213346e-03 -9.00125079e-05
 -9.63445213e-05 -3.20590022e-04  5.09569195e-04 -1.04273311e-04]
[0.04697779023335138, 0.13953114755575102, 0.06027659190835889, 0.10723582644924504, 0.003535160516224608, 0.011622762554015339, 0.02514833184309576, 0.002533860712507417, 0.0346291132606701, 0.1848319850130784, 0.013800145700445828, 0.08295072518813723]
[0.11626047175122832, -0.0004607161528257818, -0.0009860257191219956, -0.0009382177912097668, 0.24120398636447843, -0.005435818109637007, 0.0010590134829211915, -0.005452840474559105, 0.06679776087035953, -0.0043152626923909304, -0.043555879129820195, -0.00056556526681128, -0.0006053504809399385, -0.0020143265158661886]
E for cur_iter:  -0.9962899036393181
params in def finance in vqe.py:  [ 4.06265639e-02  1.38664279e-01  7.37326442e-02  1.02697239e-01
 -7.80625564e-18  2.08152072e-03  1.95830881e-02 -9.96882543e-18
  2.54105374e-02  1.81154923e-01  7.06047727e-03  7.16555458e-02
  9.68495488e-03 -4.61681102e-18 -4.61441223e-18 -8.37717195e-18
  4.11081172e-02 -8.92726296e-18 -3.37369558e-18 -7.37506489e-18
 -1.17093835e-17 -9.20197501e-18 -5.96311195e-18  1.92513015e-03
  2.37300502e-03 -5.07358020e-18  2.76170294e-03  3.20119042e-03]
[0.04062656387157745, 0.13866427928101277, 0.07373264424456573, 0.10269723890275625, -7.806255641895632e-18, 0.0020815207205872426, 0.019583088144397683, -9.968825432311455e-18, 0.025410537433583714, 0.18115492298879793, 0.0070604772723289475, 0.07165554575560369]
[0.06085236619476784, -2.9008279137909504e-17, -2.8993207129704167e-17, -5.2635323725881756e-17, 0.2582899181465166, -5.609164745526964e-17, -2.119755447793654e-17, -4.6338899350140435e-17, -7.357222612986957e-17, -5.781771416320748e-17, -3.74673373809521e-17, 0.012095949500880785, 0.014910030246507533, -3.187824458498427e-17]
E for cur_iter:  -0.938246774942384
params in def finance in vqe.py:  [ 4.88486099e-02  1.41851067e-01  6.41836077e-02  1.07926823e-01
  3.03433525e-03  1.27763141e-02  2.50716079e-02 -6.91317860e-04
  3.18277389e-02  1.85222082e-01  1.22031482e-02  8.30650346e-02
  1.88894418e-02  5.44390380e-04  6.42914232e-04  8.77166370e-04
  3.74545988e-02  9.66410553e-04  8.64327695e-05  8.53244215e-04
  2.22568328e-03  9.90619716e-04 -3.94189821e-04 -1.32516804e-04
  1.16840497e-02  6.07288553e-04  3.42492402e-04 -2.57972344e-04]
[0.04884860989903857, 0.14185106740215342, 0.06418360774225745, 0.10792682270142476, 0.0030343352528076693, 0.012776314094366036, 0.02507160785092247, -0.0006913178603537887, 0.03182773886378312, 0.185222082337649, 0.012203148236094054, 0.08306503462399273]
[0.11868586295011062, 0.0034205056358087393, 0.004039549258751424, 0.005511398848423972, 0.23533418486627516, 0.006072136584389825, 0.0005430731073959738, 0.005361091516733485, 0.013984380452951563, 0.006224247246430662, -0.002476767693889081, -0.0008326276354607241, 0.0734130493485131, 0.003815706516359444]
E for cur_iter:  -0.9972689193360216
params in def finance in vqe.py:  [ 6.35765317e-02  1.47887628e-01  7.39851639e-02  1.11612192e-01
 -9.54097912e-18  1.93715627e-02  2.92147946e-02 -7.75089654e-18
  3.01516855e-02  1.87927557e-01  1.27913961e-02  8.62083621e-02
  1.90639086e-02  2.21319240e-03  1.56232784e-03 -1.01706980e-17
  3.89081815e-02 -9.66483975e-18  2.46807654e-18 -4.18940446e-17
 -2.60208521e-17  2.63313260e-03 -8.56519716e-18 -8.56011341e-19
 -6.11067850e-18 -4.16317322e-17  5.44043348e-04  7.26811067e-04]
[0.06357653165234844, 0.14788762789500667, 0.0739851639122781, 0.11161219236534008, -9.540979117872439e-18, 0.01937156271074834, 0.029214794578714152, -7.750896540584842e-18, 0.030151685450634343, 0.1879275570501231, 0.01279139608871575, 0.08620836207503013]
[0.11978207014344056, 0.013905897950858337, 0.009816395299828806, -6.390437993887487e-17, 0.2444673143973415, -6.072597913080652e-17, 1.5507382279552713e-17, -2.632280456727726e-16, -1.634938358441546e-16, 0.016544460075234517, -5.381672096536756e-17, -5.37847788122075e-18, -3.8394525363440464e-17, -2.615798879699643e-16]
E for cur_iter:  -0.9157086437675911
params in def finance in vqe.py:  [ 4.41658246e-02  1.41925137e-01  6.33065576e-02  1.07011802e-01
  2.54919430e-03  1.16197123e-02  2.65250679e-02 -8.83194903e-04
  3.17703367e-02  1.81795254e-01  1.17302056e-02  8.74589353e-02
  1.75066910e-02  3.75084545e-04  4.24376627e-04  5.43912091e-04
  3.67074690e-02  1.74655615e-03 -8.45861056e-04  1.44787575e-03
  6.88247606e-04  1.97376317e-04 -1.82354360e-03  9.33017473e-03
 -7.47050243e-04  2.96135897e-05  4.60834955e-04 -1.43675589e-04]
[0.0441658245832365, 0.14192513680660523, 0.06330655763999311, 0.1070118015509986, 0.002549194297979543, 0.01161971229674653, 0.026525067870149504, -0.0008831949029223246, 0.031770336675354914, 0.1817952542562437, 0.011730205554663548, 0.08745893526079769]
[0.10999778365401254, 0.002356725699620908, 0.0026664369882387143, 0.003417500458517621, 0.2306398301782568, 0.010973935964791348, -0.005314701759385314, 0.009097271664325491, 0.004324387243840533, 0.0012401519728618916, -0.011457662350863205, 0.058623216797059646, -0.004693855108050486, 0.0001860676715874468]
E for cur_iter:  -0.9972673332422953
params in def finance in vqe.py:  [ 3.61678262e-02  1.44169496e-01  6.54636664e-02  1.05825692e-01
 -7.80625564e-18  9.70721489e-03  3.18302146e-02 -9.44723158e-18
  3.41620016e-02  1.74054645e-01  1.24521532e-02  9.83074093e-02
  1.36287095e-02  2.03052150e-04 -3.77283263e-18 -1.22578404e-17
  3.47971446e-02  3.26038644e-03  1.14215585e-17  2.71171596e-03
 -3.68628739e-17 -1.86527304e-18 -6.83047369e-18  5.06623622e-18
 -5.00866779e-18 -7.19028169e-17  1.04655092e-03  7.22772369e-04]
[0.0361678261911849, 0.1441694963850228, 0.06546366637911633, 0.10582569221689253, -7.806255641895632e-18, 0.009707214892257772, 0.03183021462278127, -9.447231579154349e-18, 0.0341620015935022, 0.17405464501585072, 0.012452153187505713, 0.09830740928368786]
[0.08563170755908538, 0.0012758142873613137, -2.370540652226302e-17, -7.701828287059456e-17, 0.2186369075530875, 0.020485612177219836, 7.17637687521051e-17, 0.017038213883639578, -2.316162674458857e-16, -1.171985613286416e-17, -4.291713190909059e-17, 3.18321009754355e-17, -3.147038785292101e-17, -4.517787229078048e-16]
E for cur_iter:  -0.9599109339306924
params in def finance in vqe.py:  [ 4.52948746e-02  1.40642182e-01  6.29011345e-02  1.06998428e-01
  2.26330382e-03  1.12341833e-02  2.48316727e-02 -5.58479244e-04
  3.23551712e-02  1.85378935e-01  1.18467449e-02  8.18821455e-02
  1.82080527e-02 -2.44065374e-04 -3.56642694e-04 -4.48616421e-04
  3.80284824e-02 -2.70181798e-04 -1.34047769e-04 -3.02071522e-04
  2.17190608e-03  8.91959406e-03 -2.78180514e-04 -6.95870664e-04
 -6.95204331e-04 -2.40866079e-04 -7.82437059e-03 -5.33765105e-04]
[0.045294874641394776, 0.14064218230640452, 0.06290113448428757, 0.1069984275620681, 0.002263303821552038, 0.011234183253839278, 0.024831672699307774, -0.0005584792436240427, 0.032355171163041645, 0.18537893527893587, 0.011846744931144538, 0.08188214548540262]
[0.1144045691927997, -0.0015335079709506648, -0.0022408521375628693, -0.00281874010299385, 0.23894000164233198, -0.001697602303131642, -0.000842246970427085, -0.0018979713492443984, 0.013646488385194736, 0.05604346232268686, -0.0017478597174908268, -0.004372284329665916, -0.004368097636155003, -0.0015134062104703433]
E for cur_iter:  -0.9982448256130421
params in def finance in vqe.py:  [ 4.26403677e-02  1.43914504e-01  6.53297028e-02  1.06281266e-01
 -1.51788304e-17  1.39821694e-02  3.19360216e-02  3.89392043e-03
  3.43041588e-02  1.95222344e-01  1.08017813e-02  8.24722031e-02
  1.30176972e-02 -4.39572389e-18 -2.40500956e-18 -9.83750443e-18
  4.22848119e-02 -6.23591546e-18 -1.39377606e-17 -1.28335167e-17
  3.60138948e-03 -5.56769175e-18  1.21957176e-02  9.36178602e-03
  9.60801869e-03 -5.83097368e-18 -7.48099499e-18  8.14456630e-03]
[0.0426403677042755, 0.143914503714225, 0.06532970276247256, 0.10628126563739178, -1.5178830414797062e-17, 0.013982169432822138, 0.03193602156416531, 0.003893920428879781, 0.03430415875164186, 0.1952223437990454, 0.01080178129362411, 0.08247220307596559]
[0.08179260372271255, -2.7619147757151407e-17, -1.5111120717737637e-17, -6.181086330976842e-17, 0.2656833090118656, -3.9181412375024355e-17, -8.757353235476789e-17, -8.063536328364205e-17, 0.022628197479516176, -3.498283898068635e-17, 0.07662795393163797, 0.058821836396043145, 0.060368961859049095, -3.663708814597299e-17]
E for cur_iter:  -0.9697872785734231
params in def finance in vqe.py:  [ 0.04653649  0.14070965  0.06377705  0.10868989  0.00692826  0.01236436
  0.02446193 -0.00219527  0.03287487  0.18340587  0.00944912  0.08253581
  0.01937797  0.00071729  0.00123649  0.00203816  0.03746616 -0.00104163
  0.00029009 -0.00090366  0.00239252 -0.00498442  0.00059535 -0.00070765
 -0.00025608 -0.00029562 -0.00527843  0.00707231]
[0.04653649206860992, 0.14070964779939815, 0.06377705186913282, 0.10868988986598672, 0.006928259855959544, 0.012364358299425475, 0.024461929742244252, -0.0021952678281868, 0.032874869429688806, 0.1834058705828728, 0.009449122139245699, 0.08253580894282213]
[0.12175534920659152, 0.00450686259592537, 0.007769070110136968, 0.012806153946187362, 0.2354068006350126, -0.006544747565459839, 0.0018226582225791008, -0.005677851137700694, 0.015032677341391198, -0.03131804699359501, 0.0037407234051116656, -0.0044463240819877575, -0.0016089939364437014, -0.0018574506292285253]
E for cur_iter:  -1.0011988046834293
params in def finance in vqe.py:  [ 3.77595649e-02  1.42534007e-01  6.81139249e-02  1.05551408e-01
 -6.07153217e-18  1.07999049e-02  3.06337573e-02 -1.12690412e-17
  3.46927019e-02  1.97137749e-01  8.75816840e-03  8.16417056e-02
  1.03860076e-02 -5.83843865e-18 -6.72138692e-18 -1.03181178e-17
  4.54652276e-02 -7.75094603e-18 -1.22926670e-17 -1.36645383e-17
  1.83540085e-03 -6.48435818e-18  8.45587428e-03  8.23876877e-03
  9.18435241e-03 -1.56379840e-17 -3.90312782e-18 -4.54376692e-18]
[0.037759564878249656, 0.1425340065951635, 0.06811392486352395, 0.10555140846134074, -6.071532165918825e-18, 0.01079990485867404, 0.03063375728563454, -1.1269041212376582e-17, 0.03469270185154948, 0.19713774869161932, 0.008758168401544877, 0.0816417055940944]
[0.06525721066062982, -3.668399197064402e-17, -4.223171951789287e-17, -6.483064618170424e-17, 0.28566644984236345, -4.8700630182090025e-17, -7.723710493996588e-17, -8.585682597125062e-17, 0.011532163643611018, -4.0742424021903947e-17, 0.053129825009345, 0.05176571089898887, 0.05770698810226596, -9.825635141927196e-17]
E for cur_iter:  -0.9677666412816105
params in def finance in vqe.py:  [ 5.00133340e-02  1.40903458e-01  6.10840324e-02  1.06611194e-01
  2.28033561e-03  5.40465069e-03  2.06153181e-02  5.24124296e-04
  3.06988460e-02  1.87606599e-01  1.05856726e-02  8.76406288e-02
  1.73583095e-02  9.95506891e-05  1.37379986e-04  2.35022824e-04
  3.80586202e-02  2.45979900e-04 -2.06173899e-03 -3.54543488e-04
  4.48915731e-03 -1.10244543e-03  4.52789340e-03 -2.42045365e-04
 -3.30493139e-04 -8.87495464e-04 -3.74865574e-04 -1.32571344e-03]
[0.050013333968141956, 0.1409034580112812, 0.061084032381986814, 0.10661119428460036, 0.002280335608475458, 0.005404650685445198, 0.0206153181119577, 0.000524124296252095, 0.030698846022639018, 0.18760659910039554, 0.010585672560797604, 0.08764062878193593]
[0.10906547495874701, 0.0006254954273664479, 0.0008631839109933905, 0.0014766919559168956, 0.2391293635465168, 0.0015455372930473891, -0.012954288151534214, -0.0022276624324558216, 0.028206207225751862, -0.0069268689036477375, 0.028449593279507843, -0.0015208158794127163, -0.0020765496337296265, -0.005576298460032899]
E for cur_iter:  -0.9884145712029816
params in def finance in vqe.py:  [ 4.98787912e-02  1.32861530e-01  5.68530312e-02  1.05588941e-01
 -9.10729825e-18  1.85606919e-02  3.01996428e-02 -1.66924060e-17
  3.35233669e-02  1.72454912e-01  1.36691086e-02  7.42954231e-02
  1.57571155e-02  1.46014926e-03  1.20498984e-03 -1.69567708e-17
  3.80747239e-02  1.70308432e-04 -6.27704499e-18  4.60843557e-04
  8.92502966e-03 -4.76818372e-18  1.22319566e-02  3.65827072e-03
  1.44876210e-03 -3.75625854e-17 -4.98732999e-18  7.37704643e-18]
[0.04987879118718269, 0.132861529974667, 0.056853031186303485, 0.10558894091198759, -9.107298248878237e-18, 0.018560691938490352, 0.030199642765710008, -1.6692406008655467e-17, 0.03352336691762427, 0.17245491188876466, 0.013669108639681921, 0.0742954230708285]
[0.0990048767417666, 0.009174388371483138, 0.007571174486554947, -1.0654253312689913e-16, 0.23923054558593887, 0.0010700794369517617, -3.943983683600529e-17, 0.0028955654640369804, 0.056077615235548876, -2.9959381896009003e-17, 0.07685565017322117, 0.02298559284936747, 0.009102840722162133, -2.3601268468543607e-16]
E for cur_iter:  -0.9481776356310696
{'IIIZ': -0.0007389802430548542, 'IIZI': 0.000618927047458695, 'IZII': -0.0012772629794151058, 'ZIII': 0.00025785020171742445, 'IIZZ': 0.5034804120100986, 'IZIZ': 0.5035016658557945, 'IZZI': 0.5035002207273829, 'ZIIZ': 0.503484434448624, 'ZIZI': 0.5034716148591135, 'ZZII': 0.503467526845492}
The optimized loss func value: -1.0031625819369694

   Return from subroutine COBYLA because the MAXFUN limit has been reached.

   NFVALS =  100   F =-1.003163E+00    MAXCV = 8.239937E-18
   X = 4.602431E-02   1.408810E-01   6.307731E-02   1.072280E-01   2.864985E-03
       1.204010E-02   2.532596E-02   1.897913E-17   3.234251E-02   1.854263E-01
       1.208926E-02   8.204346E-02   1.831425E-02   3.035766E-18  -7.589415E-18
       1.517883E-18   3.772449E-02  -3.686287E-18  -8.673617E-19   6.591949E-17
       2.487458E-03  -1.734723E-18   8.316138E-04  -8.239937E-18  -4.770490E-18
       4.163336E-17   6.045941E-04  -6.071532E-18
