lb in gen_LC_finance:  [0. 0. 0. 0. 0. 0. 0. 0. 0. 0. 0. 0. 0. 0. 0. 0. 0.]
ub in gen_LC_finance:  [1. 1. 1. 1. 1. 1. 1. 1. 1. 1. 1. 1. 1. 1. 1. 1. 1.]
<scipy.optimize._constraints.LinearConstraint object at 0x7f4b2ad8db80>
params in def finance in vqe.py:  [0. 0. 0. 0. 0. 0. 0. 0. 0. 0. 0. 0. 0. 0. 0. 0. 0.]
[0.0, 0.0, 0.0, 0.0, 0.0]
[0.0, 0.0, 0.0, 0.0, 0.0, 0.0, 0.0, 0.0, 0.0]
E for cur_iter:  3.0197664087732115
params in def finance in vqe.py:  [0.1 0.  0.  0.  0.  0.  0.  0.  0.  0.  0.  0.  0.  0.  0.  0.  0. ]
[0.1, 0.0, 0.0, 0.0, 0.0]
[0.0, 0.0, 0.0, 0.0, 0.0, 0.0, 0.0, 0.0, 0.0]
E for cur_iter:  1.096986575107674
params in def finance in vqe.py:  [0.1 0.1 0.  0.  0.  0.  0.  0.  0.  0.  0.  0.  0.  0.  0.  0.  0. ]
[0.1, 0.1, 0.0, 0.0, 0.0]
[0.0, 0.0, 0.0, 0.0, 0.0, 0.0, 0.0, 0.0, 0.0]
E for cur_iter:  0.1774042790137036
params in def finance in vqe.py:  [0.1 0.1 0.1 0.  0.  0.  0.  0.  0.  0.  0.  0.  0.  0.  0.  0.  0. ]
[0.1, 0.1, 0.1, 0.0, 0.0]
[0.0, 0.0, 0.0, 0.0, 0.0, 0.0, 0.0, 0.0, 0.0]
E for cur_iter:  0.17544037798567902
params in def finance in vqe.py:  [0.1 0.1 0.1 0.1 0.  0.  0.  0.  0.  0.  0.  0.  0.  0.  0.  0.  0. ]
[0.1, 0.1, 0.1, 0.1, 0.0]
[0.0, 0.0, 0.0, 0.0, 0.0, 0.0, 0.0, 0.0, 0.0]
E for cur_iter:  -0.5143261038509287
params in def finance in vqe.py:  [0.1 0.1 0.1 0.1 0.1 0.  0.  0.  0.  0.  0.  0.  0.  0.  0.  0.  0. ]
[0.1, 0.1, 0.1, 0.1, 0.1]
[0.0, 0.0, 0.0, 0.0, 0.0, 0.0, 0.0, 0.0, 0.0]
E for cur_iter:  -0.518253838596793
params in def finance in vqe.py:  [0.1 0.1 0.1 0.1 0.1 0.1 0.  0.  0.  0.  0.  0.  0.  0.  0.  0.  0. ]
[0.1, 0.1, 0.1, 0.1, 0.1]
[0.6283185307179586, 0.0, 0.0, 0.0, 0.0, 0.0, 0.0, 0.0, 0.0]
E for cur_iter:  -0.7890488205323122
params in def finance in vqe.py:  [0.1 0.1 0.1 0.1 0.1 0.1 0.1 0.  0.  0.  0.  0.  0.  0.  0.  0.  0. ]
[0.1, 0.1, 0.1, 0.1, 0.1]
[0.6283185307179586, 0.6283185307179586, 0.0, 0.0, 0.0, 0.0, 0.0, 0.0, 0.0]
E for cur_iter:  -0.7919941132986975
params in def finance in vqe.py:  [0.1 0.1 0.1 0.1 0.1 0.1 0.1 0.1 0.  0.  0.  0.  0.  0.  0.  0.  0. ]
[0.1, 0.1, 0.1, 0.1, 0.1]
[0.6283185307179586, 0.6283185307179586, 0.6283185307179586, 0.0, 0.0, 0.0, 0.0, 0.0, 0.0]
E for cur_iter:  -0.6778706111908888
params in def finance in vqe.py:  [0.1 0.1 0.1 0.1 0.1 0.1 0.1 0.  0.1 0.  0.  0.  0.  0.  0.  0.  0. ]
[0.1, 0.1, 0.1, 0.1, 0.1]
[0.6283185307179586, 0.6283185307179586, 0.0, 0.6283185307179586, 0.0, 0.0, 0.0, 0.0, 0.0]
E for cur_iter:  -0.7004987295807195
params in def finance in vqe.py:  [0.1 0.1 0.1 0.1 0.1 0.1 0.1 0.  0.  0.1 0.  0.  0.  0.  0.  0.  0. ]
[0.1, 0.1, 0.1, 0.1, 0.1]
[0.6283185307179586, 0.6283185307179586, 0.0, 0.0, 0.6283185307179586, 0.0, 0.0, 0.0, 0.0]
E for cur_iter:  -0.7919941132986975
params in def finance in vqe.py:  [0.1 0.1 0.1 0.1 0.1 0.1 0.1 0.  0.  0.  0.1 0.  0.  0.  0.  0.  0. ]
[0.1, 0.1, 0.1, 0.1, 0.1]
[0.6283185307179586, 0.6283185307179586, 0.0, 0.0, 0.0, 0.6283185307179586, 0.0, 0.0, 0.0]
E for cur_iter:  -0.6919233870686727
params in def finance in vqe.py:  [0.1 0.1 0.1 0.1 0.1 0.1 0.1 0.  0.  0.  0.  0.1 0.  0.  0.  0.  0. ]
[0.1, 0.1, 0.1, 0.1, 0.1]
[0.6283185307179586, 0.6283185307179586, 0.0, 0.0, 0.0, 0.0, 0.6283185307179586, 0.0, 0.0]
E for cur_iter:  -0.7919941132986975
params in def finance in vqe.py:  [0.1 0.1 0.1 0.1 0.1 0.1 0.1 0.  0.  0.  0.  0.  0.1 0.  0.  0.  0. ]
[0.1, 0.1, 0.1, 0.1, 0.1]
[0.6283185307179586, 0.6283185307179586, 0.0, 0.0, 0.0, 0.0, 0.0, 0.6283185307179586, 0.0]
E for cur_iter:  -0.7164665723414355
params in def finance in vqe.py:  [0.1 0.1 0.1 0.1 0.1 0.1 0.1 0.  0.  0.  0.  0.  0.  0.1 0.  0.  0. ]
[0.1, 0.1, 0.1, 0.1, 0.1]
[0.6283185307179586, 0.6283185307179586, 0.0, 0.0, 0.0, 0.0, 0.0, 0.0, 0.6283185307179586]
E for cur_iter:  -0.7919941053142959
params in def finance in vqe.py:  [0.1 0.1 0.1 0.1 0.1 0.1 0.1 0.  0.  0.  0.  0.  0.  0.  0.1 0.  0. ]
[0.1, 0.1, 0.1, 0.1, 0.1]
[0.6283185307179586, 0.6283185307179586, 0.0, 0.0, 0.0, 0.0, 0.0, 0.0, 0.0]
E for cur_iter:  -0.7919941132986975
params in def finance in vqe.py:  [0.1 0.1 0.1 0.1 0.1 0.1 0.1 0.  0.  0.  0.  0.  0.  0.  0.  0.1 0. ]
[0.1, 0.1, 0.1, 0.1, 0.1]
[0.6283185307179586, 0.6283185307179586, 0.0, 0.0, 0.0, 0.0, 0.0, 0.0, 0.0]
E for cur_iter:  -0.7919941132986975
params in def finance in vqe.py:  [0.1 0.1 0.1 0.1 0.1 0.1 0.1 0.  0.  0.  0.  0.  0.  0.  0.  0.  0.1]
[0.1, 0.1, 0.1, 0.1, 0.1]
[0.6283185307179586, 0.6283185307179586, 0.0, 0.0, 0.0, 0.0, 0.0, 0.0, 0.0]
E for cur_iter:  -0.7919941132986975
params in def finance in vqe.py:  [ 1.85210238e-01  1.40752365e-01  1.00087033e-01  1.30567809e-01
  1.00174062e-01  1.12000596e-01  1.00130524e-01  2.02540011e-18
 -1.25979297e-18  0.00000000e+00  1.81349142e-19  0.00000000e+00
  2.08166817e-18  0.00000000e+00  0.00000000e+00  0.00000000e+00
  0.00000000e+00]
[0.185210237595972, 0.14075236517840806, 0.10008703257142755, 0.13056780853114502, 0.10017406215992553]
[0.703720501697933, 0.6291386377897781, 1.272596424227162e-17, -7.91551269364594e-18, 0.0, 1.1394502675534255e-18, 0.0, 1.3079506867532366e-17, 0.0]
E for cur_iter:  1.2629303876987772
params in def finance in vqe.py:  [0.07842738 0.14510678 0.1        0.1        0.1        0.1
 0.1        0.         0.         0.         0.         0.
 0.         0.         0.         0.         0.        ]
[0.07842737900111033, 0.14510678466969537, 0.1, 0.1, 0.1]
[0.6283185307179586, 0.6283185307179586, 0.0, 0.0, 0.0, 0.0, 0.0, 0.0, 0.0]
E for cur_iter:  -0.6414712699911278
params in def finance in vqe.py:  [ 1.93691235e-02  4.84091869e-02  1.00076675e-01  1.26930095e-01
  1.00153348e-01  1.10572469e-01  1.00114991e-01  2.00422719e-18
  1.14621129e-19  0.00000000e+00 -5.31608651e-19  0.00000000e+00
  3.46944695e-19  0.00000000e+00  0.00000000e+00  0.00000000e+00
  0.00000000e+00]
[0.019369123495766416, 0.048409186902022935, 0.10007667528580336, 0.12693009544660747, 0.10015334794365978]
[0.694747312267153, 0.6290410411883456, 1.2592930838947859e-17, 7.201857914128074e-19, 0.0, -3.3401956678962263e-18, 0.0, 2.179917811255395e-18, 0.0]
E for cur_iter:  0.5410570816307055
params in def finance in vqe.py:  [0.1        0.1        0.1499998  0.09985764 0.1        0.1
 0.1        0.         0.         0.         0.         0.
 0.         0.         0.         0.         0.        ]
[0.1, 0.09999999999999999, 0.1499997973379694, 0.09985764072917605, 0.1]
[0.6283185307179586, 0.6283185307179586, 0.0, 0.0, 0.0, 0.0, 0.0, 0.0, 0.0]
E for cur_iter:  -0.7910092604304605
params in def finance in vqe.py:  [ 9.84570079e-02  9.37745280e-02  9.96837605e-02  3.05834772e-04
  1.00064589e-01  1.04453040e-01  1.00048433e-01 -7.03525130e-20
 -7.71133372e-19  0.00000000e+00 -2.80561877e-19  0.00000000e+00
  1.73472348e-19  2.06795153e-26  0.00000000e+00  0.00000000e+00
  0.00000000e+00]
[0.09845700787663776, 0.09377452804397812, 0.09968376046577532, 0.00030583477171294837, 0.10006458894228541]
[0.6562978086604799, 0.6286228464196153, -4.420378757625212e-19, -4.845173874055291e-18, 0.0, -1.7628222606192652e-18, 0.0, 1.0899589056276974e-18, 1.2993322677942484e-25]
E for cur_iter:  -0.6066717394649156
params in def finance in vqe.py:  [ 9.97705736e-02  9.90743392e-02  9.99922669e-02  9.89754913e-02
  1.35675748e-01  6.49959748e-02  1.00007202e-01 -1.07795218e-19
  4.33672708e-20  0.00000000e+00 -8.67361848e-20  0.00000000e+00
 -2.16840434e-20  5.16987883e-27  0.00000000e+00  0.00000000e+00
  0.00000000e+00]
[0.09977057363677888, 0.09907433915664265, 0.09999226688603503, 0.09897549133698956, 0.1356757481623437]
[0.4083817540024187, 0.6283637791956695, -6.77297330027822e-19, 2.724845985934151e-19, 0.0, -5.449795221155184e-19, 0.0, -1.3624486320346215e-19, 3.2483306694856204e-26]
E for cur_iter:  -0.9451022722877995
params in def finance in vqe.py:  [ 9.77816977e-02  9.81231460e-02  9.99902355e-02  9.82620139e-02
  1.18212740e-01  4.72569253e-02  1.00007202e-01 -1.07795218e-19
  4.33672708e-20  0.00000000e+00 -8.67361848e-20  0.00000000e+00
 -2.16840434e-20  5.16987883e-27  0.00000000e+00  0.00000000e+00
  0.00000000e+00]
[0.09778169773595727, 0.09812314597503077, 0.09999023547538789, 0.09826201394925138, 0.118212739501724]
[0.29692401856767914, 0.6283637791956695, -6.77297330027822e-19, 2.724845985934151e-19, 0.0, -5.449795221155184e-19, 0.0, -1.3624486320346215e-19, 3.2483306694856204e-26]
E for cur_iter:  -0.8901675789596588
params in def finance in vqe.py:  [ 1.46950004e-01  1.10762629e-01  9.99405043e-02  1.03341727e-01
  1.45159512e-01  5.96604787e-02  1.00103190e-01 -1.07795218e-19
 -1.07795218e-19  0.00000000e+00 -5.58838090e-19  0.00000000e+00
 -1.54352945e-19 -1.07795094e-19  0.00000000e+00  0.00000000e+00
  0.00000000e+00]
[0.1469500040620328, 0.11076262945864053, 0.09994050429433018, 0.10334172742106411, 0.1451595124658559]
[0.374857843414638, 0.628966894734722, -6.77297330027823e-19, -6.772973300278791e-19, 0.0, -3.51128327573595e-18, 0.0, -9.698281590627327e-19, -6.772965504284617e-19]
E for cur_iter:  -0.5348272342272186
params in def finance in vqe.py:  [ 9.76434181e-02  9.80570128e-02  1.00063101e-01  1.23854166e-01
  1.35665629e-01  6.42983339e-02  1.00007202e-01 -1.07795218e-19
  4.33672708e-20  0.00000000e+00 -8.67361848e-20  0.00000000e+00
 -2.16840434e-20  5.16987883e-27  0.00000000e+00  0.00000000e+00
  0.00000000e+00]
[0.09764341807129044, 0.09805701280194926, 0.10006310137171319, 0.1238541656091203, 0.13566562925834955]
[0.40399834691587017, 0.6283637791956695, -6.77297330027822e-19, 2.724845985934151e-19, 0.0, -5.449795221155184e-19, 0.0, -1.3624486320346215e-19, 3.2483306694856204e-26]
E for cur_iter:  -0.9019539590132546
params in def finance in vqe.py:  [ 6.67008418e-02  6.86451501e-02  9.98729037e-02  8.73477350e-02
  1.54222693e-01  6.61061704e-02  1.00136180e-01 -1.07795218e-19
  5.86094172e-19  0.00000000e+00 -1.04251118e-18  0.00000000e+00
 -1.03667856e-18 -1.07795053e-19  0.00000000e+00  0.00000000e+00
  0.00000000e+00]
[0.06670084176883964, 0.06864515007256841, 0.0998729036580434, 0.08734773500141907, 0.15422269268249422]
[0.41535731884900995, 0.6291741767958117, -6.772973300278207e-19, 3.6825382924829736e-18, 0.0, -6.5502909513880054e-18, 0.0, -6.51364348921136e-18, -6.77296290562008e-19]
E for cur_iter:  -0.8752996803208299
params in def finance in vqe.py:  [ 9.96650504e-02  9.92949806e-02  9.99922669e-02  9.89754913e-02
  1.35675748e-01  6.49959748e-02  1.25006005e-01 -1.07795218e-19
  4.33672708e-20  0.00000000e+00 -8.67361848e-20  0.00000000e+00
 -2.16840434e-20  5.16987883e-27  0.00000000e+00  0.00000000e+00
  0.00000000e+00]
[0.09966505037771305, 0.09929498063199106, 0.09999226688603503, 0.09897549133698956, 0.1356757481623437]
[0.4083817540024187, 0.7854358947664822, -6.77297330027822e-19, 2.724845985934151e-19, 0.0, -5.449795221155184e-19, 0.0, -1.3624486320346215e-19, 3.2483306694856204e-26]
E for cur_iter:  -0.9470700155872149
params in def finance in vqe.py:  [ 7.19863988e-02  1.39972459e-01  9.99440897e-02  9.50038802e-02
  1.43583349e-01  6.40899249e-02  1.24677483e-01 -1.07795218e-19
  2.39149477e-19  0.00000000e+00 -3.63636108e-19  0.00000000e+00
 -1.71345232e-19 -1.07795177e-19  0.00000000e+00  0.00000000e+00
  0.00000000e+00]
[0.07198639880811467, 0.13997245870105418, 0.0999440897290438, 0.09500388019757956, 0.14358334933175243]
[0.40268887463857167, 0.783371732225812, -6.772973300278187e-19, 1.5026204812275525e-18, 0.0, -2.2847930486935355e-18, 0.0, -1.0765938456543584e-18, -6.772970701613689e-19]
E for cur_iter:  -0.8860778796237344
params in def finance in vqe.py:  [ 9.96650504e-02  9.92949806e-02  9.99922669e-02  9.89754913e-02
  1.35675748e-01  6.49959748e-02  1.25006005e-01 -2.50000000e-02
  4.33672708e-20  0.00000000e+00 -8.67361848e-20  0.00000000e+00
 -2.16840434e-20  5.16987883e-27  0.00000000e+00  0.00000000e+00
  0.00000000e+00]
[0.09966505037771305, 0.09929498063199106, 0.09999226688603503, 0.09897549133698956, 0.1356757481623437]
[0.4083817540024187, 0.7854358947664822, -0.15707963267948968, 2.724845985934151e-19, 0.0, -5.449795221155184e-19, 0.0, -1.3624486320346215e-19, 3.2483306694856204e-26]
E for cur_iter:  -0.9451022722877995
params in def finance in vqe.py:  [ 1.36003751e-01  1.03401094e-01  9.97834667e-02  8.67478232e-02
  1.66707591e-01  5.79987970e-02  1.25818434e-01  6.95246216e-04
 -1.49557400e-18  0.00000000e+00  4.20248503e-19  0.00000000e+00
  2.72655865e-18 -1.07795053e-19  0.00000000e+00  0.00000000e+00
  0.00000000e+00]
[0.13600375117504765, 0.10340109370407762, 0.09978346670464402, 0.08674782323068626, 0.1667075913217267]
[0.3644171894168419, 0.7905405371399543, 0.004368360807038946, -9.396968575049459e-18, 0.0, 2.6404992204009592e-18, 0.0, 1.71314732351214e-17, -6.772962905620079e-19]
E for cur_iter:  -0.5763446485730652
params in def finance in vqe.py:  [ 9.96650504e-02  9.92949806e-02  9.99922669e-02  9.89754913e-02
  1.35675748e-01  6.49959748e-02  1.25006005e-01 -1.07795218e-19
 -2.50000000e-02 -3.78703290e-19 -4.65439475e-19 -3.78703290e-19
 -4.00387333e-19 -3.78703285e-19 -3.78703290e-19 -3.78703290e-19
 -3.78703290e-19]
[0.09966505037771305, 0.09929498063199106, 0.09999226688603503, 0.09897549133698956, 0.1356757481623437]
[0.4083817540024187, 0.7854358947664822, -6.77297330027822e-19, -0.15707963267948968, -2.379462946067781e-18, -2.9244424681832996e-18, -2.379462946067781e-18, -2.5157078092712433e-18, -2.3794629135844747e-18]
E for cur_iter:  -0.9401828900860563
params in def finance in vqe.py:  [ 9.70415408e-02  9.80761403e-02  6.17928009e-02  9.57064491e-02
  1.16864790e-01  9.08313261e-02  1.25179081e-01  1.73383719e-04
  6.06845126e-04 -2.96562240e-19 -2.49012771e-18 -2.64363010e-18
  1.11117538e-18  2.66776234e-18 -4.45142570e-19  6.58715046e-18
 -3.90526764e-18]
[0.09704154081281015, 0.0980761402867289, 0.061792800868641855, 0.09570644906403705, 0.11686479039698854]
[0.5707100533940233, 0.7865233596984744, 0.001089402033661973, 0.003812920379033435, -1.8633555121490625e-18, -1.5645933867355106e-17, -1.6610417804532972e-17, 6.981720836534882e-18, 1.676204516001533e-17]
E for cur_iter:  -0.9284823770066537
params in def finance in vqe.py:  [ 9.96650504e-02  9.92949806e-02  9.99922669e-02  9.89754913e-02
  1.35675748e-01  6.49959748e-02  1.25006005e-01 -1.07795218e-19
  4.22070561e-19 -2.50000000e-02 -8.61054262e-20  6.30758585e-22
 -2.10532849e-20  6.30763755e-22  6.30758585e-22  6.30758585e-22
  6.30758585e-22]
[0.09966505037771305, 0.09929498063199106, 0.09999226688603503, 0.09897549133698956, 0.1356757481623437]
[0.4083817540024187, 0.7854358947664822, -6.77297330027822e-19, 2.6519475446611965e-18, -0.15707963267948968, -5.410163490413214e-19, 3.963173074197032e-21, -1.322816901292651e-19, 3.9632055575037276e-21]
E for cur_iter:  -0.9470700155872149
params in def finance in vqe.py:  [ 9.65697441e-02  9.78487291e-02  1.32984722e-01  9.48889878e-02
  1.13856570e-01  9.51033492e-02  1.25210126e-01  2.04411837e-04
  7.15443917e-04 -2.82115003e-18 -4.72000914e-18  9.02478324e-19
 -2.16898448e-18 -2.88335278e-18  4.39076248e-18  1.73747237e-18
  2.48004636e-18]
[0.09656974408183351, 0.09784872910269313, 0.13298472182243504, 0.09488898777973835, 0.1138565699575892]
[0.5975519665916154, 0.7867184226702196, 0.0012843574492021528, 0.004495266706603033, -1.7725808398044278e-17, -2.9656692098606483e-17, 5.67043854765106e-18, -1.362813138603887e-17, -1.8116639820070984e-17]
E for cur_iter:  -0.8911691560764854
params in def finance in vqe.py:  [ 9.96650504e-02  9.92949806e-02  9.99922669e-02  9.89754913e-02
  1.35675748e-01  6.49959748e-02  1.25006005e-01 -1.07795218e-19
  4.22070561e-19 -6.30758585e-22 -2.50000000e-02  1.50998348e-18
  1.48829944e-18  1.50998349e-18  1.50998348e-18  1.50998348e-18
  1.50998348e-18]
[0.09966505037771305, 0.09929498063199106, 0.09999226688603503, 0.09897549133698956, 0.1356757481623437]
[0.4083817540024187, 0.7854358947664822, -6.77297330027822e-19, 2.651947544661197e-18, -3.9631730741969165e-21, -0.15707963267948968, 9.487506034768972e-18, 9.35126117156551e-18, 9.48750606725228e-18]
E for cur_iter:  -0.9460956004225638
params in def finance in vqe.py:  [ 6.41821460e-02  6.80825282e-02  9.88481356e-02  9.04865386e-02
  1.49153652e-01  6.52091813e-02  1.25322034e-01  1.90313796e-04
  6.66100602e-04 -1.12188839e-19  9.42422972e-05  1.48908999e-03
 -2.37899479e-19  1.48908979e-03  1.48908999e-03  1.48908999e-03
  1.48908999e-03]
[0.06418214603868, 0.06808252816734306, 0.09884813558207954, 0.09048653864700104, 0.14915365193937793]
[0.40972137014056553, 0.7874215604805874, 0.001195776846116839, 0.0041852335175188195, -7.049032664685562e-19, 0.0005921418168422551, 0.00935622832346775, -1.4947665092485953e-18, 0.009356227110458594]
E for cur_iter:  -0.8575748565590378
params in def finance in vqe.py:  [ 1.00086412e-01  9.97064942e-02  9.99947064e-02  9.94055267e-02
  1.35242884e-01  6.47984853e-02  1.25385214e-01 -1.07791367e-19
 -3.35013392e-19  6.30262484e-22  1.33115412e-18  2.49819535e-02
  8.08171722e-07  8.08171722e-07  8.08171722e-07  8.08171722e-07
  8.08171722e-07]
[0.10008641208748673, 0.099706494188073, 0.09999470640221568, 0.09940552669741508, 0.1352428841384255]
[0.4071408908379354, 0.7878185324233322, -6.772731340981176e-19, -2.1049512250893953e-18, 3.960055978092983e-21, 8.363888029082228e-18, 0.1569662429366037, 5.07789268636231e-06, 5.077892686362446e-06]
E for cur_iter:  -0.9441189372744294
params in def finance in vqe.py:  [ 9.41533768e-02  9.78932803e-02  9.88743476e-02  1.25425485e-01
  1.14759036e-01  4.85854889e-02  1.57355779e-01  2.20179598e-04
  7.70631274e-04  1.21644283e-20  1.09031671e-04  5.53751873e-19
 -6.44271311e-20  1.79093638e-03  1.79093660e-03  1.79093660e-03
  1.79093660e-03]
[0.09415337680187937, 0.0978932803125644, 0.09887434764417873, 0.12542548476717585, 0.11475903603649643]
[0.3052716301207445, 0.9886955164399924, 0.0013834292172723317, 0.004842019100842542, 7.64313571273846e-20, 0.0006850661917802309, 3.479325630708177e-18, -4.0480760362089773e-19, 0.011252785117863418]
E for cur_iter:  -0.9716728457070472
params in def finance in vqe.py:  [ 9.41533961e-02  9.78932944e-02  9.88743477e-02  1.25425487e-01
  1.14759032e-01  4.85854892e-02  1.57355779e-01  2.20179598e-04
  7.70631274e-04  1.15336902e-20  1.09031671e-04  8.08094827e-07
 -2.50000000e-02  1.79093481e-03  1.79093503e-03  1.79093503e-03
  1.79093503e-03]
[0.09415339611289501, 0.09789329439920097, 0.09887434767167431, 0.12542548716062465, 0.11475903241177776]
[0.3052716321885018, 0.9886955171629184, 0.0013834292172723317, 0.004842019100842544, 7.246831290579933e-20, 0.0006850661917802215, 5.077409540839168e-06, -0.15707963259735366, 0.011252775265268003]
E for cur_iter:  -0.9716846663133677
params in def finance in vqe.py:  [ 1.28299955e-01  9.96472736e-02  9.32062580e-02  1.26596994e-01
  1.27077213e-01  4.33994316e-02  1.78970343e-01  1.23083667e-03
  4.30794333e-03  1.04034021e-20  6.09503241e-04  6.83767347e-19
  3.46944695e-18  1.51788304e-18  2.60208521e-18  3.46944695e-18
 -1.73472348e-18]
[0.1282999548336957, 0.09964727356753197, 0.09320625801044191, 0.1265969941090348, 0.12707721348177434]
[0.27268667102429756, 1.1245038268870438, 0.007733574890538786, 0.027067606257164593, 6.536650318819345e-20, 0.003829621807145714, 4.296236946132611e-18, 2.179917811255395e-17, 9.537140424242352e-18]
E for cur_iter:  -0.7925997221634672
params in def finance in vqe.py:  [ 9.26174089e-02  9.69145133e-02  9.88746629e-02  1.25749019e-01
  1.14566131e-01  4.82809172e-02  1.57859019e-01  2.20179598e-04
  7.70631274e-04  1.08881069e-20  1.09031671e-04  2.46692335e-05
 -2.49999994e-02 -2.31310462e-02  1.96329956e-03  1.96329956e-03
  1.96329956e-03]
[0.09261740889864259, 0.09691451332121764, 0.09887466290358546, 0.12574901874719113, 0.11456613136357431]
[0.3033579493362163, 0.9918574663595545, 0.0013834292172723317, 0.004842019100842548, 6.841199301084005e-20, 0.0006850661917802129, 0.00015500136571513582, -0.15707962869344883, -0.14533664931187606]
E for cur_iter:  -0.9825038490038196
params in def finance in vqe.py:  [ 6.80500091e-02  7.26964455e-02  9.72856439e-02  1.21861473e-01
  1.24278184e-01  4.63000715e-02  1.63522299e-01  4.94909105e-04
  1.73218789e-03  1.12692485e-20  2.45076143e-04  5.59309194e-04
  5.55111512e-17 -3.46944695e-18  2.41787450e-03  2.41787450e-03
  2.41787450e-03]
[0.06805000905600297, 0.07269644550379922, 0.09728564389472309, 0.12186147315764563, 0.12427818443476583]
[0.29091192911963193, 1.027440906559789, 0.0031096056195603705, 0.010883657521478105, 7.080677641383398e-20, 0.00153985881831445, 0.0035142433107346834, 3.487868498008632e-16, -2.179917811255395e-17]
E for cur_iter:  -0.9185374742604389
params in def finance in vqe.py:  [ 9.10141673e-02  9.79393544e-02  9.88760132e-02  1.26142715e-01
  1.14261139e-01  4.79929982e-02  1.58337886e-01  2.20179598e-04
  7.70631274e-04  1.02435455e-20  1.09031671e-04  1.40243279e-05
 -2.49999987e-02 -2.32226918e-02 -2.29523215e-02  2.06913138e-03
  2.06913138e-03]
[0.09101416729124569, 0.09793935436606022, 0.09887601324409252, 0.1261427145406347, 0.1142611391357165]
[0.3015489010875603, 0.9948662809796912, 0.0013834292172723317, 0.0048420191008425525, 6.436209458235053e-20, 0.0006850661917802034, 8.811745108699779e-05, -0.157079624731486, -0.14591247616030403]
E for cur_iter:  -0.983492155234799
params in def finance in vqe.py:  [ 7.53298666e-02  1.21080797e-01  9.79421006e-02  1.25057422e-01
  1.18029853e-01  4.71778065e-02  1.61177513e-01  3.84981992e-04
  1.34744166e-03  1.15932310e-20  1.90640868e-04 -3.18314982e-18
  8.32667268e-17  6.93889390e-18 -3.46944695e-18  1.06267117e-03
  1.06267117e-03]
[0.07532986657260411, 0.12108079691515028, 0.09794210058929397, 0.12505742176772247, 0.11802985341734629]
[0.29642690092790847, 1.0127081840859302, 0.002418913198362902, 0.008466225639535295, 7.284241899362988e-20, 0.001197831903765011, -2.0000320153070736e-17, 5.231802747012948e-16, 4.35983562251079e-17]
E for cur_iter:  -0.9539601456431961
params in def finance in vqe.py:  [ 9.04929686e-02  9.70137112e-02  1.00583765e-01  1.26558482e-01
  1.12482072e-01  4.91755150e-02  1.58812203e-01  2.20179598e-04
  7.70631274e-04  9.75303635e-21  1.09031671e-04  2.89968645e-06
 -2.49999981e-02 -2.33184677e-02 -2.30418913e-02 -2.27324574e-02
  1.14299491e-03]
[0.09049296863264829, 0.09701371120741718, 0.10058376510685284, 0.12655848234117795, 0.11248207170119671]
[0.30897887305916333, 0.997846497688192, 0.0013834292172723317, 0.004842019100842555, 6.128013468472546e-20, 0.0006850661917801936, 1.8219267296803357e-05, -0.1570796205909687, -0.1465142538987412]
E for cur_iter:  -0.975638369006834
params in def finance in vqe.py:  [ 8.87910790e-02  9.74219900e-02  1.17424730e-01  1.25299709e-01
  1.01090262e-01  6.40172530e-02  1.60886534e-01  3.75943703e-04
  1.31580754e-03  2.41505984e-20  1.86165159e-04 -4.33680869e-19
  9.02056208e-17 -1.38777878e-17 -1.73472348e-17  6.26066879e-03
 -2.60208521e-18]
[0.08879107899722245, 0.09742199002435953, 0.11742472971453399, 0.1252997088819246, 0.10109026246935848]
[0.4022322633261181, 1.0108799061778033, 0.0023621239495271494, 0.008267462577318573, 1.517426852180652e-19, 0.0011697101943574152, -2.7248972640692436e-18, 5.667786309264027e-16, -8.71967124502158e-17]
E for cur_iter:  -0.9265704828180326
params in def finance in vqe.py:  [ 9.06698287e-02  9.71327755e-02  9.77059315e-02  1.24830148e-01
  1.11896702e-01  4.43098989e-02  1.57199842e-01  2.20179598e-04
  7.70631274e-04  9.60966361e-21  1.09031671e-04  3.78835858e-06
 -2.49999981e-02 -2.33108169e-02 -2.30347362e-02  2.89145832e-03
 -2.24257074e-02]
[0.09066982869038435, 0.09713277553855175, 0.0977059314868229, 0.12483014835473483, 0.11189670175427603]
[0.27840730585759327, 0.987715739797918, 0.0013834292172723317, 0.004842019100842554, 6.037929720982379e-20, 0.0006850661917801958, 2.380295894524549e-05, -0.15707962092172653, -0.14646618195823963]
E for cur_iter:  -0.9883975463316665
params in def finance in vqe.py:  [ 9.00726122e-02  9.73093185e-02  9.69267187e-02  1.17244930e-01
  1.01668173e-01  3.38787765e-02  1.52104097e-01  3.12658287e-04
  1.09430781e-03  1.46850473e-20  1.54826586e-04 -4.70950319e-19
  7.63278329e-17 -1.73472348e-17 -3.46944695e-17  3.11676106e-03
  0.00000000e+00]
[0.09007261221193961, 0.09730931849908993, 0.09692671872056265, 0.11724492973970181, 0.10166817256768185]
[0.21286663069725784, 0.9556982262507709, 0.0019644899559426686, 0.006875738759401449, 9.226887352475194e-20, 0.0009728041276745551, -2.959068122700194e-18, 4.795819184761868e-16, -1.0899589056276974e-16]
E for cur_iter:  -0.9619071406386139
params in def finance in vqe.py:  [ 9.26814996e-02  9.50957309e-02  9.49176983e-02  1.45754315e-01
  1.13537902e-01  4.42177081e-02  1.45309705e-01  2.20179598e-04
  7.70631274e-04  1.00507211e-20  1.09031671e-04 -1.48447423e-04
 -1.98256771e-02 -2.33406467e-02 -2.31677614e-02  2.75550281e-03
 -2.29710332e-02]
[0.09268149962610674, 0.09509573089165249, 0.09491769826713, 0.1457543153729357, 0.11353790237537036]
[0.27782805393750776, 0.9130078059014015, 0.0013834292172723315, 0.0048420191008425465, 6.315054286322012e-20, 0.0006850661917802005, -0.0009327226650384082, -0.12456840306232451, -0.14665360824106466]
E for cur_iter:  -0.9147845393622269
params in def finance in vqe.py:  [ 8.21952899e-02  1.01471536e-01  1.01268618e-01  1.13270450e-01
  1.06458480e-01  4.04856837e-02  1.53564064e-01  5.49344294e-04
  1.92271172e-03  9.62109981e-21  2.72032135e-04 -6.83555588e-19
  0.00000000e+00  2.08166817e-17  0.00000000e+00  4.39229341e-03
 -3.46944695e-18]
[0.08219528992889717, 0.10147153575993437, 0.10126861785057241, 0.11327045015020248, 0.10645848035823424]
[0.254379052902476, 0.9648714733336801, 0.0034516319978013204, 0.012080754008785225, 6.045115299256913e-20, 0.0017092283136992106, -4.29490642989039e-18, 0.0, 1.307950686753237e-16]
E for cur_iter:  -0.9835193912167006
params in def finance in vqe.py:  [ 5.75729925e-02  1.14081787e-01  1.11646806e-01  7.98277997e-02
  9.08952595e-02  2.96209874e-02  1.43131346e-01  1.50395582e-03
  5.26386368e-03  8.04552626e-21  7.44750273e-04 -3.71344466e-18
  2.72618174e-17 -6.93889390e-19  1.25631374e-03  8.74975830e-03
  2.57787119e-03]
[0.05757299251602091, 0.11408178698363747, 0.11164680586515965, 0.07982779973076723, 0.09089525949628396]
[0.1861141525548277, 0.8993207670543144, 0.009449633116941024, 0.03307383093903205, 5.055153238520599e-20, 0.0046794039711747495, -2.3332260928643777e-17, 1.7129105050187388e-16, -4.359835622510716e-18]
E for cur_iter:  -0.7009939696272762
params in def finance in vqe.py:  [ 0.08511405  0.10174747  0.10515522  0.11165575  0.11254566  0.04023587
  0.15175294  0.01111769  0.01249106  0.01056835  0.01084038 -0.01047134
  0.00111044 -0.00031066 -0.00030642  0.0041081  -0.00061814]
[0.08511404702463657, 0.10174747230161464, 0.10515521753384725, 0.11165574931590715, 0.11254566408610872]
[0.2528094220950275, 0.9534918193632983, 0.06985453311334147, 0.07848365512432538, 0.06640290111554015, 0.06811212942923935, -0.06579337322814986, 0.006977112768049879, -0.0019519209783446676]
E for cur_iter:  -0.9638710099462999
params in def finance in vqe.py:  [ 1.16055622e-01  1.01428750e-01  8.85662268e-02  1.06459811e-01
  1.10978182e-01  2.79348716e-02  1.79464633e-01 -2.81892565e-18
 -7.80625564e-18 -1.78638616e-18 -3.52365706e-18  1.74826829e-03
  1.69926436e-02  9.49523729e-19  3.55394615e-19  3.35817247e-03
  4.57034885e-05]
[0.11605562204837797, 0.10142875004346015, 0.0885662268167764, 0.10645981096808621, 0.11097818163847378]
[0.1755199746635199, 1.1276095480241586, -1.7711832216450085e-17, -4.9048150753246384e-17, -1.1224195296700547e-17, -2.2139790270562603e-17, 0.010984693606857422, 0.10676792860787176, 5.96603354451886e-18]
E for cur_iter:  -0.6827958268454419
params in def finance in vqe.py:  [ 8.28143513e-02  9.99632510e-02  9.83685239e-02  1.30275645e-01
  1.02163468e-01  3.45003290e-02  1.37612384e-01  6.12670067e-04
  2.21600780e-03 -3.31223764e-18  2.88921999e-04 -2.94887802e-18
  3.83403049e-03 -2.01955902e-17 -1.45071287e-17  4.56984502e-03
  1.09787175e-03]
[0.08281435127097805, 0.09996325101602649, 0.09836852389292691, 0.13027564459698998, 0.10216346781908404]
[0.21677196014011715, 0.8646441111878611, 0.0038495195619609734, 0.013923587679691256, -2.081140285432885e-17, 0.0018153504564731012, -1.852834704311254e-17, 0.02408992402143912, -1.2689263531036692e-16]
E for cur_iter:  -0.9952821220732537
params in def finance in vqe.py:  [ 8.43530374e-02  1.00298637e-01  1.07352040e-01  1.31445220e-01
  1.06985243e-01  2.81969050e-02  1.38318584e-01 -6.72631232e-04
  9.30706506e-04 -1.28530130e-03 -9.96379300e-04  1.25674147e-03
  3.97343150e-03 -3.85902824e-05 -3.97332137e-05  4.53284433e-03
  1.02145209e-03]
[0.08435303741692096, 0.10029863669358008, 0.10735204011940093, 0.1314452201692166, 0.10698524255161111]
[0.17716637891323417, 0.8690812951824851, -0.0042262666733572565, 0.005847801444373022, -0.00807578623531825, -0.0062604357788451324, 0.007896339565764285, 0.024965806445964744, -0.00024246989507696162]
E for cur_iter:  -0.9943021910702539
params in def finance in vqe.py:  [ 1.00348847e-01  9.93560293e-02  8.86067664e-02  1.32123629e-01
  1.01933332e-01  2.74498682e-02  1.45644041e-01 -2.07082615e-17
  1.53632383e-03 -2.10543560e-17 -2.04914211e-17  5.23112504e-04
  1.39637533e-02 -3.06495721e-17 -2.38456063e-17  4.09764222e-03
  1.50727836e-03]
[0.10034884667867819, 0.09935602927942393, 0.08860676638282333, 0.1321236288452216, 0.10193333152611274]
[0.1724726085864583, 0.9151084972320043, -1.3011384435930638e-16, 0.009653007288868132, -1.3228842029893538e-16, -1.2875139572727177e-16, 0.0032868127971602246, 0.08773684963399972, -1.9257694107045028e-16]
E for cur_iter:  -0.9460965816410931
params in def finance in vqe.py:  [ 8.27662716e-02  1.00043155e-01  9.83779165e-02  1.30701688e-01
  1.01736807e-01  3.42272197e-02  1.38370200e-01 -2.08526360e-03
  1.34449881e-02 -2.69793366e-03 -2.40901167e-03  2.67099680e-03
  3.42890028e-03  3.04943930e-05  3.50466482e-05  4.60548724e-03
  1.11953241e-03]
[0.08276627155150322, 0.10004315545203256, 0.09837791647392127, 0.13070168814556204, 0.10173680670581972]
[0.2150559639484485, 0.8694056057262631, -0.013102097596760131, 0.08447735196520115, -0.016951617158721122, -0.015136266702248, 0.016782367831622225, 0.021544415843503684, 0.00019160192230176633]
E for cur_iter:  -0.9942982504235462
params in def finance in vqe.py:  [ 7.31003710e-02  1.05750379e-01  9.94090722e-02  1.21876047e-01
  9.03245264e-02  2.42019229e-02  1.25429062e-01 -2.07082615e-17
  1.44572564e-04 -2.09186929e-17 -2.03287907e-17  8.88232163e-04
 -3.07913417e-17 -2.90175826e-17  4.88237107e-04  6.95434730e-03
  3.26537359e-03]
[0.07310037096391209, 0.10575037858280131, 0.09940907220850903, 0.12187604720199899, 0.09032452636906427]
[0.15206516611460183, 0.7880940403034078, -1.3011384435930638e-16, 0.0009083762088850971, -1.3143602365708732e-16, -1.277295592532458e-16, 0.005580927273989365, -1.934677057489163e-16, -1.8232284875495984e-16]
E for cur_iter:  -0.9423007820352126
params in def finance in vqe.py:  [ 8.24381966e-02  9.98417972e-02  9.83765989e-02  1.30833790e-01
  1.01423628e-01  3.38789340e-02  1.38610879e-01  1.15311853e-02
  2.25814513e-03 -3.40284747e-03 -3.11392547e-03  3.37115436e-03
  3.53370930e-03  7.34253040e-05  6.24117569e-05  4.62906961e-03
  1.19542904e-03]
[0.08243819658167642, 0.09984179719752004, 0.09837659894421459, 0.13083379026815722, 0.10142362767937207]
[0.21286762035618823, 0.8709178360798625, 0.07245257419368738, 0.014188344322838652, -0.02138072123030789, -0.019565370773834762, 0.021181587516512664, 0.022202950342923987, 0.00046134479131965686]
E for cur_iter:  -0.9952821220732537
params in def finance in vqe.py:  [ 6.91317130e-02  8.28186774e-02  9.34143506e-02  1.33782191e-01
  1.11590754e-01  3.24004387e-02  1.40277397e-01 -1.92987987e-17
  1.54829691e-03 -1.97479941e-17 -2.12503626e-17  7.12166349e-04
  5.90876883e-03  5.25597658e-04  9.39607711e-05  5.26418471e-03
  7.23481574e-04]
[0.06913171296187375, 0.08281867744254494, 0.09341435057246317, 0.13378219139189254, 0.11159075350966866]
[0.20357796034380357, 0.8813888788496769, -1.2125792825108135e-16, 0.00972823640790013, -1.2408030629656257e-16, -1.3351996593939293e-16, 0.004474673142964565, 0.03712588948122612, 0.0033024274810027174]
E for cur_iter:  -0.9637979817661577
params in def finance in vqe.py:  [ 8.23923676e-02  9.97832840e-02  9.89822354e-02  1.31290408e-01
  1.00693222e-01  3.42304028e-02  1.39056581e-01  6.29762006e-04
  2.27655078e-03 -4.67449906e-03  1.06340184e-02  4.62089113e-03
  3.66213507e-03  9.67442533e-05  8.33725516e-05  4.76039437e-03
  1.14528313e-03]
[0.0823923675740858, 0.09978328398236162, 0.0989822353833296, 0.13129040777391482, 0.10069322206242967]
[0.21507596393895162, 0.8737182644461884, 0.003956911384638499, 0.014303990383963313, -0.02937074380118791, 0.0668155084432098, 0.029033915272981103, 0.02300987328710181, 0.0006078620710266776]
E for cur_iter:  -0.9962654570866238
params in def finance in vqe.py:  [ 8.37582649e-02  9.54400569e-02  1.12159278e-01  1.37217029e-01
  9.19210048e-02  4.90457902e-02  1.39399803e-01 -1.97324795e-17
  1.21139450e-03  9.27139209e-05 -2.34729770e-17 -1.98526867e-17
  9.27819760e-03 -4.14203268e-17 -3.25931469e-17  8.21507790e-03
 -2.60208521e-17]
[0.08375826486658111, 0.09544005693490148, 0.11215927762669918, 0.1372170287464578, 0.09192100482242947]
[0.30816378806104144, 0.8758747947967497, -1.2398282551515058e-16, 0.007611416152838972, 0.0005825387456945143, -1.4748506441774781e-16, -1.2473810909923472e-16, 0.058296634849520544, -2.602515887124269e-16]
E for cur_iter:  -0.9629153554970233
params in def finance in vqe.py:  [ 8.33803408e-02  9.94299865e-02  9.83560784e-02  1.32322674e-01
  1.00575685e-01  3.34366700e-02  1.39709684e-01  6.30205899e-04
  2.23570184e-03  7.84638660e-03  3.23785355e-04  5.94563408e-03
 -3.04559993e-04  5.41604076e-03  2.44811728e-05  4.68726683e-03
  1.19602613e-03]
[0.08338034083843122, 0.09942998646191675, 0.09835607837272707, 0.13232267413512813, 0.1005756846964262]
[0.21008879339800984, 0.8778218335989078, 0.0039597004446611, 0.014047328938071299, 0.04930030098802314, 0.0020344033873672777, 0.037357520705055866, -0.0019136068730297713, 0.034029987735141584]
E for cur_iter:  -0.9952821220732537
params in def finance in vqe.py:  [ 8.93375427e-02  9.71078247e-02  9.74533007e-02  1.33257605e-01
  1.04249202e-01  3.68926394e-02  1.35136763e-01  1.30005632e-04
  1.23703737e-03 -2.73764163e-17  6.74056653e-05 -2.48988076e-17
 -7.37257477e-17  2.30544562e-02 -4.83845910e-17  4.85272657e-03
  1.84374507e-04]
[0.08933754272579197, 0.09710782465387176, 0.09745330066785114, 0.13325760512692725, 0.10424920198807759]
[0.2318032897517193, 0.8490893259400568, 0.0008168494760361488, 0.00777253501745148, -1.7201109654810446e-16, 0.00042352228608993995, -1.5644382196652437e-16, -4.632325348917714e-16, 0.14485542031427617]
E for cur_iter:  -0.9883944359825526
params in def finance in vqe.py:  [ 8.40392085e-02  1.01074310e-01  9.73600842e-02  1.29012441e-01
  1.05823962e-01  3.61696066e-02  1.35084884e-01  5.62157848e-04
  2.04641475e-03  6.15408486e-04  2.60700655e-04  2.90936141e-03
  4.63137548e-03 -8.72921061e-04 -1.17934476e-04  1.54343952e-02
  1.04008132e-03]
[0.08403920848300894, 0.1010743104936059, 0.09736008415045187, 0.1290124406939524, 0.10582396235632488]
[0.22726034068711592, 0.8487633576690967, 0.003532141929317605, 0.012858003110086334, 0.0038667255573371336, 0.0016380305237489582, 0.018280056849947095, 0.029099790380300382, -0.005484724787397851]
E for cur_iter:  -0.990362731887109
params in def finance in vqe.py:  [ 8.68808763e-02  9.91842198e-02  9.91337150e-02  1.23027093e-01
  1.10688238e-01  4.31674014e-02  1.24595223e-01  1.67306260e-04
  1.29973403e-03  2.55184544e-03 -2.56955915e-17  1.34770193e-02
  8.94685464e-03 -6.23065729e-17 -4.96820254e-17 -2.68882139e-17
 -3.51281504e-17]
[0.08688087633410493, 0.0991842197930434, 0.09913371495498681, 0.12302709279446583, 0.11068823807041733]
[0.2712287821398229, 0.7828548745836356, 0.0010512162339159077, 0.008166469745632541, 0.016033717782060804, -1.6145016289610268e-16, 0.08467860964203093, 0.056214745606928705, -3.914837434723092e-16]
E for cur_iter:  -0.988394980603292
params in def finance in vqe.py:  [ 8.27777920e-02  1.00453325e-01  9.78357181e-02  1.30908450e-01
  1.01972772e-01  3.39372081e-02  1.37631814e-01  5.83372159e-04
  2.12437686e-03 -3.43483420e-05  2.22649883e-04  8.30376591e-05
  3.37601130e-03 -5.28388176e-04 -9.03173678e-06  4.60618535e-03
 -1.13302503e-02]
[0.08277779197704271, 0.10045332520140204, 0.09783571814084376, 0.13090845027342035, 0.10197277227644799]
[0.2132337670889231, 0.8647661944262298, 0.00366543537499044, 0.013347853491802125, -0.000215816997810572, 0.0013989504758271463, 0.0005217409996274671, 0.021212104571532345, -0.003319960821229675]
E for cur_iter:  -0.9952821220732537
params in def finance in vqe.py:  [ 7.61447923e-02  1.07410937e-01  9.92173557e-02  1.20748992e-01
  9.11153860e-02  2.51053032e-02  1.23417725e-01 -2.05998413e-17
  9.44852921e-05 -2.14946342e-17 -2.07624716e-17 -2.04339051e-17
 -2.90566182e-17 -3.26590848e-17  2.68248180e-04  3.59421117e-03
  2.13374318e-03]
[0.07614479231898569, 0.10741093705639362, 0.099217355657356, 0.12074899160070265, 0.09111538598696939]
[0.1577412724600239, 0.7754564333961952, -1.2943262004328907e-16, 0.0005936685991506846, -1.3505476953362413e-16, -1.3045445651731502e-16, -1.2839001212580654e-16, -1.8256811669263932e-16, -2.0520308197355338e-16]
E for cur_iter:  -0.9344395604298267
params in def finance in vqe.py:  [ 7.87246845e-02  1.08765764e-01  9.71028901e-02  1.35217787e-01
  1.06422216e-01  3.70804440e-02  1.39606983e-01  3.13185116e-04
  1.70790451e-03 -4.67833237e-18  6.97379285e-05  5.15043020e-04
  5.00037362e-03  1.04900888e-03  6.12949667e-04  2.67716947e-03
  1.49981244e-03]
[0.07872468448498385, 0.10876576445505219, 0.09710289009459677, 0.13521778659407668, 0.1064222162611545]
[0.23298330094294367, 0.8771765429326559, 0.00196780012045626, 0.010731080496222001, -2.939482923614696e-17, 0.0004381763274814407, 0.0032361107379849673, 0.031418274077618415, 0.006591117210703219]
E for cur_iter:  -0.9854451771702921
params in def finance in vqe.py:  [ 8.30763783e-02  9.97335017e-02  9.83945688e-02  1.30265157e-01
  1.02201722e-01  3.45408692e-02  1.37523592e-01  6.17005035e-04
  2.21921397e-03 -4.27100147e-06  2.96322538e-04 -8.83210459e-05
  3.50109585e-03 -1.73159806e-04  6.22713746e-03  4.62732622e-03
  1.09845094e-03]
[0.08307637825891995, 0.09973350165944726, 0.0983945687850192, 0.13026515718257403, 0.10220172178091241]
[0.2170266820118203, 0.8640862137135183, 0.00387675697151006, 0.013943732623732738, -2.6835493704291024e-05, 0.001861849420063898, -0.0005549374976530098, 0.021998034028053597, -0.0010879951483315003]
E for cur_iter:  -0.9952821220732537
params in def finance in vqe.py:  [ 8.99525904e-02  9.79179635e-02  9.69335679e-02  1.35761731e-01
  1.06582562e-01  3.91678418e-02  1.35587383e-01 -1.40946282e-18
  8.54352107e-04 -4.73328469e-18 -1.19262239e-18 -1.74275345e-18
 -1.30104261e-18 -2.08481010e-18 -1.60684731e-17  2.20733148e-03
  2.07111121e-03]
[0.08995259037190198, 0.0979179635362103, 0.09693356787758076, 0.1357617310077814, 0.1065825619242422]
[0.24609880804408438, 0.8519206556207441, -8.855916108225042e-18, 0.005368052608465716, -2.974010479650637e-17, -7.493467476190419e-18, -1.0950042875432692e-17, -8.17469179220773e-18, -1.3099248205925722e-17]
E for cur_iter:  -0.9883999104529306
params in def finance in vqe.py:  [ 8.35929657e-02  1.00201597e-01  1.00676773e-01  1.29677277e-01
  1.05237568e-01  3.43137723e-02  1.35914562e-01  6.38643496e-03
  7.98260613e-03  5.94788230e-03  6.07212215e-03 -1.56465584e-18
  5.18507493e-03  4.40070459e-05 -1.88547794e-17  4.16190242e-03
  7.41507752e-04]
[0.08359296569803913, 0.10020159661982436, 0.10067677330298795, 0.1296772767314633, 0.10523756805029413]
[0.21559978976692165, 0.8539763791982388, 0.040127154318751024, 0.05015619353458929, 0.037371646698631966, 0.03815226869719232, -9.831022601797435e-18, 0.03257878660582722, 0.0002765044241443756]
E for cur_iter:  -0.9952810488005788
params in def finance in vqe.py:  [ 8.30887105e-02  1.00289872e-01  9.91424475e-02  1.26317645e-01
  1.03544698e-01  3.62897664e-02  1.40858503e-01  7.70890676e-04
  2.23124257e-03 -4.16134831e-18  5.10080616e-04 -2.69316303e-18
  1.23928598e-03 -1.44531013e-18 -1.51576500e-17  4.23819470e-03
  8.70295828e-04]
[0.08308871046186171, 0.10028987207481856, 0.09914244747391981, 0.1263176448228423, 0.10354469785226807]
[0.2280153267515798, 0.8850400744421443, 0.00484364896965484, 0.014019310528921736, -2.6146522583890357e-17, 0.00320493103031614, -1.6921642404533794e-17, 0.007786663440997386, -9.081151396461192e-18]
E for cur_iter:  -0.9962678212078878
params in def finance in vqe.py:  [ 8.17247618e-02  1.00491659e-01  9.98662783e-02  1.26374971e-01
  1.03306895e-01  3.65235629e-02  1.39186405e-01  8.68287199e-04
  2.32037552e-03 -2.52800993e-04  6.09926788e-04 -3.23725318e-04
 -8.11651137e-04 -8.36683590e-05 -7.99806037e-05  4.34669620e-03
  9.21227161e-04]
[0.08172476179377107, 0.10049165874464516, 0.09986627825617557, 0.12637497076573323, 0.1033068951272456]
[0.22948431369677524, 0.8745339768631053, 0.005455609370421517, 0.0145793493858117, -0.00158839548190671, 0.003832283033032627, -0.002034026160155208, -0.005099754500573781, -0.0005257038040999754]
E for cur_iter:  -0.9962678212078878
params in def finance in vqe.py:  [ 8.53452104e-02  1.02091113e-01  9.77140611e-02  1.23527301e-01
  1.01365306e-01  3.27511845e-02  1.39979244e-01  1.02892146e-03
  2.25318710e-03  3.21054324e-05  1.13675305e-03 -2.69034222e-18
  0.00000000e+00 -1.96448416e-18 -2.39548161e-19  3.34289610e-03
  1.10972418e-03]
[0.08534521040886568, 0.10209111333222097, 0.09771406113091423, 0.1235273012124941, 0.10136530559643325]
[0.20578176139590273, 0.8795155316175779, 0.006464904182578564, 0.01415719209523709, 0.00020172438082811304, 0.007142430079998436, -1.6903918736715845e-17, 0.0, -1.2343217982361828e-17]
E for cur_iter:  -0.9746544973571263
params in def finance in vqe.py:  [ 8.41272829e-02  1.01400853e-01  1.00745114e-01  1.26468681e-01
  1.01840439e-01  3.75785285e-02  1.40815339e-01  8.17824755e-04
  2.24248514e-03  1.26736327e-04  3.74357037e-04 -1.26269606e-04
  1.62325588e-03 -3.85577351e-05  7.44433137e-06  4.53509390e-03
  8.05408193e-04]
[0.0841272829410998, 0.10140085327750588, 0.10074511383083658, 0.12646868083800664, 0.10184043853260613]
[0.23611285834397575, 0.8847688684521317, 0.005138544486163878, 0.014089949655747771, 0.0007963078258729733, 0.002352154634636797, -0.0007933753348666302, 0.010199217480548846, -0.00024226539436515514]
E for cur_iter:  -0.9923294019138492
params in def finance in vqe.py:  [ 7.97873286e-02  9.58021988e-02  1.00238815e-01  1.27037162e-01
  1.04247818e-01  3.78348797e-02  1.42303824e-01  7.04299491e-04
  2.16941319e-03  3.20750834e-04  4.26795111e-04 -2.88831942e-18
  2.28242152e-03  1.39679440e-05  2.97119797e-05  4.43667504e-03
  5.75249064e-04]
[0.07978732863656118, 0.09580219884904734, 0.10023881549709487, 0.1270371620130959, 0.10424781758943565]
[0.237723560251302, 0.8941212990460584, 0.004425244214990678, 0.01363082506959633, 0.0020153369245660994, 0.0026816327684981173, -1.8147846173364963e-17, 0.014340877371661816, 8.776318074549707e-05]
E for cur_iter:  -1.0002015122593988
params in def finance in vqe.py:  [0.07647893 0.09916204 0.09963669 0.12895778 0.10679719 0.03908925
 0.14380339 0.00057494 0.00194938 0.00032135 0.00038225 0.00022488
 0.0031337  0.0007972  0.00037552 0.00350471 0.00068348]
[0.07647892787501133, 0.09916203879013159, 0.09963669199472423, 0.12895777815806542, 0.10679719256178333]
[0.24560499093753047, 0.9035433500769687, 0.0036124330345373985, 0.012248305283179004, 0.0020190761404753313, 0.0024017439281216117, 0.001412990177351381, 0.01968960986939468, 0.005008963795859751]
E for cur_iter:  -1.0002015122593988
params in def finance in vqe.py:  [ 7.96164478e-02  9.59810967e-02  1.00135618e-01  1.27481801e-01
  1.04031979e-01  3.77121510e-02  1.42731669e-01  5.76639746e-04
  2.03671760e-03  1.12430361e-03  3.02224511e-04  8.44565763e-04
  1.90855173e-03 -2.74509451e-03 -2.88204349e-05  4.20228786e-03
  7.55215914e-04]
[0.07961644783939174, 0.09598109666418037, 0.10013561785894352, 0.12748180142873608, 0.10403197924120997]
[0.23695243290826984, 0.8968095241768008, 0.0036231343792082838, 0.012797074098062664, 0.00706420792328414, 0.0018989326039805614, 0.005306563190659251, 0.01199178419892406, -0.01724793749649181]
E for cur_iter:  -1.0002015122593988
params in def finance in vqe.py:  [ 8.25349672e-02  9.41170791e-02  9.94521329e-02  1.30452300e-01
  1.06774523e-01  3.98122675e-02  1.42704784e-01  9.44406666e-04
  2.21570066e-03 -2.65629532e-18  7.05292971e-04 -3.30655664e-18
 -3.03576608e-18 -4.74338450e-18 -3.95733793e-18  3.74530807e-03
  6.61812979e-04]
[0.08253496719687271, 0.09411707907012716, 0.09945213285641918, 0.13045230017928564, 0.10677452303270743]
[0.25014785406627293, 0.8966406051612068, 0.00593388209086312, 0.013921657854629305, -1.6689995742424116e-17, 0.004431486429574668, -2.077570811400259e-17, -1.9074280848484705e-17, -2.980356382575735e-17]
E for cur_iter:  -1.0011848392883673
params in def finance in vqe.py:  [ 8.23437072e-02  9.43399620e-02  9.92867371e-02  1.31237666e-01
  1.06363204e-01  3.89961311e-02  1.43997383e-01  1.24649434e-03
  2.54267182e-03  8.92327658e-05  1.01015214e-03 -1.44073951e-03
 -6.15870369e-04 -1.03099772e-04 -3.02363641e-05  5.68157483e-03
  7.81697864e-04]
[0.08234370717822324, 0.0943399620197848, 0.09928673707689657, 0.13123766590277613, 0.10636320436959885]
[0.24501991808575832, 0.9047622404341249, 0.007831954911974413, 0.015976078236859172, 0.0005606660028204619, 0.006346973089330976, -0.00905243329467709, -0.0038696276562366523, -0.0006477949735859249]
E for cur_iter:  -1.0011848392883673
params in def finance in vqe.py:  [ 8.26155158e-02  9.40537567e-02  9.88337142e-02  1.29497735e-01
  1.09075172e-01  4.11668271e-02  1.41153543e-01  5.16337714e-04
  1.68767337e-03  1.61156696e-06  3.30212123e-04  2.38462000e-03
  6.66415927e-04 -5.31715165e-18 -4.43980790e-18  8.38009135e-03
  5.63244460e-04]
[0.08261551580991142, 0.09405375673542732, 0.09883371418325644, 0.129497735377562, 0.10907517195809656]
[0.25865880326716406, 0.886893866387492, 0.003244245536073929, 0.010603964543148096, 1.0125773857162848e-05, 0.002074783957358577, 0.014983009361642718, 0.004187214758750148, -3.3408649112446993e-17]
E for cur_iter:  -1.0021681743017374
params in def finance in vqe.py:  [ 8.23726231e-02  9.39975491e-02  9.67918111e-02  1.29107557e-01
  1.08259989e-01  4.26400667e-02  1.40766350e-01  9.46064639e-04
  2.11154269e-03  9.40068763e-04 -3.18561191e-04  1.53159103e-03
  6.95093213e-04 -3.63361117e-05 -4.43124312e-06  8.34519306e-03
  5.65981465e-04]
[0.08237262314285262, 0.09399754913457195, 0.09679181105387291, 0.1291075570556413, 0.10825998920600823]
[0.2679154405595567, 0.8844610622180715, 0.0059442994393218975, 0.013267214015230086, 0.005906626242534305, -0.0020015789930774683, 0.009623270278207786, 0.004367399460390324, -0.00022830652307967368]
E for cur_iter:  -1.0011872034096314
params in def finance in vqe.py:  [ 8.33457159e-02  9.39533057e-02  1.01500463e-01  1.29163203e-01
  1.12418400e-01  3.94954589e-02  1.40306672e-01  5.86152425e-04
  1.70144758e-03  3.26966513e-03 -2.65629532e-18 -5.63785130e-18
  9.50010526e-04 -8.02951301e-18 -5.03539956e-18  8.19350696e-03
  4.53722681e-04]
[0.08334571592103607, 0.09395330565500598, 0.10150046286636516, 0.12916320303692855, 0.11241839950612718]
[0.24815728730470082, 0.8815728217187201, 0.0036829043071709504, 0.010690510417808129, 0.020543911926003987, -1.6689995742424116e-17, -3.542366443290017e-17, 0.005969092179962956, -5.0450918178609804e-17]
E for cur_iter:  -0.99921665140676
params in def finance in vqe.py:  [ 8.26235153e-02  9.39327529e-02  9.89813842e-02  1.29348233e-01
  1.09126290e-01  4.12931716e-02  1.41164079e-01  4.66866117e-04
  1.92337298e-03 -2.84364767e-05  2.49002893e-04  2.39906690e-03
  7.73082833e-04  1.32953076e-04  2.76752080e-06  8.36726044e-03
  3.66052389e-03]
[0.08262351527195795, 0.09393275290550693, 0.09898138419024827, 0.1293482331861767, 0.10912628971527254]
[0.25945264936032153, 0.886960069051449, 0.0029334063262789934, 0.012084908823841799, -0.00017867165256442972, 0.0015645313208247054, 0.015073781892077075, 0.004857422694929445, 0.0008353688167350708]
E for cur_iter:  -1.0021681743017374
params in def finance in vqe.py:  [ 8.25950862e-02  9.40168355e-02  9.93788472e-02  1.29718043e-01
  1.09545565e-01  4.05549803e-02  1.41535441e-01 -2.49366500e-18
  7.72343596e-03 -4.97335395e-18 -2.65629532e-18  3.26873249e-03
  4.05940265e-04  6.98608950e-06  4.50681470e-06  8.40555574e-03
 -4.77048956e-18]
[0.08259508622921659, 0.09401683547798186, 0.0993788471637188, 0.12971804303701095, 0.10954556520576636]
[0.25481445656725094, 0.889293403049112, -1.566815926839815e-17, 0.04852777931757795, -3.1248504464809695e-17, -1.6689995742424116e-17, 0.02053805193641795, 0.002550597905504687, 4.3894894909527935e-05]
E for cur_iter:  -1.0011848392883673
params in def finance in vqe.py:  [ 8.25876063e-02  9.40647006e-02  9.91284017e-02  1.29542277e-01
  1.09235004e-01  4.08646119e-02  1.41225590e-01  3.32376918e-03
  1.72098451e-03 -3.52459366e-04 -8.11533279e-04  2.87187890e-03
  7.26100515e-04 -3.07505552e-05  1.08793998e-05  8.37393934e-03
  5.67181749e-04]
[0.08258760632309754, 0.0940647005533775, 0.09912840165496932, 0.12954227737364318, 0.10923500370285394]
[0.25675992915935725, 0.8873465507571545, 0.020883857648477187, 0.010813264565227973, -0.0022145675081335016, -0.005099013977487414, 0.018044547280986617, 0.0045622240901759216, -0.0001932114363236771]
E for cur_iter:  -1.0011848392883673
params in def finance in vqe.py:  [ 8.26859467e-02  9.32094399e-02  9.95820889e-02  1.31317837e-01
  1.08644761e-01  3.75204645e-02  1.44649183e-01 -5.96311195e-18
 -1.04083409e-17 -5.02290538e-18 -4.11996826e-18  1.18531714e-03
 -2.81892565e-18  1.79738650e-03 -5.02984069e-18  8.83992851e-03
  9.12881752e-05]
[0.08268594666764602, 0.09320943988951934, 0.09958208892776226, 0.13131783687350762, 0.10864476103201452]
[0.2357480310625861, 0.9088576237027876, -3.74673373809521e-17, -6.539753433766185e-17, -3.155984526548948e-17, -2.5886524008657812e-17, 0.007447567256605476, -1.7711832216450085e-17, 0.011293312449825354]
E for cur_iter:  -1.0002015042749972
params in def finance in vqe.py:  [ 8.27127110e-02  9.40678336e-02  9.89672683e-02  1.29344670e-01
  1.09512444e-01  4.12593765e-02  1.41078719e-01 -3.57847461e-04
  1.64581409e-03 -1.60125015e-03 -1.71265638e-03  1.25422715e-03
  9.32626846e-04 -8.03651173e-04 -3.09898620e-05  8.38722032e-03
  4.89818533e-04]
[0.08271271098991156, 0.09406783360077868, 0.0989672682750432, 0.1293446702380254, 0.10951244405064496]
[0.25924030849218516, 0.8864237326315267, -0.0022484219114452383, 0.010340954924784257, -0.010060951431539454, -0.010760937432677467, 0.007880541582017439, 0.005859867295821598, -0.005049489240781947]
E for cur_iter:  -1.0011848392883673
params in def finance in vqe.py:  [ 8.11565525e-02  9.18574423e-02  9.69847150e-02  1.28456326e-01
  1.11028667e-01  4.07540247e-02  1.41084749e-01  1.10933453e-03
  1.60168290e-03 -4.62352934e-18  5.09717273e-03  2.03721381e-03
  1.27303830e-03 -4.58383913e-18 -4.95479925e-18  8.19623716e-03
  6.63620352e-04]
[0.08115655252046153, 0.0918574423336372, 0.09698471495741812, 0.12845632569358645, 0.11102866712796064]
[0.2560650889423174, 0.8864616227816277, 0.006970154437534449, 0.010063670475424127, -2.905049163266009e-17, 0.03202648081786172, 0.012800191879435902, 0.00799873552778051, -2.880111067415111e-17]
E for cur_iter:  -1.0002015202438004
params in def finance in vqe.py:  [ 8.26649591e-02  9.39552434e-02  9.88270711e-02  1.29456142e-01
  1.09019645e-01  4.11058170e-02  1.41088080e-01  5.04449685e-04
  1.68659215e-03 -8.64729961e-06  3.19452910e-04  2.36201402e-03
  5.60662844e-04 -8.26013463e-05  3.11775301e-03  8.41671050e-03
  5.65374821e-04]
[0.08266495908785138, 0.09395524339391803, 0.0988270711376779, 0.12945614231517438, 0.10901964532027512]
[0.2582754654521824, 0.8864825519776184, 0.0031695508470670286, 0.010597171000105996, -5.43325858364265e-05, 0.002007181830230759, 0.014840971800895173, 0.0035227485429778164, -0.0005189995652382406]
E for cur_iter:  -1.0021681743017374
params in def finance in vqe.py:  [ 8.29011024e-02  9.39159573e-02  1.02268859e-01  1.30678253e-01
  1.07056300e-01  4.50753724e-02  1.42135370e-01  1.11901996e-04
  1.33491971e-03 -3.75532057e-18  1.94009956e-03  2.99770398e-03
  1.64147847e-03 -3.54476427e-18  1.01193838e-04  9.47057698e-03
  3.49244539e-04]
[0.08290110239581198, 0.0939159573218655, 0.10226885861486487, 0.130678252524602, 0.10705629958105131]
[0.28321691751452693, 0.8930628672444589, 0.0007031009775671687, 0.008387547932248695, -2.3595375039552717e-17, 0.012190005038522146, 0.018835129581838726, 0.010313713434728738, -2.2272410800713383e-17]
E for cur_iter:  -1.0021776307867936
params in def finance in vqe.py:  [ 8.10314339e-02  9.36459472e-02  1.02990663e-01  1.30987852e-01
  1.06618043e-01  4.52188540e-02  1.40618199e-01 -9.48676901e-19
  1.06918959e-03  7.56204637e-19  1.86937012e-03  3.31134722e-03
  3.46944695e-18  3.52252300e-04  1.28612881e-08  9.68209223e-03
  4.24905314e-04]
[0.08103143388186776, 0.09364594723645825, 0.10299066309931239, 0.13098785151896333, 0.10661804341638487]
[0.2841184393226964, 0.8835302022573116, -5.96071276515147e-18, 0.006717916326333083, 4.751373865190811e-18, 0.011745598878243254, 0.020805808222207806, 2.179917811255395e-17, 0.0022132664775475004]
E for cur_iter:  -0.9992323699580149
params in def finance in vqe.py:  [ 8.29356240e-02  9.40681553e-02  1.02419005e-01  1.29702217e-01
  1.07308562e-01  4.54249454e-02  1.42846503e-01  1.12674894e-04
  1.27830050e-03 -1.13022483e-05  1.91243808e-03  3.05781235e-03
  7.87104971e-04  5.95652853e-05  9.29458118e-05  9.38416239e-03
  3.09710262e-04]
[0.08293562399534092, 0.09406815534260593, 0.10241900474528175, 0.12970221686002467, 0.10730856241945928]
[0.2854133494784681, 0.8975310476560878, 0.0007079572367945085, 0.00803179892179145, -7.10141203488244e-05, 0.012016202845493927, 0.01921280162991826, 0.004945526388289821, 0.0003742597255816293]
E for cur_iter:  -1.0041419366922697
params in def finance in vqe.py:  [8.46428307e-02 9.61117121e-02 1.02112612e-01 1.28808650e-01
 1.07328343e-01 4.55642417e-02 1.43294983e-01 6.50521303e-19
 1.09484402e-03 3.48977574e-19 2.74355744e-03 3.49796245e-03
 5.42101086e-19 7.85021720e-05 1.06382319e-04 9.42907581e-03
 4.02541759e-04]
[0.08464283065836674, 0.09611171207627385, 0.10211261171885468, 0.1288086503313074, 0.10732834268884216]
[0.28628857402811775, 0.9003489304902672, 4.087345896103865e-18, 0.006879107873392934, 2.1926907671807193e-18, 0.0172382798132558, 0.021978346287146636, 3.4061215800865545e-18, 0.0004932436933820354]
E for cur_iter:  -0.9992201903692624
params in def finance in vqe.py:  [ 8.21226728e-02  9.48842871e-02  1.02254608e-01  1.30196966e-01
  1.07904737e-01  4.56943527e-02  1.43323158e-01  4.87131024e-05
  1.20963247e-03  1.15347129e-04  1.84846723e-03  3.22461130e-03
  1.02219370e-03 -1.75539321e-05  1.73723129e-04  9.13655144e-03
  3.50056363e-04]
[0.08212267278132857, 0.09488428714932846, 0.10225460830011386, 0.13019696556107, 0.10790473687390587]
[0.28710608572042573, 0.90052595943449, 0.00030607344933714293, 0.007600344992135266, 0.0007247473843864243, 0.011614262140553883, 0.02026083032251012, 0.0064226324351993784, -0.00011029460844158462]
E for cur_iter:  -1.0021776307867936
params in def finance in vqe.py:  [8.29619406e-02 9.25594232e-02 1.02353507e-01 1.29545575e-01
 1.06641298e-01 4.48466493e-02 1.43930320e-01 2.84603070e-19
 8.60409306e-04 1.51415602e-03 1.49647517e-03 4.62942088e-03
 2.37023447e-04 2.30392962e-18 1.62630326e-19 9.40807255e-03
 4.90891829e-04]
[0.08296194060783793, 0.0925594232234914, 0.10235350654171489, 0.12954557536287709, 0.10664129783938908]
[0.28177980826742094, 0.9043408719119284, 1.788213829545441e-18, 0.005406111109948209, 0.009513722851462115, 0.009402630785626179, 0.029087509264849414, 0.0014892622380596999, 1.4476016715367857e-17]
E for cur_iter:  -1.0041395805554072
params in def finance in vqe.py:  [ 8.23833295e-02  9.29696154e-02  1.02558196e-01  1.28858556e-01
  1.06018258e-01  4.43418859e-02  1.44039256e-01  3.65194110e-05
  9.12719602e-04  1.69048328e-03  1.59143046e-03  4.45251037e-03
  7.04487604e-04 -5.34211558e-04 -8.92249983e-06  9.84388912e-03
  5.06267250e-04]
[0.08238332949122054, 0.09296961540579578, 0.102558195679114, 0.12885855583282907, 0.10601825771204272]
[0.2786082858184327, 0.9050253399815549, 0.00022945822693469525, 0.0057347863949866245, 0.010621619694662786, 0.009999252455430579, 0.02797594771877635, 0.004426426159515275, -0.0033565502135785804]
E for cur_iter:  -0.9992229054885569
{'IIIZ': -0.0007389802430548542, 'IIZI': 0.000618927047458695, 'IZII': -0.0012772629794151058, 'ZIII': 0.00025785020171742445, 'IIZZ': 0.5034804120100986, 'IZIZ': 0.5035016658557945, 'IZZI': 0.5035002207273829, 'ZIIZ': 0.503484434448624, 'ZIZI': 0.5034716148591135, 'ZZII': 0.503467526845492}
The optimized loss func value: -1.0041395805554072

   Return from subroutine COBYLA because the MAXFUN limit has been reached.

   NFVALS =  100   F =-1.004140E+00    MAXCV = 0.000000E+00
   X = 8.296194E-02   9.255942E-02   1.023535E-01   1.295456E-01   1.066413E-01
       4.484665E-02   1.439303E-01   2.846031E-19   8.604093E-04   1.514156E-03
       1.496475E-03   4.629421E-03   2.370234E-04   2.303930E-18   1.626303E-19
       9.408073E-03   4.908918E-04
