lb in gen_LC_finance:  [0. 0. 0. 0. 0. 0. 0. 0. 0. 0. 0. 0. 0. 0. 0. 0. 0. 0.]
ub in gen_LC_finance:  [1. 1. 1. 1. 1. 1. 1. 1. 1. 1. 1. 1. 1. 1. 1. 1. 1. 1.]
<scipy.optimize._constraints.LinearConstraint object at 0x7fef41d9a5b0>
params in def finance in vqe.py:  [0. 0. 0. 0. 0. 0. 0. 0. 0. 0. 0. 0. 0. 0. 0. 0. 0. 0.]
[0.0, 0.0, 0.0, 0.0, 0.0, 0.0]
[0.0, 0.0, 0.0, 0.0, 0.0, 0.0, 0.0, 0.0, 0.0]
E for cur_iter:  2.7504413706955573
params in def finance in vqe.py:  [0.1 0.  0.  0.  0.  0.  0.  0.  0.  0.  0.  0.  0.  0.  0.  0.  0.  0. ]
[0.1, 0.0, 0.0, 0.0, 0.0, 0.0]
[0.0, 0.0, 0.0, 0.0, 0.0, 0.0, 0.0, 0.0, 0.0]
E for cur_iter:  0.8307091166056457
params in def finance in vqe.py:  [0.1 0.1 0.  0.  0.  0.  0.  0.  0.  0.  0.  0.  0.  0.  0.  0.  0.  0. ]
[0.1, 0.1, 0.0, 0.0, 0.0, 0.0]
[0.0, 0.0, 0.0, 0.0, 0.0, 0.0, 0.0, 0.0, 0.0]
E for cur_iter:  -0.24240623366997432
params in def finance in vqe.py:  [0.1 0.1 0.1 0.  0.  0.  0.  0.  0.  0.  0.  0.  0.  0.  0.  0.  0.  0. ]
[0.1, 0.1, 0.1, 0.0, 0.0, 0.0]
[0.0, 0.0, 0.0, 0.0, 0.0, 0.0, 0.0, 0.0, 0.0]
E for cur_iter:  -0.6936627108895643
params in def finance in vqe.py:  [0.1 0.1 0.1 0.1 0.  0.  0.  0.  0.  0.  0.  0.  0.  0.  0.  0.  0.  0. ]
[0.1, 0.1, 0.1, 0.1, 0.0, 0.0]
[0.0, 0.0, 0.0, 0.0, 0.0, 0.0, 0.0, 0.0, 0.0]
E for cur_iter:  -0.5642412088245973
params in def finance in vqe.py:  [0.1 0.1 0.1 0.  0.1 0.  0.  0.  0.  0.  0.  0.  0.  0.  0.  0.  0.  0. ]
[0.1, 0.1, 0.1, 0.0, 0.1, 0.0]
[0.0, 0.0, 0.0, 0.0, 0.0, 0.0, 0.0, 0.0, 0.0]
E for cur_iter:  -0.5642412088245973
params in def finance in vqe.py:  [0.1 0.1 0.1 0.  0.  0.1 0.  0.  0.  0.  0.  0.  0.  0.  0.  0.  0.  0. ]
[0.1, 0.1, 0.1, 0.0, 0.0, 0.1]
[0.0, 0.0, 0.0, 0.0, 0.0, 0.0, 0.0, 0.0, 0.0]
E for cur_iter:  -0.3089055496483796
params in def finance in vqe.py:  [0.1 0.1 0.1 0.  0.  0.  0.1 0.  0.  0.  0.  0.  0.  0.  0.  0.  0.  0. ]
[0.1, 0.1, 0.1, 0.0, 0.0, 0.0]
[0.6283185307179586, 0.0, 0.0, 0.0, 0.0, 0.0, 0.0, 0.0, 0.0]
E for cur_iter:  -0.5638816949778473
params in def finance in vqe.py:  [0.1 0.1 0.1 0.  0.  0.  0.  0.1 0.  0.  0.  0.  0.  0.  0.  0.  0.  0. ]
[0.1, 0.1, 0.1, 0.0, 0.0, 0.0]
[0.0, 0.6283185307179586, 0.0, 0.0, 0.0, 0.0, 0.0, 0.0, 0.0]
E for cur_iter:  -0.6966187133194162
params in def finance in vqe.py:  [0.1 0.1 0.1 0.  0.  0.  0.  0.1 0.1 0.  0.  0.  0.  0.  0.  0.  0.  0. ]
[0.1, 0.1, 0.1, 0.0, 0.0, 0.0]
[0.0, 0.6283185307179586, 0.6283185307179586, 0.0, 0.0, 0.0, 0.0, 0.0, 0.0]
E for cur_iter:  -0.6642857159885279
params in def finance in vqe.py:  [0.1 0.1 0.1 0.  0.  0.  0.  0.1 0.  0.1 0.  0.  0.  0.  0.  0.  0.  0. ]
[0.1, 0.1, 0.1, 0.0, 0.0, 0.0]
[0.0, 0.6283185307179586, 0.0, 0.6283185307179586, 0.0, 0.0, 0.0, 0.0, 0.0]
E for cur_iter:  -0.6209292798141374
params in def finance in vqe.py:  [0.1 0.1 0.1 0.  0.  0.  0.  0.1 0.  0.  0.1 0.  0.  0.  0.  0.  0.  0. ]
[0.1, 0.1, 0.1, 0.0, 0.0, 0.0]
[0.0, 0.6283185307179586, 0.0, 0.0, 0.6283185307179586, 0.0, 0.0, 0.0, 0.0]
E for cur_iter:  -0.6966187133194162
params in def finance in vqe.py:  [0.1 0.1 0.1 0.  0.  0.  0.  0.1 0.  0.  0.  0.1 0.  0.  0.  0.  0.  0. ]
[0.1, 0.1, 0.1, 0.0, 0.0, 0.0]
[0.0, 0.6283185307179586, 0.0, 0.0, 0.0, 0.6283185307179586, 0.0, 0.0, 0.0]
E for cur_iter:  -0.6966187133194162
params in def finance in vqe.py:  [0.1 0.1 0.1 0.  0.  0.  0.  0.1 0.  0.  0.  0.  0.1 0.  0.  0.  0.  0. ]
[0.1, 0.1, 0.1, 0.0, 0.0, 0.0]
[0.0, 0.6283185307179586, 0.0, 0.0, 0.0, 0.0, 0.6283185307179586, 0.0, 0.0]
E for cur_iter:  -0.6603451912052485
params in def finance in vqe.py:  [0.1 0.1 0.1 0.  0.  0.  0.  0.1 0.  0.  0.  0.  0.  0.1 0.  0.  0.  0. ]
[0.1, 0.1, 0.1, 0.0, 0.0, 0.0]
[0.0, 0.6283185307179586, 0.0, 0.0, 0.0, 0.0, 0.0, 0.6283185307179586, 0.0]
E for cur_iter:  -0.6966187133194162
params in def finance in vqe.py:  [0.1 0.1 0.1 0.  0.  0.  0.  0.1 0.  0.  0.  0.  0.  0.  0.1 0.  0.  0. ]
[0.1, 0.1, 0.1, 0.0, 0.0, 0.0]
[0.0, 0.6283185307179586, 0.0, 0.0, 0.0, 0.0, 0.0, 0.0, 0.6283185307179586]
E for cur_iter:  -0.6956293809163046
params in def finance in vqe.py:  [0.1 0.1 0.1 0.  0.  0.  0.  0.1 0.  0.  0.  0.  0.  0.  0.  0.1 0.  0. ]
[0.1, 0.1, 0.1, 0.0, 0.0, 0.0]
[0.0, 0.6283185307179586, 0.0, 0.0, 0.0, 0.0, 0.0, 0.0, 0.0]
E for cur_iter:  -0.6966187133194162
params in def finance in vqe.py:  [0.1 0.1 0.1 0.  0.  0.  0.  0.1 0.  0.  0.  0.  0.  0.  0.  0.  0.1 0. ]
[0.1, 0.1, 0.1, 0.0, 0.0, 0.0]
[0.0, 0.6283185307179586, 0.0, 0.0, 0.0, 0.0, 0.0, 0.0, 0.0]
E for cur_iter:  -0.6966187133194162
params in def finance in vqe.py:  [0.1 0.1 0.1 0.  0.  0.  0.  0.1 0.  0.  0.  0.  0.  0.  0.  0.  0.  0.1]
[0.1, 0.1, 0.1, 0.0, 0.0, 0.0]
[0.0, 0.6283185307179586, 0.0, 0.0, 0.0, 0.0, 0.0, 0.0, 0.0]
E for cur_iter:  -0.6966187133194162
params in def finance in vqe.py:  [ 1.85506670e-01  1.47797561e-01  1.20099385e-01 -7.91988249e-20
 -3.02479433e-19  2.80337939e-19 -4.51703974e-19  1.00131663e-01
  1.80708946e-19  1.81880576e-19  0.00000000e+00  0.00000000e+00
 -3.47137289e-19  0.00000000e+00 -5.42101086e-21  0.00000000e+00
  0.00000000e+00  0.00000000e+00]
[0.18550666950358982, 0.14779756103996206, 0.12009938541000445, -7.919882492930755e-20, -3.0247943268128327e-19, 2.803379394242505e-19]
[-2.8381397753146553e-18, 0.6291457944489084, 1.1354277948054593e-18, 1.1427893603212626e-18, 0.0, 0.0, -2.181127915031688e-18, 0.0, -3.406121580086553e-20]
E for cur_iter:  0.009092632127341072
params in def finance in vqe.py:  [ 6.01965613e-02  1.27894284e-01  1.11729845e-01  6.76755562e-19
 -1.76524642e-19 -2.60447338e-18  1.40864967e-19  1.00076838e-01
  5.22425023e-21  1.06294351e-19  0.00000000e+00  0.00000000e+00
 -3.47057135e-19  0.00000000e+00  0.00000000e+00  0.00000000e+00
  0.00000000e+00  0.00000000e+00]
[0.06019656131868871, 0.1278942844590159, 0.11172984482637742, 6.767555621423125e-19, -1.7652464173138815e-19, -2.6044733828014145e-18]
[8.850806897957219e-19, 0.6288013153900562, 3.282493226600528e-20, 6.678671075444583e-19, 0.0, 0.0, -2.180624289058746e-18, 0.0, 0.0]
E for cur_iter:  -0.9273572259490603
params in def finance in vqe.py:  [ 2.16818037e-02  1.07207928e-01  1.35992220e-01 -2.58903886e-18
 -1.17445940e-18 -2.60447338e-18 -3.09436869e-18  1.00235771e-01
 -2.60470714e-18 -1.62817478e-18  0.00000000e+00  0.00000000e+00
 -3.29527404e-18  0.00000000e+00 -2.60447338e-18  0.00000000e+00
  0.00000000e+00  0.00000000e+00]
[0.02168180371832472, 0.10720792801708294, 0.13599221990339344, -2.5890388647994426e-18, -1.1744593974695506e-18, -2.6044733828014145e-18]
[-1.944249190714903e-17, 0.6297999221891439, -1.6365857648106495e-17, -1.0230123823922163e-17, 0.0, 0.0, -2.0704817445777674e-17, 0.0, -1.636438889175816e-17]
E for cur_iter:  -0.787970890033719
params in def finance in vqe.py:  [ 6.01965613e-02  1.27894284e-01  1.11729845e-01 -2.50000000e-02
 -1.76524642e-19 -2.60447338e-18  1.40864967e-19  1.00076838e-01
  5.22425023e-21  1.06294351e-19  0.00000000e+00  0.00000000e+00
 -3.47057135e-19  0.00000000e+00  0.00000000e+00  0.00000000e+00
  0.00000000e+00  0.00000000e+00]
[0.06019656131868871, 0.1278942844590159, 0.11172984482637742, -0.025000000000000005, -1.7652464173138815e-19, -2.6044733828014145e-18]
[8.850806897957219e-19, 0.6288013153900562, 3.282493226600528e-20, 6.678671075444583e-19, 0.0, 0.0, -2.180624289058746e-18, 0.0, 0.0]
E for cur_iter:  -0.7958771713496414
params in def finance in vqe.py:  [ 3.89793910e-02  1.39335609e-01  7.07875653e-02  1.55772226e-02
 -3.54395928e-18 -2.60447338e-18 -3.29723824e-18  1.00164391e-01
 -2.95154637e-18 -1.75219985e-18  0.00000000e+00  0.00000000e+00
 -2.72442911e-18  0.00000000e+00 -2.60447338e-18  0.00000000e+00
  0.00000000e+00  0.00000000e+00]
[0.038979390977635336, 0.13933560867545353, 0.07078756527808777, 0.015577222557851902, -3.543959280649611e-18, -2.6044733828014145e-18]
[-2.071715885177885e-17, 0.6293514320694813, -1.8545112773238937e-17, -1.1009396330947395e-17, 0.0, 0.0, -1.711809297342666e-17, 0.0, -1.6364388891758158e-17]
E for cur_iter:  -0.6716104475926639
params in def finance in vqe.py:  [ 6.01965613e-02  1.27894284e-01  1.11729845e-01  6.76755562e-19
 -2.50000000e-02 -2.60447338e-18  1.40864967e-19  1.00076838e-01
  5.22425023e-21  1.06294351e-19  0.00000000e+00  0.00000000e+00
 -3.47057135e-19  0.00000000e+00  0.00000000e+00  0.00000000e+00
  0.00000000e+00  0.00000000e+00]
[0.06019656131868871, 0.1278942844590159, 0.11172984482637742, 6.767555621423124e-19, -0.025000000000000005, -2.6044733828014145e-18]
[8.850806897957219e-19, 0.6288013153900562, 3.282493226600528e-20, 6.678671075444583e-19, 0.0, 0.0, -2.180624289058746e-18, 0.0, 0.0]
E for cur_iter:  -0.7958771713496414
params in def finance in vqe.py:  [ 7.24796765e-02  1.59480485e-01  1.40106688e-01  1.65254829e-02
  1.65254829e-02 -2.60447338e-18 -1.93960320e-18  1.00169721e-01
 -2.60460973e-18 -3.04251422e-18  0.00000000e+00  0.00000000e+00
 -2.54775310e-18  0.00000000e+00 -2.60447338e-18  0.00000000e+00
  0.00000000e+00  0.00000000e+00]
[0.07247967652617561, 0.15948048456457387, 0.14010668830691814, 0.016525482903797975, 0.01652548290379798, -2.6044733828014137e-18]
[-1.2186886305921746e-17, 0.6293849203136664, -1.6365245573053603e-17, -1.911668064051333e-17, 0.0, 0.0, -1.60080048339414e-17, 0.0, -1.6364388891758158e-17]
E for cur_iter:  -0.5394655582095872
params in def finance in vqe.py:  [ 6.01965613e-02  1.27894284e-01  1.11729845e-01  2.64718583e-18
 -1.76524642e-19 -2.50000000e-02  1.40864967e-19  1.00076838e-01
  5.22425023e-21  1.06294351e-19  0.00000000e+00  0.00000000e+00
 -3.47057135e-19  0.00000000e+00  0.00000000e+00  0.00000000e+00
  0.00000000e+00  0.00000000e+00]
[0.06019656131868871, 0.1278942844590159, 0.11172984482637742, 2.647185830442625e-18, -1.7652464173138815e-19, -0.02500000000000001]
[8.850806897957219e-19, 0.6288013153900562, 3.282493226600528e-20, 6.678671075444583e-19, 0.0, 0.0, -2.180624289058746e-18, 0.0, 0.0]
E for cur_iter:  -0.8379722779570433
params in def finance in vqe.py:  [ 4.93335874e-02  1.60753557e-01  9.40710371e-02 -5.42222946e-18
  2.60259883e-02  1.76934183e-02 -1.24688412e-18  1.00223120e-01
 -3.29857761e-18 -2.90099709e-18  0.00000000e+00  0.00000000e+00
 -2.86106651e-18  0.00000000e+00 -2.58278934e-18  0.00000000e+00
  0.00000000e+00  0.00000000e+00]
[0.049333587353631886, 0.1607535570149419, 0.0940710371474904, -5.422229458913364e-18, 0.02602598825613969, 0.01769341831963438]
[-7.834403983404123e-18, 0.6297204349689833, -2.0725574385799316e-17, -1.8227502321034336e-17, 0.0, 0.0, -1.797661105624314e-17, 0.0, -1.6228144028554704e-17]
E for cur_iter:  -0.6407273719403612
params in def finance in vqe.py:  [ 6.01965613e-02  1.27894284e-01  1.11729845e-01 -4.09963144e-18
 -3.17894762e-18 -2.60447338e-18 -2.50000000e-02  1.00076838e-01
  5.22425023e-21  1.06294351e-19  0.00000000e+00  0.00000000e+00
 -3.47057135e-19  0.00000000e+00  0.00000000e+00  0.00000000e+00
  0.00000000e+00  0.00000000e+00]
[0.06019656131868871, 0.1278942844590159, 0.11172984482637742, -4.099631440313418e-18, -3.1789476243650565e-18, -2.604473382801415e-18]
[-0.15707963267948968, 0.6288013153900562, 3.282493226600528e-20, 6.678671075444583e-19, 0.0, 0.0, -2.180624289058746e-18, 0.0, 0.0]
E for cur_iter:  -0.9283410975987678
params in def finance in vqe.py:  [ 6.10473239e-02  1.66945201e-01  1.18204959e-01  1.66463280e-19
 -4.36266612e-18  1.75315147e-02  1.04083409e-17  1.00221781e-01
  3.05443224e-19  6.04557173e-19  0.00000000e+00  0.00000000e+00
 -9.47981020e-19  0.00000000e+00  0.00000000e+00  0.00000000e+00
  0.00000000e+00  0.00000000e+00]
[0.061047323871209244, 0.16694520091798334, 0.11820495940609149, 1.6646327982940432e-19, -4.3626661240521055e-18, 0.017531514744849125]
[6.539753433766185e-17, 0.6297120245678502, 1.919156374616095e-18, 3.7985447487126664e-18, 0.0, 0.0, -5.95634041941001e-18, 0.0, 0.0]
E for cur_iter:  -0.793868756834319
params in def finance in vqe.py:  [ 6.03240371e-02  1.27804949e-01  1.11692278e-01 -4.13423971e-18
 -3.24816417e-18 -2.58158196e-18 -2.50000000e-02  1.25075584e-01
 -6.08572129e-05 -6.08572129e-05 -6.08572129e-05 -6.08572129e-05
 -6.08572129e-05 -6.08572129e-05 -6.08572129e-05 -6.08572129e-05
 -6.08572129e-05 -6.08572129e-05]
[0.060324037133634933, 0.1278049492969907, 0.11169227843568422, -4.134239713774147e-18, -3.2481641712865135e-18, -2.5815819623958385e-18]
[-0.15707963267948968, 0.785873071510749, -0.0003823771457109835, -0.00038237714571098287, -0.0003823771457109835, -0.0003823771457109835, -0.0003823771457109857, -0.0003823771457109835, -0.0003823771457109835]
E for cur_iter:  -0.9312941383486122
params in def finance in vqe.py:  [ 8.84020966e-02  1.01951122e-01  1.03871215e-01 -3.35972183e-18
  4.64678856e-18  1.88899218e-02  0.00000000e+00  1.24666935e-01
 -1.55854062e-18 -1.40268656e-18 -1.32814766e-18 -1.20617492e-18
 -1.63985579e-18 -1.12485975e-18 -1.19262239e-18 -9.96110746e-19
 -8.74138002e-19 -7.18283939e-19]
[0.08840209662410772, 0.10195112221180802, 0.10387121546168776, -3.359721830880318e-18, 4.646788555576478e-18, 0.018889921770299332]
[0.0, 0.7833054559715227, -9.792599542748845e-18, -8.813339588473959e-18, -8.344997871212058e-18, -7.578620515692584e-18, -1.0303517779761828e-17, -7.067702278679601e-18, -7.493467476190419e-18]
E for cur_iter:  -0.7280629470308031
params in def finance in vqe.py:  [ 6.02742578e-02  1.27801658e-01  1.11717287e-01 -1.45121597e-18
 -1.23942435e-18 -2.58277254e-18 -2.50000000e-02  1.25137203e-01
 -3.89804755e-05 -3.89804755e-05 -3.89804755e-05 -3.89804755e-05
 -3.89804755e-05 -3.89804755e-05  2.49389184e-02 -3.89804755e-05
 -3.89804755e-05 -3.89804755e-05]
[0.06027425779097165, 0.1278016583141597, 0.11171728726646665, -1.4512159693853675e-18, -1.2394243528251419e-18, -2.5827725397463185e-18]
[-0.15707963267948968, 0.7862602331660816, -0.0002449215509151485, -0.00024492155091514786, -0.0002449215509151485, -0.0002449215509151485, -0.00024492155091515073, -0.0002449215509151485, 0.1566958457763293]
E for cur_iter:  -0.9283410975987678
params in def finance in vqe.py:  [ 2.84296095e-02  1.13077778e-01  1.30568594e-01 -1.11300552e-17
 -2.60654853e-18  8.74738427e-03  2.77555756e-17  1.25606344e-01
  4.30458089e-03  3.24384467e-03  5.09562334e-03  5.09562334e-03
  4.20817404e-03  5.09562334e-03  7.99599102e-19  5.09562334e-03
  5.09562334e-03  5.09562334e-03]
[0.028429609462534, 0.11307777754657686, 0.13056859354255865, -1.1130055204680899e-17, -2.606548534054121e-18, 0.008747384271762854]
[1.743934249004316e-16, 0.7892079369572338, 0.027046479386753676, 0.020381677146728436, 0.03201674567365204, 0.03201674567365209, 0.026440737293541978, 0.03201674567365207, 5.024029330627668e-18]
E for cur_iter:  -0.8517871997390112
params in def finance in vqe.py:  [ 6.23197723e-02  1.30315547e-01  1.10733024e-01 -1.64723901e-03
 -2.98793067e-03 -2.78725399e-18 -2.50000000e-02  1.25128599e-01
 -2.67393345e-04 -2.67393345e-04 -2.67393345e-04 -2.67393345e-04
 -2.67393345e-04 -2.67393345e-04 -7.57452209e-05  2.44709253e-02
 -2.67393345e-04 -2.67393345e-04]
[0.06231977228215928, 0.1303155473937421, 0.11073302425738167, -0.0016472390071590782, -0.0029879306667499428, -2.787253986550918e-18]
[-0.15707963267948968, 0.7862061767481557, -0.0016800819373155064, -0.0016800819373155057, -0.0016800819373155064, -0.0016800819373155064, -0.0016800819373155086, -0.0016800819373155064, -0.0004759212593144496]
E for cur_iter:  -0.9214774704192688
params in def finance in vqe.py:  [ 5.90324157e-02  1.67412409e-01  1.18260663e-01  1.55711772e-17
  3.54036593e-17  1.47412361e-02  4.16333634e-17  1.25703814e-01
  1.42607107e-03 -6.36968776e-19  2.75914884e-03  2.75914884e-03
  1.26360466e-03  2.75914884e-03  1.15196481e-19  2.10064171e-19
  2.75914884e-03  2.75914884e-03]
[0.05903241571669042, 0.16741240928129736, 0.1182606630470498, 1.5571177191408806e-17, 3.5403659334129536e-17, 0.014741236094878112]
[2.615901373506474e-16, 0.789820359186335, 0.00896026878770197, -4.002192856601702e-18, 0.01733624342346778, 0.017336243423467786, 0.007939462232139479, 0.017336243423467783, 7.238008357683929e-19]
E for cur_iter:  -0.7987877957865475
params in def finance in vqe.py:  [ 5.87787161e-02  1.27871820e-01  1.12908892e-01 -1.00172572e-03
 -1.99467031e-03  1.27465658e-03 -2.37253434e-02  1.25032387e-01
  3.96896287e-04  3.96896287e-04  3.96896287e-04  3.96896287e-04
  3.96896287e-04  3.96896287e-04 -4.59195338e-05 -3.85704625e-04
 -2.47857701e-02  3.96896287e-04]
[0.05877871611602564, 0.1278718196074526, 0.11290889247683081, -0.0010017257209898067, -0.0019946703117362224, 0.0012746565837089912]
[-0.14907072916102962, 0.7856016550611887, 0.0024937729185210383, 0.0024937729185210383, 0.002493772918521038, 0.002493772918521038, 0.0024937729185210357, 0.002493772918521038, -0.00028852094034752295]
E for cur_iter:  -0.9244322196707107
params in def finance in vqe.py:  [ 2.30993546e-02  1.29016925e-01  1.22867253e-01  1.99962123e-17
  5.01285802e-17  2.40568210e-17 -2.08166817e-17  1.27417165e-01
  2.20228566e-18  2.51399379e-18  2.91379334e-18  3.52365706e-18
  6.91178885e-19  1.05032085e-18  6.23416249e-19  7.25060203e-19
  1.88456953e-02  2.92056960e-18]
[0.023099354625877415, 0.12901692481671878, 0.12286725342226633, 1.9996212256619927e-17, 5.0128580225061884e-17, 2.4056821004379605e-17]
[-1.307950686753237e-16, 0.8005856573819993, 1.3837368919101627e-17, 1.5795888827651397e-17, 1.830790349296523e-17, 2.2139790270562603e-17, 4.342805014610357e-18, 6.599360561417699e-18, 3.9170398170995374e-18]
E for cur_iter:  -0.8752392483743942
params in def finance in vqe.py:  [ 5.87558827e-02  1.27872808e-01  1.12926869e-01 -1.01652707e-03
 -2.02414325e-03  1.29349071e-03 -2.37065093e-02  1.25031748e-01
  4.03659983e-04  4.03659983e-04  4.03659983e-04  4.03659983e-04
  4.03659983e-04  4.03659983e-04 -4.56988170e-05 -3.90504521e-04
  3.42737424e-05 -2.47817154e-02]
[0.058755882689193614, 0.12787280767292494, 0.11292686897968995, -0.0010165270669207417, -0.00202414325496164, 0.0012934907142931372]
[-0.1489523908284698, 0.7855976446532724, 0.0025362704716515617, 0.002536270471651562, 0.0025362704716515617, 0.0025362704716515617, 0.0025362704716515596, 0.0025362704716515617, -0.00028713413542254143]
E for cur_iter:  -0.9244322196707107
params in def finance in vqe.py:  [ 2.64787747e-02  1.28891340e-01  1.21145534e-01  2.29027975e-17
  4.57965780e-17  2.33973568e-17 -1.38777878e-17  1.27336503e-01
 -1.15196481e-19 -1.69406589e-19 -1.53821183e-18  1.28749008e-18
 -4.74338450e-19  1.56531689e-18 -1.35525272e-20  6.77626358e-21
  1.77786281e-02  1.77033004e-02]
[0.026478774678632966, 0.1288913400157951, 0.12114553445685118, 2.2902797529643564e-17, 4.579657796543093e-17, 2.339735675778281e-17]
[-8.71967124502158e-17, 0.8000788449382675, -7.238008357683929e-19, -1.0644129937770483e-18, -9.664869983495598e-18, 8.089538752705567e-18, -2.980356382575735e-18, 9.835176062499927e-18, -8.515303950216386e-20]
E for cur_iter:  -0.8772076001697617
params in def finance in vqe.py:  [ 5.87323644e-02  1.27873825e-01  1.12945385e-01 -1.03177239e-03
 -2.05450026e-03  1.31288979e-03 -2.36871102e-02  1.25031091e-01
  4.10626560e-04  4.10626560e-04 -2.47775393e-02  4.10626560e-04
  4.10626560e-04  4.10626560e-04 -4.54714796e-05 -3.95448393e-04
  3.57004650e-05  3.57004650e-05]
[0.05873236435689388, 0.12787382537614939, 0.11294538470100232, -0.0010317723901325363, -0.002054500260842794, 0.00131288978850627]
[-0.14883050285040095, 0.7855935139502149, 0.0025800427702120043, 0.0025800427702120047, -0.15568187103717746, 0.0025800427702120043, 0.002580042770212002, 0.0025800427702120043, -0.00028570573226165927]
E for cur_iter:  -0.9244322196707107
params in def finance in vqe.py:  [ 2.94475128e-02  1.28780149e-01  1.19593594e-01  2.33658399e-17
  4.98904992e-17  2.25941638e-17 -3.46944695e-18  1.27273003e-01
  7.72494048e-19  1.72794721e-18  1.67326166e-02  2.94089839e-18
 -4.74338450e-20  1.95834017e-18 -3.38813179e-20  2.37169225e-19
  1.68774607e-02  1.68055737e-02]
[0.02944751277464192, 0.12878014899711096, 0.11959359380805007, 2.336583992005515e-17, 4.989049921982268e-17, 2.2594163751715054e-17]
[-2.179917811255395e-17, 0.7996798618009697, 4.85372325162334e-18, 1.0857012536525892e-17, 0.10513413107827675, 1.8478209571969557e-17, -2.980356382575735e-19, 1.2304614208062678e-17, -2.1288259875540965e-19]
E for cur_iter:  -0.8850796205167817
params in def finance in vqe.py:  [ 1.04083409e-17  1.30298250e-01  1.33357541e-01 -7.58827583e-18
  2.57293548e-18  8.93936312e-17 -4.09438641e-17  1.30273154e-01
 -2.62310739e-19 -3.33514077e-18 -1.38777878e-17 -1.00756531e-19
 -1.29565048e-17  3.92245892e-20 -3.36709480e-18  2.88555957e-19
  4.09291780e-02  4.07560776e-02]
[1.0408340855860843e-17, 0.1302982495368303, 0.13335754138116476, -7.588275829883164e-18, 2.5729354830201665e-18, 8.939363119996529e-17]
[-2.5725788548187756e-16, 0.8185303694543297, -1.6481469842300285e-18, -2.095530750670683e-17, -8.71967124502158e-17, -6.330719532527726e-19, -8.140812056105015e-17, 2.4645536228675686e-19, -2.1156080562347063e-17]
E for cur_iter:  -0.8260713300940767
params in def finance in vqe.py:  [ 2.76593678e-02  1.28486921e-01  1.20915968e-01 -7.43323295e-04
 -1.52190774e-03  1.24562548e-03  1.24562548e-03  1.27214035e-01
 -2.43843863e-02  4.73610226e-04  1.51389641e-02  4.73610226e-04
  4.73610226e-04  4.73610226e-04  2.00528158e-05 -2.44773673e-04
  1.68184664e-02  1.28189137e-02]
[0.027659367831698794, 0.12848692138090273, 0.12091596828046824, -0.0007433232947126711, -0.001521907739222317, 0.0012456254771862649]
[0.007826495696505141, 0.7993093571500329, -0.15321161781184972, 0.002975780810546884, 0.09512091683581134, 0.0029757808105468912, 0.0029757808105468726, 0.002975780810546885, 0.00012599555775420635]
E for cur_iter:  -0.8821497431258545
params in def finance in vqe.py:  [ 9.90306367e-03  1.29656913e-01  1.24777407e-01 -4.68096201e-18
 -9.11433571e-18  2.19055246e-17  1.00846051e-17  1.28647183e-01
  1.01394741e-02 -6.84075161e-18  5.65852364e-02 -4.30600156e-18
 -3.90954099e-18 -7.22998576e-18 -3.10081185e-18 -3.54703764e-18
  2.76021035e-02  2.42861287e-17]
[0.00990306367238893, 0.12965691292299203, 0.12477740681152708, -4.6809620057151355e-18, -9.114335705157744e-18, 2.1905524604881645e-17]
[6.33634425217293e-17, 0.8083140891017998, 0.06370819488038318, -4.2981710029413114e-17, 0.3555355258293488, -2.705540575848326e-17, -2.4564370475447402e-17, -4.542734027325038e-17, -1.948297542777214e-17]
E for cur_iter:  -0.8309907522178281
params in def finance in vqe.py:  [ 2.86361601e-02  1.27617266e-01  1.20438374e-01 -1.58404409e-04
 -4.72129316e-04  1.32604458e-03  1.32604458e-03  1.27203726e-01
  2.24692491e-04 -2.47402257e-02  1.53878892e-02 -2.33904671e-04
 -2.33904671e-04 -2.33904671e-04  2.29292505e-05 -9.32493608e-05
  1.66189026e-02  1.47250890e-02]
[0.02863616008481366, 0.12761726566722978, 0.12043837411363326, -0.00015840440859060697, -0.0004721293158868471, 0.0013260445837821521]
[0.008331783845484926, 0.7992445816021945, 0.0014117845598374606, -0.15544742247658153, 0.09668495940400167, -0.001469666394074889, -0.0014696663940749078, -0.0014696663940748952, 0.0001440687298912143]
E for cur_iter:  -0.873289138788917
params in def finance in vqe.py:  [ 5.38945499e-02  9.96412873e-02  1.16437525e-01 -1.94330076e-18
 -1.17954691e-17  2.70846043e-02  1.38438890e-03  1.27666671e-01
  1.90240831e-03  6.44921711e-03  2.29839851e-02 -6.78243632e-18
 -4.41758304e-18 -6.70631280e-18 -3.46944695e-18 -9.14852238e-18
  2.45233538e-02  2.96473102e-02]
[0.05389454993885616, 0.09964128725277208, 0.1164375249845186, -1.9433007584519916e-18, -1.1795469141575754e-17, 0.027084604277894147]
[0.008698371986374662, 0.8021533521662034, 0.011953183971629425, 0.04052162616436215, 0.14441263727348275, -4.261530421371602e-17, -2.775649284185586e-17, -4.213700605498572e-17, -2.1799178112553942e-17]
E for cur_iter:  -0.7477958678552327
params in def finance in vqe.py:  [ 3.05712125e-02  1.29344857e-01  1.18202729e-01  1.35195537e-03
  2.79029293e-03 -2.42519367e-03 -2.42519367e-03  1.27337767e-01
 -9.19024597e-04 -1.10507676e-03  1.91188499e-02  2.40697275e-02
  1.53452155e-04  1.53452155e-04 -2.18415586e-05  4.67181788e-04
  1.71216145e-02  2.03644956e-02]
[0.03057121246953355, 0.12934485744221214, 0.11820272896468104, 0.0013519553666335165, 0.0027902929327695684, -0.0024251936727229203]
[-0.015237941251517725, 0.8000867895738591, -0.005774401841716979, -0.006943402069872861, 0.12012727697038786, 0.1512345579534581, 0.0009641683246988845, 0.0009641683246988971, -0.00013723456001697075]
E for cur_iter:  -0.8919409627742555
params in def finance in vqe.py:  [ 1.60505685e-02  1.33822016e-01  1.22088268e-01 -6.50521303e-18
 -4.33680869e-18 -2.29850861e-17  5.42101086e-17  1.27976951e-01
  3.90312782e-18 -8.02309608e-18  3.81788389e-02  2.10501865e-02
  1.64777944e-03  3.41475248e-03 -7.62329653e-19 -1.96782694e-17
  2.08166817e-17  5.97538242e-02]
[0.016050568467819278, 0.13382201642114736, 0.12208826759745144, -6.5052130349130266e-18, -4.336808689942018e-18, -2.2985086056692694e-17]
[3.406121580086554e-16, 0.8041028994947514, 2.4524075376623192e-17, -5.041059938528101e-17, 0.23988471944078377, 0.13226222280668642, 0.010353303577825069, 0.021455522627715277, -4.789858471996717e-18]
E for cur_iter:  -0.8506396265866072
params in def finance in vqe.py:  [ 2.87745567e-02  1.28975486e-01  1.19489168e-01  2.14778383e-03
  1.44087591e-03  6.61980939e-05 -2.16983948e-03  1.27283561e-01
 -7.53120217e-04 -4.62030170e-04  1.83847865e-02  2.50367374e-02
 -2.43708755e-02  8.52566408e-04 -3.60603508e-06  3.70049973e-04
  1.45321702e-02  1.95339338e-02]
[0.028774556677617497, 0.128975485512832, 0.11948916817739232, 0.0021477838251918306, 0.0014408759078259952, 6.619809393128891e-05]
[-0.013633503522460358, 0.7997461978594844, -0.004731993884813967, -0.002903021175698844, 0.11551502035673558, 0.15731046033736093, -0.1531267268882682, 0.0053568327278107385, -2.2657386615567553e-05]
E for cur_iter:  -0.8801521387238954
params in def finance in vqe.py:  [ 4.67014315e-02  1.10404172e-01  1.12082272e-01 -2.38524478e-18
 -3.46944695e-18  3.59955121e-17  1.83975828e-02  1.28751142e-01
  1.15204200e-02  7.54838938e-03  3.81538154e-03  4.95278074e-02
 -3.17129135e-18 -2.46655994e-18 -2.03287907e-19 -2.43945489e-18
  3.82812584e-03  1.01855544e-02]
[0.04670143151516036, 0.11040417214715276, 0.11208227183470297, -2.3852447794681098e-18, -3.469446951953614e-18, 3.599551212651875e-17]
[0.11559542164371639, 0.8089672807723058, 0.07238493343254841, 0.04742792922611045, 0.02397274924311006, 0.31119239187130787, -1.9925811243506344e-17, -1.5497853189393823e-17, -1.2772955925324578e-18]
E for cur_iter:  -0.8193862793666233
params in def finance in vqe.py:  [ 3.36817025e-02  1.28755573e-01  1.16292617e-01 -1.60148973e-03
  5.38486125e-03 -7.43532224e-03 -8.03727037e-04  1.27377127e-01
 -1.28216085e-03 -1.78708040e-03  1.86381836e-02  2.29737937e-02
 -6.64018037e-04  2.36709255e-02 -3.55622783e-05  5.25168485e-04
  2.03640165e-02  2.17271079e-02]
[0.03368170254347621, 0.1287555729103148, 0.1162926166398641, -0.0016014897316605876, 0.005384861253086846, -0.007435322240111517]
[-0.005049965909330189, 0.8003340923809038, -0.008056054197689566, -0.011228557314936298, 0.11710716159991919, 0.14434860309543224, -0.004172148376169772, 0.1487288114077306, -0.00022344438478206653]
E for cur_iter:  -0.8791723907872642
params in def finance in vqe.py:  [ 1.25499571e-02  1.31816917e-01  1.21605073e-01 -4.55364912e-18
 -4.33680869e-19  4.85722573e-17  2.51534904e-17  1.28859926e-01
  9.91247249e-03  3.94954819e-03  5.52947793e-02  3.81290876e-02
  2.61135550e-03  5.42101086e-19 -7.11507676e-20 -1.51788304e-18
  2.50980446e-02  1.73472348e-17]
[0.012549957100750266, 0.131816916885751, 0.12160507292103466, -4.553649124439119e-18, -4.336808689942018e-19, 4.85722573273506e-17]
[1.5804404131601613e-16, 0.8096507912555317, 0.06228190153476872, 0.02481574317766338, 0.3474273445829305, 0.23957212270204242, 0.01640763050371864, 3.4061215800865545e-18, -4.470534573863603e-19]
E for cur_iter:  -0.8280367571786378
params in def finance in vqe.py:  [ 3.62402346e-02  1.29115424e-01  1.22899356e-01  7.67302939e-03
  1.02024757e-02 -1.69832399e-02  6.24412286e-03  1.27321237e-01
  4.30981058e-03  5.06288970e-03  2.38283433e-02  1.53289526e-02
 -2.06959400e-03 -4.14365647e-03 -1.74443082e-05  1.55245062e-03
  1.75540557e-02  2.05189940e-02]
[0.03624023459998056, 0.1291154244164638, 0.12289935600015847, 0.0076730293934336065, 0.01020247573176188, -0.01698323990513926]
[0.03923298099539087, 0.799982924772882, 0.027079338529827423, 0.03181107415239585, 0.149717896827408, 0.09631465004061324, -0.013003642591871084, -0.0260353614474675, -0.00010960582066471907]
E for cur_iter:  -0.8684188790746314
params in def finance in vqe.py:  [ 3.92137722e-02  1.24862614e-01  1.48421965e-01  3.39454754e-02
 -4.33680869e-18  1.70002901e-16  1.25767452e-17  1.28025030e-01
  1.44198889e-17 -5.20417043e-18  1.52966577e-02  4.30677836e-02
  4.64414435e-03  2.27813605e-03  7.01343280e-19  3.69639954e-05
  1.44409275e-02  2.03274949e-02]
[0.03921377223536666, 0.12486261411515137, 0.14842196471235308, 0.03394547536000976, -4.336808689942018e-18, 1.700029006457271e-16]
[7.902202065800807e-17, 0.8044049876936543, 9.060283403030235e-17, -3.269876716883092e-17, 0.09611173465114731, 0.27060286542406037, 0.029180019537755814, 0.014313950982972057, 4.4066697942369795e-18]
E for cur_iter:  -0.8566598107772481
params in def finance in vqe.py:  [ 2.45709428e-02  1.27314846e-01  1.20159428e-01  1.39970324e-03
  2.41820892e-02  5.17008598e-03 -3.41382548e-03  1.27349420e-01
 -1.26625874e-03 -9.59220407e-04  1.71599793e-02  2.38573419e-02
  1.14231921e-03  1.39038561e-03 -3.07913986e-05  3.76991946e-03
  1.08990200e-02  1.74303365e-02]
[0.02457094283176061, 0.1273148458988289, 0.12015942819933077, 0.001399703243207086, 0.024182089154871987, 0.0051700859760890824]
[-0.021449698114858685, 0.8001600060125756, -0.007956138329396517, -0.006026959565077575, 0.10781932974355736, 0.1499001000630944, 0.007177403297989709, 0.008736050462137874, -0.00019346806323958964]
E for cur_iter:  -0.8683766380474849
params in def finance in vqe.py:  [ 5.44175496e-02  1.28066544e-01  1.45442261e-01 -7.37257477e-18
  1.20566737e-02 -1.30104261e-18  4.29344060e-17  1.28784904e-01
  1.19262239e-18 -4.11996826e-18  1.62452311e-02  5.52289511e-02
 -1.62630326e-19 -7.02020907e-18  4.50621528e-19 -2.33103467e-18
  2.44795250e-02  2.74743288e-02]
[0.054417549564763114, 0.12806654368120082, 0.14544226053742004, -7.37257477290143e-18, 0.012056673745575052, -1.3010426069826053e-18]
[2.6976482914285513e-16, 0.8091794159582666, 7.493467476190419e-18, -2.5886524008657812e-17, 0.10207179715908049, 0.34701373428258847, -1.0218364740259663e-18, -4.410927446212088e-17, 2.8313385634469484e-18]
E for cur_iter:  -0.8702924750521472
params in def finance in vqe.py:  [ 3.20083568e-02  1.30311522e-01  9.90442421e-02  7.67863139e-03
  4.99116189e-03  3.03576608e-18  1.51788304e-17  1.28263572e-01
  3.79470760e-18 -3.03576608e-18  1.47534789e-02  3.65838373e-02
 -1.76182853e-18 -2.84603070e-18  3.89635156e-19 -2.98155597e-18
  2.04333658e-02  2.32804726e-02]
[0.03200835679710791, 0.13031152197886622, 0.09904424207205816, 0.007678631389471974, 0.004991161887663867, 3.0357660829594124e-18]
[9.537140424242352e-17, 0.8059037902527136, 2.384285106060588e-17, -1.9074280848484705e-17, 0.09269884213170045, 0.2298630290766379, -1.1069895135281301e-17, -1.7882138295454412e-17, 2.448149885687211e-18]
E for cur_iter:  -0.8181680345283215
params in def finance in vqe.py:  [ 2.94009638e-02  1.30088763e-01  1.18509419e-01  1.11831999e-03
  4.38513107e-03 -3.87233002e-03 -2.61241005e-03  1.27311103e-01
 -1.10561511e-03 -1.43704446e-03  1.83664187e-02  2.45572525e-02
  2.24755881e-04  7.87477629e-05 -1.14547547e-05 -1.16465998e-02
  1.59157015e-02  1.97750458e-02]
[0.02940096384892342, 0.13008876254602741, 0.11850941867139404, 0.0011183199879998863, 0.004385131074922628, -0.003872330017132942]
[-0.016414256411488883, 0.7999192539723771, -0.006946784586215711, -0.009029216625852569, 0.11539961239316925, 0.15429776835988213, 0.0014121828472353525, 0.0004947867865896428, -7.197234668384997e-05]
E for cur_iter:  -0.8830877539592158
params in def finance in vqe.py:  [ 2.06499542e-02  1.37047527e-01  1.23310012e-01 -3.03576608e-18
 -2.60208521e-18  2.16840434e-18  4.07660017e-17  1.27628359e-01
  1.05167611e-17 -7.37257477e-18  1.03950727e-02  3.31998250e-02
  1.26977996e-03 -2.46655994e-18 -4.16740210e-19  9.16765425e-03
  4.88853388e-03  1.47478570e-02]
[0.020649954202991004, 0.13704752662979827, 0.12331001159524395, -3.0357660829594124e-18, -2.6020852139652106e-18, 2.168404344971009e-18]
[2.561403428225089e-16, 0.8019126292213579, 6.607875865367915e-17, -4.6323253489177144e-17, 0.06531416822553798, 0.20860065294893132, 0.007978262798079715, -1.5497853189393823e-17, -2.6184559646915387e-18]
E for cur_iter:  -0.8801323185425989
params in def finance in vqe.py:  [ 3.00482514e-02  1.27557016e-01  1.18091751e-01  1.19829353e-03
  2.91095432e-03 -4.72055064e-03 -4.25230912e-03  1.39197175e-01
 -2.01314314e-03 -2.14900451e-03  1.91676548e-02  2.45307733e-02
 -1.31249992e-05 -1.55094939e-04 -4.98681100e-05  8.52148045e-04
  1.62999881e-02  2.01963654e-02]
[0.030048251439247376, 0.12755701600141856, 0.11809175055331739, 0.001198293531202329, 0.002910954318653479, -0.004720550638620589]
[-0.026718046173680062, 0.8746016417266342, -0.012648951397526373, -0.013502593574884612, 0.12043392681800705, 0.1541313944918229, -8.246680225206673e-05, -0.0009744902414095321, -0.0003133305759979359]
E for cur_iter:  -0.8762185743155121
params in def finance in vqe.py:  [ 2.41664148e-02  1.11750407e-01  1.20040839e-01 -2.81892565e-18
  1.75897936e-03 -7.37257477e-18  1.73472348e-17  1.13546114e-01
  2.81892565e-18 -1.08420217e-17  1.83451929e-02  2.99891063e-02
 -3.08997619e-18 -3.27971157e-18  2.02610281e-18  4.92187904e-03
  1.41938784e-02  2.03006144e-02]
[0.02416641482110647, 0.11175040727673549, 0.1200408393501882, -2.8189256484623115e-18, 0.0017589793589593901, -7.37257477290143e-18]
[1.0899589056276974e-16, 0.7134312742026415, 1.7711832216450085e-17, -6.812243160173109e-17, 0.11526624628070442, 0.18842711204529952, -1.941489300649336e-17, -2.0607035559523655e-17, 1.2730379405573497e-17]
E for cur_iter:  -0.7849316540710561
params in def finance in vqe.py:  [ 0.03055077  0.12932755  0.11821805  0.00134234  0.00278659 -0.00239833
 -0.00245793  0.12738041 -0.00085625 -0.00104256  0.01908131  0.02403977
  0.00016444  0.00016512  0.01247746  0.00046919  0.01716737  0.02038074]
[0.03055076627894289, 0.1293275508750159, 0.11821804572306134, 0.0013423433658478888, 0.0027865944068628623, -0.0023983310013603438]
[-0.015443641782115826, 0.8003547436659444, -0.0053799548494601205, -0.006550625366679234, 0.1198914130266077, 0.15104634448450113, 0.00103322569167186, 0.0010374488142515727, 0.07839819746772303]
E for cur_iter:  -0.8919409627742555
params in def finance in vqe.py:  [ 2.79684965e-02  1.32397002e-01  1.22703643e-01  1.23599048e-17
  3.70144212e-06  7.30147312e-03  8.23993651e-18  1.31397327e-01
  1.04891484e-02  1.01319956e-02  1.15252510e-02  1.70796548e-02
  1.32993895e-03  1.14587874e-03 -1.99899776e-19 -1.46367293e-18
  2.65348769e-02  2.31841055e-02]
[0.027968496494258897, 0.13239700206034027, 0.12270364301089996, 1.235990476633475e-17, 3.701442117661543e-06, 0.007301473115410481]
[5.1773048017315625e-17, 0.8255937554300682, 0.06590526335657221, 0.06366120606459957, 0.07241528778628033, 0.10731463625922345, 0.008356252864601087, 0.007199768438244532, -1.256007332656917e-18]
E for cur_iter:  -0.9057086190964907
params in def finance in vqe.py:  [ 3.12618173e-02  1.31337770e-01  1.22169494e-01  4.58044779e-04
  3.96962993e-04  4.54623334e-03 -6.55707374e-03  1.29847876e-01
  1.08089576e-02  1.09691500e-02  4.02651856e-03  1.48091300e-02
  1.07601565e-03  5.03592365e-04 -2.70923012e-05  5.61149614e-04
  2.32144670e-02  2.72630517e-02]
[0.031261817325874144, 0.13133777023822776, 0.12216949444146653, 0.0004580447791300355, 0.00039696299262846846, 0.0045462333400476266]
[-0.04119930937122511, 0.8158582694059294, 0.06791468330163238, 0.0689212020124379, 0.02529936227348022, 0.09304850785594443, 0.006760805722202651, 0.0031641641462882616, -0.0001702259491077827]
E for cur_iter:  -0.9155465371190847
params in def finance in vqe.py:  [ 4.03920503e-02  1.41133740e-01  1.22869078e-01  7.53863039e-18
 -7.70672927e-18  1.47332126e-02 -9.31304484e-18  1.30564963e-01
  1.59467386e-02  1.57241605e-02  2.19068419e-02  1.23310443e-02
  3.02220327e-03  3.14387290e-03 -1.39930289e-18  4.08729422e-18
  1.80791830e-02  1.48994851e-02]
[0.04039205032117981, 0.1411337395326276, 0.12286907799962285, 7.538630390188048e-18, -7.706729270593252e-18, 0.014733212600891145]
[-5.851558647409397e-17, 0.8203638545959822, 0.10019631382531725, 0.09879781417639714, 0.13764474738460553, 0.07747823661381213, 0.018989063174735123, 0.019753536019080163, -8.792079377998097e-18]
E for cur_iter:  -0.920469107820428
params in def finance in vqe.py:  [ 4.05673958e-02  1.41614316e-01  1.23253128e-01 -7.21539740e-04
 -5.25330810e-04  1.73711745e-02  4.86681389e-03  1.31595210e-01
  1.46419890e-02  1.52047127e-02  2.37995975e-02  1.15941765e-02
  3.42565593e-03  3.44150727e-03  2.08496368e-05 -5.30979990e-04
  1.32790145e-02  2.45775549e-02]
[0.04056739579183589, 0.14161431649755687, 0.12325312772994602, -0.000721539740063361, -0.0005253308101589472, 0.01737117445225364]
[0.03057909354309023, 0.8268370913274977, 0.09199833030884456, 0.09553402716852173, 0.14953728163181976, 0.07284835926510548, 0.02152403099765464, 0.021623627899034468, 0.0001310021316838111]
E for cur_iter:  -0.911624041169914
params in def finance in vqe.py:  [ 5.31418412e-02  1.52384827e-01  1.33487539e-01  3.35776998e-19
  4.09673852e-03  1.51490163e-02 -2.42811778e-17  1.29240905e-01
  1.07862268e-02  1.12316650e-02  1.79773357e-02  1.75086690e-02
  1.69093973e-03 -8.23993651e-18  2.96134157e-05  1.66644703e-03
  2.79184465e-02  1.69212238e-02]
[0.05314184120751748, 0.1523848266417228, 0.13348753888062787, 3.357769977098411e-19, 0.004096738518011328, 0.015149016264332169]
[-1.5256313990536463e-16, 0.8120445525554255, 0.06777186144496097, 0.07057063226658453, 0.11295493162970083, 0.11001021190700044, 0.010624487641559025, -5.1773048017315625e-17, 0.00018606657871824217]
E for cur_iter:  -0.8851449100396394
params in def finance in vqe.py:  [ 4.18183963e-02  1.41387640e-01  1.19734418e-01 -1.10661738e-02
  1.49054843e-03  1.27745910e-02  2.32121713e-03  1.30492446e-01
  1.66742447e-02  1.63816200e-02  2.07943173e-02  1.22346693e-02
  2.12332499e-03  5.73576991e-04  2.13966486e-06  4.77721949e-04
  1.81925553e-02  1.41581776e-02]
[0.04181839634003945, 0.14138763981816685, 0.11973441765122604, -0.011066173755797052, 0.0014905484291982331, 0.012774590967606936]
[0.014584637390370506, 0.819908220164039, 0.10476736954834003, 0.1029287542724982, 0.13065454883675898, 0.07687269450510287, 0.013341244349694106, 0.003603890524368457, 1.3443910797511045e-05]
E for cur_iter:  -0.926372699943393
params in def finance in vqe.py:  [ 2.81596923e-02  1.55459764e-01  1.20470153e-01  4.02416552e-19
 -8.86313785e-18  9.94707484e-03 -2.88159353e-17  1.26905611e-01
  1.78090622e-02  1.78931761e-02  3.27961576e-02  5.57979631e-03
  2.69089939e-03  2.58848868e-03 -9.28051877e-18  2.63425102e-03
  2.09749404e-02  2.12247772e-02]
[0.02815969230892333, 0.15545976352071206, 0.12047015263032244, 4.0241655192936284e-19, -8.863137854403665e-18, 0.009947074843199843]
[-1.8105586149826622e-16, 0.7973714729468981, 0.11189763768718379, 0.11242614103226352, 0.20606433550441597, 0.03505889421824369, 0.016907419519174557, 0.016263954034318552, -5.831121917928876e-17]
E for cur_iter:  -0.8713571697824372
params in def finance in vqe.py:  [ 0.04085153  0.14160705  0.12135868  0.0006637  -0.00106166  0.01592469
  0.00161918  0.12945492  0.0207786   0.00568139  0.02049938  0.00832485
  0.00342376  0.00226866 -0.00125034  0.00111777  0.01807294  0.01405233]
[0.040851527154519236, 0.14160705148982253, 0.121358678273163, 0.0006636986531202111, -0.0010616564775906743, 0.015924694052679697]
[0.010173597577460378, 0.8133892411387216, 0.1305557900258256, 0.03569722151217215, 0.1288014009298629, 0.052306570197836716, 0.02151212537289016, 0.014254436625943674, -0.007856113118016471]
E for cur_iter:  -0.9204717638906773
params in def finance in vqe.py:  [ 3.90294612e-02  1.42246049e-01  1.25261179e-01 -3.75331306e-18
  1.62186346e-03  1.35913427e-02  4.59838357e-03  1.41282772e-01
  2.15387660e-02  1.84409258e-02  1.09484672e-02  6.64850395e-03
 -8.23993651e-18  8.57427248e-03  1.27189525e-02 -6.72408074e-18
  1.21539564e-02  7.84957310e-03]
[0.039029461212549243, 0.14224604857473083, 0.12526117933943778, -3.753313055946183e-18, 0.0016218634606387798, 0.013591342653401691]
[0.02889249606827017, 0.8877058347535549, 0.13533205789527644, 0.11586775427475629, 0.06879124827852662, 0.04177378232514763, -5.1773048017315625e-17, 0.053873742896238246, 0.07991553573572482]
E for cur_iter:  -0.9234291299351371
params in def finance in vqe.py:  [ 4.02428401e-02  1.34155124e-01  1.30685573e-01 -8.38293653e-18
 -9.54097912e-18  1.53103484e-02  9.97401575e-04  1.38217689e-01
  2.56082578e-02  1.97776201e-02  1.17332418e-02  5.36367812e-03
  1.44155964e-03  8.95633520e-03  1.40399256e-02 -9.88979950e-18
  1.02261547e-02  5.94071075e-03]
[0.04024284010264711, 0.1341551238157269, 0.1306855729780242, -8.382936527101936e-18, -9.540979117872439e-18, 0.015310348419797688]
[0.006266858920014866, 0.8684473501018087, 0.16090142917224534, 0.12426645180872163, 0.07372213270359879, 0.033700983568015416, 0.009057586361272222, 0.056274313754307685, 0.08821545408206755]
E for cur_iter:  -0.9253869721673045
params in def finance in vqe.py:  [ 0.04058415  0.13445981  0.12975368  0.00054713  0.00122506  0.01457388
  0.00038534  0.13891794  0.0298191   0.01976681  0.01234722  0.00913523
  0.00104513  0.00912141  0.01461014 -0.00041866  0.01031693  0.00726411]
[0.04058415087003796, 0.13445980938582566, 0.1297536763563758, 0.0005471285364096212, 0.0012250639234705036, 0.01457388202070712]
[0.002421180622208039, 0.8728471556674888, 0.18735890167000369, 0.12419855527510712, 0.07757986377508126, 0.05739832069326854, 0.006566757695081062, 0.05731148800743894, 0.09179819488559364]
E for cur_iter:  -0.9273536581628479
params in def finance in vqe.py:  [ 4.41963510e-02  1.31271205e-01  1.21119239e-01  2.41793842e-03
 -6.50521303e-19  1.75861230e-02  1.94387617e-03  1.36726847e-01
  3.10427410e-02  2.33040179e-02  8.55723031e-03  1.02934725e-02
  2.25092848e-03  7.99799744e-03  1.49912081e-02 -1.13841228e-18
  1.03717697e-02  5.16103294e-03]
[0.04419635099049696, 0.13127120493212788, 0.1211192393582962, 0.002417938419339771, -6.505213034913027e-19, 0.01758612299758296]
[0.01221373417830664, 0.8590801176683869, 0.19504729441903507, 0.14642346257934297, 0.05376666378359098, 0.06467579502696615, 0.014143000759730778, 0.05025289997842784, 0.0941925386608126]
E for cur_iter:  -0.9126107834898061
params in def finance in vqe.py:  [ 0.04045984  0.13504436  0.12995724  0.00032853  0.0016957   0.01344127
  0.00072779  0.13921152  0.02989071  0.0196729   0.01182334  0.00925924
  0.0068697   0.00916265  0.01484846 -0.00203108  0.01030453  0.00712107]
[0.04045983819916755, 0.1350443574152927, 0.12995724271698195, 0.0003285313775178908, 0.00169570007657923, 0.01344127290766995]
[0.004572854890690088, 0.8746917919672859, 0.18780887946487215, 0.12360844852873845, 0.07428823574943735, 0.05817749832704064, 0.04316358525586995, 0.05757061631376793, 0.09329564584571268]
E for cur_iter:  -0.9263703391182809
params in def finance in vqe.py:  [ 3.80674624e-02  1.37831954e-01  1.31417420e-01 -3.14418630e-18
 -8.67361738e-19  1.51316711e-02 -4.39101880e-18  1.32807635e-01
  3.08089409e-02  1.82541354e-02  8.24395784e-03  1.00145346e-02
 -4.33680869e-18  7.43002979e-03  1.02158904e-02 -6.50521303e-19
  4.46197382e-03  3.07065003e-03]
[0.03806746238890054, 0.13783195423958444, 0.1314174196297311, -3.144186300207963e-18, -8.673617379884035e-19, 0.01513167114807543]
[-2.758958479870109e-17, 0.8344549799420592, 0.19357828475996286, 0.11469411520388864, 0.05179831474297484, 0.06292317659917243, -2.7248972640692436e-17, 0.04668425399592021, 0.06418833251248618]
E for cur_iter:  -0.9283369851918163
params in def finance in vqe.py:  [ 0.03679783  0.13844401  0.13128521 -0.00024347 -0.00024895  0.01801772
 -0.00212845  0.13449788  0.03050374  0.01788854  0.00827078  0.0103117
  0.00023026  0.00323193  0.01171716 -0.0009316   0.00414313  0.00300422]
[0.03679783206034941, 0.138444009839307, 0.13128521264443724, -0.0002434660072827052, -0.00024894749406952115, 0.0180177194412422]
[-0.01337343789406169, 0.8450751348066918, 0.19166064616874606, 0.11239700907386307, 0.05196682987641329, 0.06479031602367517, 0.0014467536001091781, 0.020306794019083054, 0.07362108627798991]
E for cur_iter:  -0.9175272171654562
params in def finance in vqe.py:  [ 3.71221698e-02  1.39243243e-01  1.29507175e-01 -9.94618828e-18
 -1.16768574e-17  2.02059043e-02 -1.30410561e-17  1.32482937e-01
  2.95686668e-02  1.55093696e-02  7.22075456e-03  1.19488857e-02
 -1.55238469e-18  1.78949105e-02  1.05172784e-02 -6.47642414e-18
  5.07140647e-03  3.23105642e-03]
[0.03712216984442631, 0.13924324301450464, 0.12950717495373554, -9.946188278662636e-18, -1.1676857397668885e-17, 0.02020590428065929]
[-8.19393720829157e-17, 0.8324148419704758, 0.18578541267581414, 0.09744824315265448, 0.045369338971955615, 0.07507706315608241, -9.75392066712495e-18, 0.11243703898050333, 0.06608200941955367]
E for cur_iter:  -0.9116379959093291
params in def finance in vqe.py:  [ 0.03879212  0.13871066  0.1314709  -0.00064016 -0.00574391  0.01398051
 -0.00027168  0.13335302  0.03103559  0.01815209  0.00821645  0.01091631
 -0.00021315  0.00775386  0.01082847 -0.00106444  0.00477906  0.00324019]
[0.03879212288445297, 0.13871065720119896, 0.1314708997390219, -0.0006401648688171533, -0.005743913407609323, 0.01398051104191075]
[-0.0017070241821167491, 0.8378817456599976, 0.1950023451074979, 0.11405296008043804, 0.051625462340233796, 0.06858917743036146, -0.0013392917943303227, 0.04871895982825878, 0.06803729126949283]
E for cur_iter:  -0.9293250724009193
params in def finance in vqe.py:  [ 4.07472142e-02  1.34947730e-01  1.31447950e-01 -7.29668062e-18
  1.56199690e-03  9.96725318e-03 -1.27633567e-18  1.38071986e-01
  3.15632291e-02  1.77354811e-02  9.24932386e-03  8.04800014e-03
 -4.59761027e-18  8.71826067e-03  2.27193939e-03 -1.07043320e-17
  1.53935469e-03  8.56775838e-04]
[0.040747214204096056, 0.13494772962953305, 0.13144794951525393, -7.296680620827445e-18, 0.0015619968979630843, 0.00996725317962358]
[-8.019453544439488e-18, 0.8675318718343965, 0.19831761714005963, 0.11143531435254214, 0.058115215762424094, 0.05056707626177817, -2.8887637311880426e-17, 0.0547784473431644, 0.0142750162159033]
E for cur_iter:  -0.9391544296178568
params in def finance in vqe.py:  [ 4.37193678e-02  1.32955187e-01  1.29295307e-01  1.03408249e-03
  5.65783270e-03  3.92779174e-03  1.34886992e-04  1.32630786e-01
  2.88338317e-02  1.38910701e-02  1.22233606e-02  6.19539781e-03
 -1.21593405e-17  9.43290690e-03  6.36419239e-03 -1.16887929e-17
 -3.72965547e-17 -3.62123526e-17]
[0.04371936782007313, 0.13295518650159557, 0.12929530708316855, 0.0010340824865400658, 0.005657832702020054, 0.003927791742031998]
[0.0008475199635241284, 0.8333438076678537, 0.18116830758583605, 0.08728016752811868, 0.07680163993662793, 0.03892683247837148, -7.639938931452846e-17, 0.059268702039615366, 0.03998740011333232]
E for cur_iter:  -0.9381669125570512
params in def finance in vqe.py:  [ 4.05832243e-02  1.34928650e-01  1.31368309e-01 -9.86817078e-05
  8.16879842e-04  9.66283751e-03 -4.32016474e-04  1.38953622e-01
  3.09489881e-02  1.73414097e-02  9.70417236e-03  9.39066773e-03
  1.50151113e-03  8.52978963e-03  2.95177386e-03  5.56949533e-03
  5.10616695e-04  6.68802404e-04]
[0.04058322431708988, 0.13492864994733356, 0.1313683091118239, -9.868170780884307e-05, 0.000816879841766376, 0.009662837511310116]
[-0.0027144395599911306, 0.8730713552299502, 0.1944582270493829, 0.10895929044074648, 0.06097311319174589, 0.05900330552677012, 0.009434272669376324, 0.05359424887209797, 0.018546542166520373]
E for cur_iter:  -0.9391544376022584
params in def finance in vqe.py:  [ 3.76951514e-02  1.37976222e-01  1.31241572e-01 -1.00735850e-17
  1.03609301e-03  4.82446770e-03 -7.21968629e-18  1.36446731e-01
  3.70578670e-02  2.20942297e-02  1.13047464e-02  1.85471661e-03
 -1.51278768e-17  1.00322264e-02  5.46371631e-04  2.61097769e-03
  3.23003201e-03  2.34114191e-03]
[0.037695151368069515, 0.13797622174616128, 0.13124157214324883, -1.007358500269692e-17, 0.0010360930092613292, 0.004824467704607147]
[-4.5362626803910617e-17, 0.8573200935485202, 0.23284144549025218, 0.13882213951557132, 0.07102981652762082, 0.011653528156656306, -9.505125343745588e-17, 0.06303433757043396, 0.0034329542015597582]
E for cur_iter:  -0.9371851271982364
params in def finance in vqe.py:  [ 4.39492344e-02  1.36314388e-01  1.32188009e-01 -1.55364641e-04
  2.21068563e-03  9.70084640e-03 -3.17368654e-03  1.37833087e-01
  3.13228975e-02  1.77864526e-02  6.22780331e-03  7.15948557e-03
 -2.59671405e-05  8.88221322e-03  2.06095743e-03  5.95840261e-04
  1.92876033e-03  3.13509209e-03]
[0.04394923443750645, 0.13631438764277895, 0.13218800929047592, -0.0001553646407559927, 0.002210685626687008, 0.00970084639778371]
[-0.019940860647299233, 0.8660308297121695, 0.19680756907667135, 0.11175557770486122, 0.039130442253404285, 0.04498437455745202, -0.00016315635590229675, 0.055808591625710065, 0.012949377431464454]
E for cur_iter:  -0.934238484810053
params in def finance in vqe.py:  [ 4.50782095e-02  1.35608400e-01  1.38537940e-01  8.06698212e-06
  2.18054322e-03  7.58865669e-03  7.08459497e-03  1.38044449e-01
  3.28333605e-02  1.77342696e-02  1.00358003e-02  1.09038652e-02
 -1.30651723e-17  7.20882347e-03  7.22344044e-04  1.16315016e-03
  5.20009567e-03 -2.46113893e-17]
[0.045078209498420195, 0.1356084004158229, 0.1385379399251077, 8.066982117673525e-06, 0.0021805432239345376, 0.007588656689644475]
[0.044513823045339726, 0.8673588517284292, 0.20629808826782753, 0.11142770240534042, 0.06305679319656966, 0.06851100557898569, -8.209089865516834e-17, 0.04529437370708827, 0.004538621487046771]
E for cur_iter:  -0.9253819090822346
params in def finance in vqe.py:  [ 3.90874336e-02  1.34167282e-01  1.31338294e-01  9.42745346e-05
  1.88323105e-03  8.30886745e-03 -2.01923258e-03  1.38095034e-01
  3.12476230e-02  1.70647724e-02  7.52601104e-03  9.05419950e-03
 -3.37353128e-04  8.71301716e-03  2.07271772e-03  2.96660217e-04
  5.45937719e-03 -2.07691512e-03]
[0.039087433624086315, 0.1341672819632469, 0.13133829419385284, 9.42745345868885e-05, 0.0018832310470233188, 0.008308867446321273]
[-0.012687212506962921, 0.8676766871270389, 0.1963346055280552, 0.10722112720752, 0.04728732199411919, 0.0568892132958529, -0.0021196522186428843, 0.05474550142640344, 0.01302326952337031]
E for cur_iter:  -0.9381699562511866
params in def finance in vqe.py:  [ 3.52375653e-02  1.29341097e-01  1.31620519e-01 -6.40550788e-18
  7.81252819e-04  6.16584019e-03  2.38557969e-03  1.38201650e-01
  3.04374130e-02  1.63520947e-02  4.65665581e-03  9.18506237e-03
 -1.08678251e-17  8.23055208e-03  1.39204994e-03 -1.76593536e-17
 -5.57279917e-17  7.54356503e-03]
[0.03523756526996083, 0.12934109737522356, 0.13162051907159614, -6.405507884148483e-18, 0.0007812528188090899, 0.006165840185994781]
[0.014989039255565542, 0.8683465767296691, 0.19124390596406513, 0.1027432411216823, 0.029258631390290345, 0.05771144893165117, -6.828455920698001e-17, 0.05171408388704771, 0.008746507710524907]
E for cur_iter:  -0.9312969297399347
params in def finance in vqe.py:  [ 0.04040825  0.13544845  0.13230009  0.00606472  0.00097977  0.00986283
 -0.00040208  0.13835328  0.03096299  0.01798223  0.00932194  0.00807373
  0.00014752  0.00885025  0.0021624  -0.00018275  0.00124819  0.00090965]
[0.040408251693816184, 0.13544845420369384, 0.13230008573401275, 0.0060647167702819055, 0.000979765960737182, 0.009862825116537577]
[-0.0025263157770297586, 0.8692993064173012, 0.19454617943616456, 0.11298568437641267, 0.05857149874648409, 0.050728763284809374, 0.0009269015721040045, 0.05560775318399276, 0.013586735349270868]
E for cur_iter:  -0.9332638680382911
params in def finance in vqe.py:  [ 3.98445763e-02  1.35295741e-01  1.32861082e-01 -6.20191213e-18
  3.04458467e-03  6.82932476e-03 -8.51547159e-18  1.38014592e-01
  2.68334004e-02  2.70980634e-02  1.08839315e-02  1.26912919e-02
 -1.22959667e-17  1.05875693e-02  2.91218584e-03 -2.00734272e-17
 -5.76795556e-17 -4.88975180e-17]
[0.03984457625967832, 0.135295740715852, 0.13286108176803516, -6.201912129513833e-18, 0.003044584673787498, 0.0068293247585973285]
[-5.350428599182322e-17, 0.8671712560797867, 0.16859922689429793, 0.17026215380949156, 0.06838575823698444, 0.07974173882330567, -7.725783723407549e-17, 0.06652365969008006, 0.018297803264456073]
E for cur_iter:  -0.936198234095327
params in def finance in vqe.py:  [ 4.06899617e-02  1.35991911e-01  1.29788816e-01  1.97194797e-05
  1.32520177e-03  1.02944402e-02 -4.86638151e-04  1.36316095e-01
  2.98184997e-02  1.70851558e-02  1.15526766e-02  9.38479783e-03
  5.73380412e-04  7.61477962e-03 -1.16505500e-03  1.01063276e-04
  3.42163674e-03  2.92091546e-03]
[0.04068996167847938, 0.13599191095105248, 0.12978881604497883, 1.971947973825509e-05, 0.0013252017713176912, 0.010294440197671445]
[-0.0030576376795388486, 0.8564992860575139, 0.18735515940757833, 0.10734920013756455, 0.07258760783828605, 0.05896642383459266, 0.0036026553777550254, 0.04784507140000205, -0.007320256432795044]
E for cur_iter:  -0.9362044245777466
params in def finance in vqe.py:  [ 4.16603541e-02  1.26665802e-01  1.36414470e-01  4.43087455e-18
 -4.14165230e-17  1.28224169e-02 -6.62374069e-18  1.33651695e-01
  3.45521921e-02  1.92808022e-02  1.28034318e-02  7.83337041e-03
  2.18723652e-03  1.00342431e-02  1.09592411e-03  1.21163728e-05
  1.27710553e-03  6.09077036e-04]
[0.04166035414166969, 0.12666580219489265, 0.13641446956222575, 4.430874549605647e-18, -4.141652298894627e-17, 0.012822416928151057]
[-4.161819018696195e-17, 0.839758366222857, 0.21709782575049869, 0.12114485331651079, 0.0804463344666484, 0.04921851785289643, 0.013742812364157295, 0.06304700856296759, 0.006885894238511459]
E for cur_iter:  -0.9155833474540116
params in def finance in vqe.py:  [ 4.23564142e-02  1.33797538e-01  1.27983133e-01  1.00070339e-03
  1.70854826e-03  1.08906929e-02  2.24388001e-03  1.36538081e-01
  3.22714290e-02  1.98024227e-02  6.82172291e-03  7.93123164e-03
  4.83033055e-04  7.74911742e-03  1.88780367e-03  9.04687474e-04
  2.08602460e-03 -1.70017720e-05]
[0.04235641415793312, 0.1337975382154469, 0.127983132516973, 0.0010007033947464494, 0.0017085482648758438, 0.010890692850493995]
[0.014098713901097189, 0.8578940615703279, 0.2027673684621458, 0.12442229146074149, 0.04286214916720383, 0.049833398122510156, 0.003034986193306366, 0.048689140735893074, 0.011861420280724356]
E for cur_iter:  -0.9371901237123809
params in def finance in vqe.py:  [ 4.30128878e-02  1.35921851e-01  1.24495198e-01 -1.17144127e-17
 -1.12757026e-17  5.70486585e-03 -5.45845276e-18  1.46407306e-01
  3.15536224e-02  1.63507300e-02  1.18030345e-02  7.67931182e-03
 -1.18163288e-17  8.81955807e-03  2.50168856e-03 -7.93708839e-18
 -1.47451495e-17 -1.45283091e-17]
[0.04301288781943356, 0.13592185137010368, 0.12449519813686814, -1.1714412681623647e-17, -1.1275702593849246e-17, 0.0057048658530656285]
[-3.4296470152360156e-17, 0.9199042311838138, 0.19825725687766288, 0.10273466667337056, 0.07416065324589081, 0.04825053919600127, -7.424418378662312e-17, 0.05541491768665555, 0.015718572772363007]
E for cur_iter:  -0.9391521131271666
params in def finance in vqe.py:  [ 3.96083941e-02  1.36765385e-01  1.30337279e-01 -8.04088278e-18
  3.14978318e-03  1.12064586e-02  1.31161621e-03  1.38015043e-01
  3.14464370e-02  1.64215906e-02  8.55180399e-03  8.49311482e-03
 -4.12056132e-18  1.36342062e-02  1.76506467e-03  3.97591472e-04
  1.14481962e-03  3.21928397e-04]
[0.039608394093353004, 0.13676538546075434, 0.1303372785287341, -8.04088278244013e-18, 0.0031497831807613397, 0.011206458605025808]
[0.008241127697159486, 0.8671740927933138, 0.19758379121316336, 0.10317989707970149, 0.053732569163901775, 0.053363814277695557, -2.5890250321404247e-17, 0.08566624433202197, 0.011090228405611283]
E for cur_iter:  -0.938173458725751
params in def finance in vqe.py:  [ 0.04058462  0.13527218  0.13170683 -0.00023141  0.00133111  0.00980097
  0.00028613  0.1382293   0.03076951  0.01771737  0.00886888  0.00722991
  0.00271295  0.00868062  0.00226657 -0.00062999  0.00165056  0.00052412]
[0.040584622634395245, 0.13527217694292967, 0.1317068321935035, -0.0002314124762286347, 0.0013311071445337905, 0.009800968061890744]
[0.0017977787296053949, 0.8685203261222006, 0.19333054411435, 0.11132149340525267, 0.055724787791025965, 0.04542684056050314, 0.01704594724140553, 0.054541943160065234, 0.014241295796749714]
E for cur_iter:  -0.9362044245777466
params in def finance in vqe.py:  [ 4.06363947e-02  1.34521120e-01  1.31873664e-01 -8.33858515e-18
  3.45575979e-05  1.09026501e-02  1.08721891e-03  1.38581005e-01
  2.74466194e-02  1.79193335e-02  9.17116644e-03  4.26548991e-03
 -4.58781255e-18  8.91150456e-03  1.72960089e-03  1.21387455e-03
  1.99213188e-03  8.67361738e-19]
[0.0406363946628052, 0.13452112000468278, 0.13187366381142937, -8.3385851531408e-18, 3.4557597861563805e-05, 0.010902650077940852]
[0.006831197907699694, 0.8707301354735512, 0.17245219588463492, 0.11259049290284448, 0.05762413821382301, 0.026800863534773935, -2.8826076400562574e-17, 0.05599263454044946, 0.010867402899201463]
E for cur_iter:  -0.9371877595911167
params in def finance in vqe.py:  [ 4.09708051e-02  1.35414442e-01  1.31584772e-01 -2.40598749e-04
 -1.00879425e-04  9.11764614e-03 -1.34570142e-04  1.37136854e-01
  3.15966580e-02  1.73587900e-02  8.62726920e-03  8.41769299e-03
 -3.01561547e-04  8.86560707e-03  1.16811629e-03 -2.54074694e-04
  1.70206201e-04 -1.94318083e-04]
[0.040970805056244515, 0.13541444156682608, 0.131584772274555, -0.00024059874917008048, -0.00010087942530884555, 0.009117646138054443]
[-0.0008455291413052298, 0.8616562680978492, 0.19852765759126517, 0.1090684940213933, 0.05420673110580857, 0.05288992488606117, -0.001894767081544749, 0.05570425210901845, 0.007339491103385909]
E for cur_iter:  -0.9381734667101526
params in def finance in vqe.py:  [ 3.82374885e-02  1.37037158e-01  1.30768475e-01 -7.95917845e-18
  4.80650793e-03  1.11188026e-02  3.12818758e-18  1.38495842e-01
  3.15911325e-02  1.73607517e-02  9.20007715e-03  7.47690630e-03
 -4.96980302e-18  5.23405901e-03  2.57027086e-03  3.18894721e-04
  7.37257477e-18  4.98732999e-18]
[0.03823748854529154, 0.13703715789249912, 0.13076847455952237, -7.959178445972344e-18, 0.004806507928234449, 0.011118802628237803]
[1.965498223462725e-17, 0.8701950375269835, 0.1984929392882689, 0.1090808201228929, 0.05780578958735099, 0.04697878777919005, -3.1226193329627677e-17, 0.03288656265041089, 0.016149488086524458]
E for cur_iter:  -0.9312971900271493
params in def finance in vqe.py:  [ 3.99404990e-02  1.37095708e-01  1.30210339e-01 -8.14604764e-18
 -1.95156391e-18  1.06705520e-02  4.79273329e-04  1.36898986e-01
  3.14136217e-02  1.76884302e-02  9.62404965e-03  8.97189814e-03
 -2.96306699e-18  8.83076952e-03  7.06887836e-03  6.00535869e-18
  3.12861239e-03  1.93311176e-03]
[0.03994049898895191, 0.13709570819814648, 0.13021033925124015, -8.146047644039885e-18, -1.951563910473908e-18, 0.010670551973898074]
[0.0030113631413143833, 0.8601616948488074, 0.19737760618848785, 0.11113968460034639, 0.06046968738515198, 0.056372098570323034, -1.8617498992483857e-17, 0.055485361273164585, 0.044415072635875436]
E for cur_iter:  -0.9362013888680126
{'IIIZ': -0.0007389802430548542, 'IIZI': 0.000618927047458695, 'IZII': -0.0012772629794151058, 'ZIII': 0.00025785020171742445, 'IIZZ': 0.5034804120100986, 'IZIZ': 0.5035016658557945, 'IZZI': 0.5035002207273829, 'ZIIZ': 0.503484434448624, 'ZIZI': 0.5034716148591135, 'ZZII': 0.503467526845492}
The optimized loss func value: -0.9391544296178568

   Return from subroutine COBYLA because the MAXFUN limit has been reached.

   NFVALS =  100   F =-9.391544E-01    MAXCV = 1.070433E-17
   X = 4.074721E-02   1.349477E-01   1.314479E-01  -7.296681E-18   1.561997E-03
       9.967253E-03  -1.276336E-18   1.380720E-01   3.156323E-02   1.773548E-02
       9.249324E-03   8.048000E-03  -4.597610E-18   8.718261E-03   2.271939E-03
      -1.070433E-17   1.539355E-03   8.567758E-04
