lb in gen_LC_finance:  [0. 0. 0. 0. 0. 0. 0. 0. 0. 0. 0. 0. 0. 0.]
ub in gen_LC_finance:  [1. 1. 1. 1. 1. 1. 1. 1. 1. 1. 1. 1. 1. 1.]
<scipy.optimize._constraints.LinearConstraint object at 0x7f45e9e67be0>
params in def finance in vqe.py:  [0. 0. 0. 0. 0. 0. 0. 0. 0. 0. 0. 0. 0. 0.]
[0.0, 0.0, 0.0, 0.0]
[0.0, 0.0, 0.0, 0.0, 0.0, 0.0, 0.0]
E for cur_iter:  2.7061656892995978
params in def finance in vqe.py:  [0.1 0.  0.  0.  0.  0.  0.  0.  0.  0.  0.  0.  0.  0. ]
[0.1, 0.0, 0.0, 0.0]
[0.0, 0.0, 0.0, 0.0, 0.0, 0.0, 0.0]
E for cur_iter:  0.5679744961422521
params in def finance in vqe.py:  [0.1 0.1 0.  0.  0.  0.  0.  0.  0.  0.  0.  0.  0.  0. ]
[0.1, 0.1, 0.0, 0.0]
[0.0, 0.0, 0.0, 0.0, 0.0, 0.0, 0.0]
E for cur_iter:  0.3506263973624561
params in def finance in vqe.py:  [0.1 0.1 0.1 0.  0.  0.  0.  0.  0.  0.  0.  0.  0.  0. ]
[0.1, 0.1, 0.1, 0.0]
[0.0, 0.0, 0.0, 0.0, 0.0, 0.0, 0.0]
E for cur_iter:  -0.4758843414186976
params in def finance in vqe.py:  [0.1 0.1 0.1 0.1 0.  0.  0.  0.  0.  0.  0.  0.  0.  0. ]
[0.1, 0.1, 0.1, 0.1]
[0.0, 0.0, 0.0, 0.0, 0.0, 0.0, 0.0]
E for cur_iter:  -0.7564802973479045
params in def finance in vqe.py:  [0.1 0.1 0.1 0.1 0.1 0.  0.  0.  0.  0.  0.  0.  0.  0. ]
[0.1, 0.1, 0.1, 0.1]
[0.6283185307179586, 0.0, 0.0, 0.0, 0.0, 0.0, 0.0]
E for cur_iter:  -0.6728544710905908
params in def finance in vqe.py:  [0.1 0.1 0.1 0.1 0.  0.1 0.  0.  0.  0.  0.  0.  0.  0. ]
[0.1, 0.1, 0.1, 0.1]
[0.0, 0.6283185307179586, 0.0, 0.0, 0.0, 0.0, 0.0]
E for cur_iter:  -0.6718581121867561
params in def finance in vqe.py:  [0.1 0.1 0.1 0.1 0.  0.  0.1 0.  0.  0.  0.  0.  0.  0. ]
[0.1, 0.1, 0.1, 0.1]
[0.0, 0.0, 0.6283185307179586, 0.0, 0.0, 0.0, 0.0]
E for cur_iter:  -0.7604267175961638
params in def finance in vqe.py:  [0.1 0.1 0.1 0.1 0.  0.  0.1 0.1 0.  0.  0.  0.  0.  0. ]
[0.1, 0.1, 0.1, 0.1]
[0.0, 0.0, 0.6283185307179586, 0.6283185307179586, 0.0, 0.0, 0.0]
E for cur_iter:  -0.6898280703263853
params in def finance in vqe.py:  [0.1 0.1 0.1 0.1 0.  0.  0.1 0.  0.1 0.  0.  0.  0.  0. ]
[0.1, 0.1, 0.1, 0.1]
[0.0, 0.0, 0.6283185307179586, 0.0, 0.6283185307179586, 0.0, 0.0]
E for cur_iter:  -0.7584486741639709
params in def finance in vqe.py:  [0.1 0.1 0.1 0.1 0.  0.  0.1 0.  0.  0.1 0.  0.  0.  0. ]
[0.1, 0.1, 0.1, 0.1]
[0.0, 0.0, 0.6283185307179586, 0.0, 0.0, 0.6283185307179586, 0.0]
E for cur_iter:  -0.6682393484109412
params in def finance in vqe.py:  [0.1 0.1 0.1 0.1 0.  0.  0.1 0.  0.  0.  0.1 0.  0.  0. ]
[0.1, 0.1, 0.1, 0.1]
[0.0, 0.0, 0.6283185307179586, 0.0, 0.0, 0.0, 0.6283185307179586]
E for cur_iter:  -0.7584489332689447
params in def finance in vqe.py:  [0.1 0.1 0.1 0.1 0.  0.  0.1 0.  0.  0.  0.  0.1 0.  0. ]
[0.1, 0.1, 0.1, 0.1]
[0.0, 0.0, 0.6283185307179586, 0.0, 0.0, 0.0, 0.0]
E for cur_iter:  -0.7604267175961638
params in def finance in vqe.py:  [0.1 0.1 0.1 0.1 0.  0.  0.1 0.  0.  0.  0.  0.  0.1 0. ]
[0.1, 0.1, 0.1, 0.1]
[0.0, 0.0, 0.6283185307179586, 0.0, 0.0, 0.0, 0.0]
E for cur_iter:  -0.7604267175961638
params in def finance in vqe.py:  [0.1 0.1 0.1 0.1 0.  0.  0.1 0.  0.  0.  0.  0.  0.  0.1]
[0.1, 0.1, 0.1, 0.1]
[0.0, 0.0, 0.6283185307179586, 0.0, 0.0, 0.0, 0.0]
E for cur_iter:  -0.7604267175961638
params in def finance in vqe.py:  [ 1.92175647e-01  1.09369696e-01  1.35630192e-01  1.12096259e-01
 -1.46455167e-19 -5.93247802e-19  1.00170127e-01 -1.48013942e-18
 -3.26121206e-21  2.08166229e-18  1.08420217e-20  0.00000000e+00
  0.00000000e+00  0.00000000e+00]
[0.19217564662159123, 0.1093696960361238, 0.13563019155192813, 0.11209625863203847]
[-9.202049509321616e-19, -3.7274858742661384e-18, 0.6293874695532348, -9.299990243159068e-18, -2.049079967840343e-20, 1.307946994350306e-17, 6.812243160173109e-20]
E for cur_iter:  1.082870440560007
params in def finance in vqe.py:  [ 6.46689092e-03  1.08548256e-01  1.32506496e-01  1.11035781e-01
 -1.33615456e-19 -5.94554682e-19  1.00155212e-01 -1.15571086e-18
 -1.28589991e-20  1.38777363e-18  1.08420217e-20  0.00000000e+00
  0.00000000e+00  0.00000000e+00]
[0.006466890919934104, 0.10854825566589818, 0.13250649600974765, 0.11103578077547427]
[-8.395306694332841e-19, -3.735697242266527e-18, 0.6292937557860846, -7.26154551003593e-18, -8.079547430919648e-20, 8.719638852462074e-18, 6.812243160173108e-20]
E for cur_iter:  -0.1947129892104727
params in def finance in vqe.py:  [ 9.62230478e-02  1.38231817e-01  6.80435178e-02  1.01686850e-01
 -3.27308151e-20 -7.19284390e-20  1.00023725e-01 -1.34574110e-19
 -7.66828646e-22  0.00000000e+00 -1.35525272e-21  0.00000000e+00
  0.00000000e+00  0.00000000e+00]
[0.09622304782991345, 0.13823181728341166, 0.06804351783251039, 0.10168685035971203]
[-2.0565377655573253e-19, -4.519397108358635e-19, 0.6284675966327713, -8.455540682801887e-19, -4.818126484462995e-21, 0.0, -8.515303950216385e-21]
E for cur_iter:  -0.7482570617031798
params in def finance in vqe.py:  [0.1        0.09371842 0.09371842 0.12336843 0.         0.
 0.1        0.         0.         0.         0.         0.
 0.         0.        ]
[0.1, 0.09371841659669483, 0.09371841659669483, 0.12336842784388034]
[0.0, 0.0, 0.6283185307179586, 0.0, 0.0, 0.0, 0.0]
E for cur_iter:  -0.6722196466446891
params in def finance in vqe.py:  [ 9.13912288e-02  7.15140938e-02  6.63042862e-02  7.81130597e-02
 -2.39068260e-19  8.54481301e-20  1.00054075e-01 -2.42775519e-19
  6.45629124e-21 -8.40569784e-23  0.00000000e+00  0.00000000e+00
  0.00000000e+00  0.00000000e+00]
[0.09139122884165218, 0.0715140937627504, 0.06630428623722082, 0.07811305971874824]
[-1.5021101765391242e-18, 5.368864358107161e-19, 0.6286582952398119, -1.525403575377151e-18, 4.0566074244922213e-20, -5.281455715152448e-22, 0.0]
E for cur_iter:  -0.849805925711772
params in def finance in vqe.py:  [ 9.13912288e-02  7.15140938e-02  6.63042862e-02  7.81130597e-02
 -2.50000000e-02  8.54481301e-20  1.00054075e-01 -2.42775519e-19
  6.45629124e-21 -8.40569784e-23  0.00000000e+00  0.00000000e+00
  0.00000000e+00  0.00000000e+00]
[0.09139122884165218, 0.0715140937627504, 0.06630428623722082, 0.07811305971874824]
[-0.15707963267948968, 5.368864358107161e-19, 0.6286582952398119, -1.525403575377151e-18, 4.0566074244922213e-20, -5.281455715152448e-22, 0.0]
E for cur_iter:  -0.8458728453263253
params in def finance in vqe.py:  [ 1.30023669e-01  6.84555190e-02  5.92867461e-02  4.73319178e-02
  1.17004299e-03 -1.63069569e-18  1.00347578e-01 -2.42775519e-19
 -1.99407432e-19 -6.47594572e-19 -2.78595658e-19  0.00000000e+00
  0.00000000e+00  0.00000000e+00]
[0.13002366872659893, 0.06845551903739289, 0.059286746132230284, 0.047331917836998895]
[0.007351596896533978, -1.0245963182201393e-17, 0.6305024280826642, -1.5254035753771513e-18, -1.2529138489702274e-18, -4.068956698932653e-18, -1.7504681446827267e-18]
E for cur_iter:  -0.564272454556227
params in def finance in vqe.py:  [ 9.13912288e-02  7.15140938e-02  6.63042862e-02  7.81130597e-02
 -2.39068260e-19 -2.50000000e-02  1.00054075e-01 -2.42775519e-19
  6.45629124e-21 -8.40569784e-23  0.00000000e+00  0.00000000e+00
  0.00000000e+00  0.00000000e+00]
[0.09139122884165218, 0.0715140937627504, 0.06630428623722082, 0.07811305971874824]
[-1.5021101765391242e-18, -0.15707963267948968, 0.6286582952398119, -1.525403575377151e-18, 4.0566074244922213e-20, -5.281455715152448e-22, 0.0]
E for cur_iter:  -0.8438977326948138
params in def finance in vqe.py:  [ 4.46698976e-02  7.28699885e-02  7.44623148e-02  6.24031552e-02
  7.61365976e-04  1.14370842e-03  1.00245062e-01 -2.42775519e-19
 -2.75301584e-19 -2.42572977e-19 -2.27183034e-19  0.00000000e+00
  0.00000000e+00  0.00000000e+00]
[0.04466989758413507, 0.07286998845877866, 0.07446231484172626, 0.06240315516041048]
[0.004783803511144077, 0.007186131919302637, 0.6298583024345497, -1.5254035753771504e-18, -1.7297708701823434e-18, -1.524130964651894e-18, -1.4274331004736375e-18]
E for cur_iter:  -0.5528233104741043
params in def finance in vqe.py:  [ 9.13921249e-02  7.14345627e-02  6.62414060e-02  7.83747862e-02
 -2.39295562e-19  7.82336124e-20  1.25052500e-01 -2.42775519e-19
  6.45629124e-21 -8.40569784e-23  0.00000000e+00  0.00000000e+00
  0.00000000e+00  0.00000000e+00]
[0.09139212485131096, 0.07143456266213997, 0.06624140596812984, 0.07837478622240818]
[-1.5035383612096516e-18, 4.915562836592571e-19, 0.7857280277338671, -1.525403575377151e-18, 4.0566074244922213e-20, -5.281455715152448e-22, 0.0]
E for cur_iter:  -0.8517717414877135
params in def finance in vqe.py:  [ 9.45700066e-02  5.20611849e-02  4.61359340e-02  1.19719343e-01
  5.22873903e-04  7.85450497e-04  1.24768669e-01 -2.42775519e-19
 -2.31933498e-19 -5.90203970e-19 -2.32319559e-19  0.00000000e+00
  0.00000000e+00  0.00000000e+00]
[0.09457000655841069, 0.052061184939990526, 0.04613593398526843, 0.11971934342583437]
[0.0032853136264634542, 0.0049351310230554835, 0.7839446666153359, -1.52540357537715e-18, -1.4572811437754195e-18, -3.70836091239167e-18, -1.459706841025216e-18]
E for cur_iter:  -0.861419750566736
params in def finance in vqe.py:  [ 9.45700066e-02  5.20611849e-02  4.61359340e-02  1.19719343e-01
  5.22873903e-04  7.85450497e-04  1.24768669e-01 -2.50000000e-02
 -2.31933498e-19 -5.90203970e-19 -2.32319559e-19  0.00000000e+00
  0.00000000e+00  0.00000000e+00]
[0.09457000655841069, 0.052061184939990526, 0.04613593398526843, 0.11971934342583437]
[0.0032853136264634542, 0.0049351310230554835, 0.7839446666153359, -0.15707963267948968, -1.4572811437754195e-18, -3.70836091239167e-18, -1.459706841025216e-18]
E for cur_iter:  -0.8643798844231182
params in def finance in vqe.py:  [ 5.18018742e-02  4.56923003e-02  4.58875555e-02  1.21236543e-01
  1.44659715e-03  2.17304869e-03  1.25195151e-01  0.00000000e+00
 -2.36947487e-19 -1.19226442e-18 -2.51098492e-19  0.00000000e+00
  0.00000000e+00  0.00000000e+00]
[0.051801874239723, 0.04569230030260719, 0.04588755547484014, 0.12123654296222641]
[0.009089237946712373, 0.013653667584558802, 0.7866243310354457, 0.0, -1.4887849690120188e-18, -7.491218296248713e-18, -1.57769835369455e-18]
E for cur_iter:  -0.5642591779336573
params in def finance in vqe.py:  [ 9.45700066e-02  5.20611849e-02  4.61359340e-02  1.19719343e-01
  5.22873903e-04  7.85450497e-04  1.24768669e-01 -2.50000000e-02
 -2.50000000e-02 -5.90203970e-19 -2.32319559e-19  0.00000000e+00
  0.00000000e+00  0.00000000e+00]
[0.09457000655841069, 0.052061184939990526, 0.04613593398526843, 0.11971934342583437]
[0.0032853136264634542, 0.0049351310230554835, 0.7839446666153359, -0.15707963267948968, -0.15707963267948968, -3.70836091239167e-18, -1.459706841025216e-18]
E for cur_iter:  -0.8673344430278292
params in def finance in vqe.py:  [ 1.26864993e-01  4.61781389e-02  3.65461444e-02  1.10852299e-01
  1.23890155e-03  1.86105260e-03  1.25175413e-01  3.46944695e-18
 -3.46944695e-18 -5.90967484e-19 -1.86320757e-19  0.00000000e+00
  0.00000000e+00  0.00000000e+00]
[0.12686499347672014, 0.04617813892921692, 0.0365461444029901, 0.11085229943067536]
[0.007784248003930198, 0.011693338348554452, 0.7865003144220699, 2.179917811255395e-17, -2.179917811255395e-17, -3.7131582142068304e-18, -1.1706878410062114e-18]
E for cur_iter:  -0.8871457524033429
params in def finance in vqe.py:  [ 1.26864993e-01  4.61781389e-02  3.65461444e-02  1.10852299e-01
  1.23890155e-03  1.86105260e-03  1.25175413e-01  3.46944695e-18
 -3.46944695e-18 -2.50000000e-02 -1.86320757e-19  0.00000000e+00
  0.00000000e+00  0.00000000e+00]
[0.12686499347672014, 0.04617813892921692, 0.0365461444029901, 0.11085229943067536]
[0.007784248003930198, 0.011693338348554452, 0.7865003144220699, 2.179917811255395e-17, -2.179917811255395e-17, -0.15707963267948968, -1.1706878410062114e-18]
E for cur_iter:  -0.8783099140261951
params in def finance in vqe.py:  [ 1.27068660e-01  1.46204807e-02  7.66238365e-03  8.80340134e-02
  5.41050824e-03  8.12755496e-03  1.27326421e-01 -1.11025010e-17
 -1.15432616e-17  9.37169823e-03 -3.38271078e-18  0.00000000e+00
  0.00000000e+00  0.00000000e+00]
[0.12706865951867682, 0.014620480726124672, 0.007662383650560555, 0.0880340134121935]
[0.033995225855939594, 0.05106693388601254, 0.8000154957597341, -6.975907113169192e-17, -7.2528451729065e-17, 0.05888411659835755, -2.1254198659740103e-17]
E for cur_iter:  -0.45927117293613545
params in def finance in vqe.py:  [ 1.26864993e-01  4.61781389e-02  3.65461444e-02  1.10852299e-01
  1.23890155e-03  1.86105260e-03  1.25175413e-01  3.46944695e-18
 -3.46944695e-18 -5.90967484e-19 -2.50000000e-02 -1.01294330e-18
 -1.01294330e-18 -1.01294330e-18]
[0.12686499347672014, 0.04617813892921692, 0.0365461444029901, 0.11085229943067536]
[0.007784248003930198, 0.011693338348554452, 0.7865003144220699, 2.179917811255395e-17, -2.179917811255395e-17, -3.7131582142068304e-18, -0.15707963267948968]
E for cur_iter:  -0.8930386701197711
params in def finance in vqe.py:  [ 1.41484214e-01  3.59634944e-02  7.38601596e-02  1.23635002e-01
  1.61789047e-03  2.43036202e-03  1.25291855e-01 -9.64949440e-19
 -6.94471797e-18  8.51415309e-04 -6.93889390e-18  7.80642133e-19
 -4.35099131e-19  6.19816677e-18]
[0.14148421394562546, 0.03596349440850961, 0.073860159629112, 0.12363500200901825]
[0.010165505623868785, 0.015270414905076902, 0.7872319441669501, -6.0629561417278256e-18, -4.3634949883737214e-17, 0.005349600161233274, -4.35983562251079e-17]
E for cur_iter:  -0.8194187041420484
params in def finance in vqe.py:  [ 1.26864993e-01  4.61781389e-02  3.65461444e-02  1.10852299e-01
  1.23890155e-03  1.86105260e-03  1.25175413e-01  3.46944695e-18
 -3.46944695e-18 -5.90967484e-19 -2.50000000e-02 -2.50000000e-02
 -1.04797544e-18 -1.04797544e-18]
[0.12686499347672014, 0.04617813892921692, 0.0365461444029901, 0.11085229943067536]
[0.007784248003930198, 0.011693338348554452, 0.7865003144220699, 2.179917811255395e-17, -2.179917811255395e-17, -3.7131582142068304e-18, -0.15707963267948968]
E for cur_iter:  -0.8930386701197711
params in def finance in vqe.py:  [ 1.38953421e-01  8.44961511e-02  3.12058236e-02  1.26014764e-01
  1.74648340e-03  2.62353169e-03  1.25378420e-01  7.02764489e-18
 -1.32050613e-18  1.14030500e-03 -3.46944695e-18  3.88801139e-18
 -4.44613745e-18 -8.59590758e-18]
[0.13895342082147483, 0.08449615106651273, 0.03120582355193867, 0.12601476368622652]
[0.010973478841524215, 0.016484135768780758, 0.7877758459157467, 4.4155995127291316e-17, -8.296984702477368e-18, 0.007164747593938656, -2.179917811255395e-17]
E for cur_iter:  -0.7886400276320142
params in def finance in vqe.py:  [ 1.26864993e-01  4.61781389e-02  3.65461444e-02  1.10852299e-01
  1.23890155e-03  1.86105260e-03  1.25175413e-01  3.46944695e-18
 -3.46944695e-18 -5.90967484e-19 -2.50000000e-02 -1.04797544e-18
  2.50000000e-02 -2.03784971e-18]
[0.12686499347672014, 0.04617813892921692, 0.0365461444029901, 0.11085229943067536]
[0.007784248003930198, 0.011693338348554452, 0.7865003144220699, 2.179917811255395e-17, -2.179917811255395e-17, -3.7131582142068304e-18, -0.15707963267948968]
E for cur_iter:  -0.8930386701197711
params in def finance in vqe.py:  [ 1.20022881e-01  1.82515136e-02  1.38560293e-02  9.03372992e-02
  3.36860255e-03  5.06024594e-03  1.26309049e-01  6.25500028e-18
 -1.36727473e-18  4.78446713e-03 -2.77555756e-17 -2.39058762e-19
  2.81729784e-18  8.58113133e-03]
[0.12002288085467479, 0.018251513602214043, 0.013856029348779206, 0.09033729915426161]
[0.021165554027584164, 0.0317944629274649, 0.7936231585537277, 3.9301325838991124e-17, -8.59084047794686e-18, 0.030061693561529587, -1.743934249004316e-16]
E for cur_iter:  -0.5043184121416299
params in def finance in vqe.py:  [ 1.27601220e-01  4.44858795e-02  3.44928147e-02  1.09004291e-01
  1.23890155e-03  1.86105260e-03  1.25184186e-01  3.47872120e-18
 -3.46956417e-18  2.79252051e-03 -2.22074795e-02 -8.50406892e-19
 -1.82985970e-18 -2.44615313e-02]
[0.1276012201798554, 0.044485879491182566, 0.03449281473224132, 0.10900429089102875]
[0.007784248003930198, 0.011693338348554452, 0.78655543700609, 2.185744991905075e-17, -2.1799914633464366e-17, 0.01754592384361726, -0.13953370883587243]
E for cur_iter:  -0.8586734106988887
params in def finance in vqe.py:  [ 1.08502223e-01  6.25241528e-02  6.30121897e-02  1.34616343e-01
  2.50060809e-03  3.75636239e-03  1.25676505e-01 -1.12674114e-18
 -6.20901591e-18 -4.72124755e-18  1.38777878e-17  3.48901770e-18
 -5.32661148e-19  2.27057655e-18]
[0.10850222310587483, 0.0625241527596766, 0.06301218966206362, 0.1346163426262012]
[0.01571178398191262, 0.023601920964895082, 0.7896487666464086, -7.079523373801596e-18, -3.901239756879378e-17, -2.966447323410416e-17, 8.71967124502158e-17]
E for cur_iter:  -0.8095966299939286
params in def finance in vqe.py:  [ 8.39682561e-02  6.14985604e-02  6.14161123e-02  1.33439520e-01
  1.25132051e-03  1.87970811e-03  1.25057974e-01 -3.29804318e-18
 -2.09299395e-18 -1.47260484e-18  6.66743468e-18 -2.51482057e-18
 -1.15293983e-18 -1.90705432e-18]
[0.08396825614173585, 0.061498560425183785, 0.06141611233997936, 0.13343952016180513]
[0.00786227865736206, 0.011810554402266624, 0.7857624263545885, -2.072221643055953e-17, -1.3150668824893226e-17, -9.252649122284519e-18, 4.189272759636968e-17]
E for cur_iter:  -0.7681929761962019
params in def finance in vqe.py:  [9.42634847e-02 5.16944769e-02 4.57655810e-02 1.19154576e-01
 5.22873903e-04 1.32301888e-02 1.24772495e-01 1.59812743e-21
 8.61373458e-22 5.68192191e-04 5.68192191e-04 2.59879237e-20
 6.98274153e-20 2.19628806e-04]
[0.09426348469437072, 0.051694476915463715, 0.045765581012738685, 0.11915457636247162]
[0.003285313626463454, 0.0831277275774505, 0.7839687042215142, 1.0041330809826886e-20, 5.4121690559921954e-21, 0.003570056827009065, 0.0035700568270090674]
E for cur_iter:  -0.857487140772302
params in def finance in vqe.py:  [ 9.37022260e-02  3.88253305e-02  3.40566071e-02  1.08900696e-01
  1.28542206e-03 -1.19262239e-18  1.25190633e-01 -2.97707519e-18
 -1.52695077e-18  7.06785499e-03  4.21223428e-03  3.30470096e-18
  1.22758370e-18  1.08181273e-02]
[0.0937022259587662, 0.03882533051589286, 0.03405660708878831, 0.10890069556589536]
[0.008076544994849893, -7.493467476190419e-18, 0.7865959437616068, -1.8705515097049292e-17, -9.594114631149078e-18, 0.044408642597266436, 0.026466248520101026]
E for cur_iter:  -0.7120789356659591
params in def finance in vqe.py:  [ 9.43694099e-02  5.18212007e-02  4.58935644e-02  1.19349744e-01
  1.28035246e-02  7.54423001e-04  1.24771172e-01  1.04586047e-21
  5.63707518e-22  3.71841280e-04  3.71841280e-04  8.84707184e-20
 -5.05944931e-20 -2.20566084e-03]
[0.09436940985157317, 0.05182120068202785, 0.04589356436870084, 0.11934974364737913]
[0.08044691748110028, 0.004740179517129791, 0.7839603975148419, 6.5713351281679136e-21, 3.541878791844916e-21, 0.0023363476695659976, 0.0023363476695660006]
E for cur_iter:  -0.859454892056119
params in def finance in vqe.py:  [ 9.39255999e-02  3.71289521e-02  3.25507266e-02  1.07828043e-01
 -5.42101086e-19 -9.75781955e-19  1.25254030e-01 -2.81262192e-18
 -1.57559650e-18  7.53263867e-03  4.21731331e-03  3.61081085e-18
 -4.24651163e-18 -1.93334108e-18]
[0.09392559985832942, 0.037128952067182946, 0.03255072660207543, 0.10782804325220027]
[-3.4061215800865545e-18, -6.131018844155798e-18, 0.7869942804539682, -1.7672224742943775e-17, -9.899764809831208e-18, 0.047328964630467506, 0.026498161050701054]
E for cur_iter:  -0.6855721108715538
params in def finance in vqe.py:  [ 9.08709104e-02  4.53980434e-02  4.89703482e-02  1.18251123e-01
  7.75584526e-04  1.07336778e-03  1.24770104e-01  2.62478044e-20
  8.41022955e-22 -8.57981831e-03 -3.75736573e-03 -2.15009002e-19
  3.85060484e-19  3.19088179e-04]
[0.09087091037192671, 0.045398043370011354, 0.04897034821542137, 0.11825112343136858]
[0.004873141297419843, 0.006744168694488256, 0.7839536868870155, 1.6491981891972688e-19, 5.2843030748364585e-21, -0.05390858836775418, -0.023608225117855666]
E for cur_iter:  -0.8151708139644671
params in def finance in vqe.py:  [ 1.05322959e-01  6.75318904e-02  3.54852526e-02  1.21222428e-01
  1.06312325e-03  1.19142926e-03  1.24867131e-01 -2.55923461e-18
 -1.13889604e-18 -1.17730049e-18  1.23548288e-02 -1.42170858e-36
 -6.88581381e-19  1.10762537e-03]
[0.10532295901532374, 0.0675318903839095, 0.03548525264472022, 0.12122242763080765]
[0.006679800370867296, 0.007485970789956027, 0.784563322348293, -1.608014528259877e-17, -7.155894843940887e-18, -7.397197148894671e-18, 0.07762767875117556]
E for cur_iter:  -0.9185315649312034
params in def finance in vqe.py:  [ 1.09904759e-01  7.41873311e-02  3.05975510e-02  1.21723946e-01
  1.69170536e-03  1.80703905e-03  1.24914815e-01 -5.39047730e-18
 -2.70667006e-18  4.52771278e-04  2.42861287e-17  1.95179972e-02
 -5.47190063e-18  2.10547156e-03]
[0.10990475876908781, 0.07418733110319894, 0.030597550962462902, 0.12172394632321167]
[0.010629298236067534, 0.011353961187845846, 0.7848629333942968, -3.38693677897918e-17, -1.7006509580376295e-17, 0.002844845842717726, 1.5259424678787764e-16]
E for cur_iter:  -0.9136436537410162
params in def finance in vqe.py:  [ 1.07935011e-01  6.59790523e-02  3.77902187e-02  1.21494143e-01
  1.08053583e-03  1.21126769e-03  1.36496267e-01 -2.50929300e-18
 -1.14233734e-18  1.29102987e-04  1.38838212e-02  1.42068875e-03
 -1.42068875e-03  1.12961158e-03]
[0.10793501061445337, 0.06597905226525339, 0.03779021866831944, 0.12149414269343799]
[0.006789206863713147, 0.0076106193715859485, 0.8576313388280443, -1.5766352886131055e-17, -7.177517206202142e-18, 0.0008111779925967958, 0.08723462142233587]
E for cur_iter:  -0.933262242160475
params in def finance in vqe.py:  [ 1.20052440e-01  6.01254741e-02  4.77206293e-02  1.22561667e-01
  1.16776068e-03  1.26607567e-03  1.15624007e-01 -5.99069721e-18
 -2.51586652e-18  1.05004413e-03  2.03931345e-02  7.10429486e-03
 -2.55923507e-18  1.33024596e-03]
[0.12005244010244565, 0.06012547414618714, 0.047720629318656255, 0.1225616672347004]
[0.0073372567237693235, 0.007954988036385962, 0.7264870607513817, -3.764066069736931e-17, -1.5807655556191846e-17, 0.0065976218725292525, 0.12813384276180215]
E for cur_iter:  -0.9312798498637562
params in def finance in vqe.py:  [ 1.17827899e-01  6.43083579e-02  5.22093048e-02  1.12996052e-01
  8.97104484e-04  9.57712703e-04  1.16070871e-01 -6.08751127e-18
 -2.45270145e-18  1.06970937e-03  2.21737773e-02  8.73153174e-03
  3.98144517e-03  9.88498590e-04]
[0.11782789908419293, 0.0643083579308585, 0.052209304783113204, 0.1129960522308651]
[0.005636673711090358, 0.006017486385793182, 0.7292947929516275, -3.824896138153548e-17, -1.5410777688259408e-17, 0.006721182187928834, 0.13932195156848529]
E for cur_iter:  -0.9312822060006187
params in def finance in vqe.py:  [ 1.30005614e-01  7.38453363e-02  5.87263796e-02  1.02535748e-01
  1.45662732e-03  1.43688668e-03  1.14572405e-01 -5.17926047e-18
 -4.68488438e-18  2.31303469e-03  1.04957220e-02 -6.93889390e-18
 -1.12757026e-17  2.01642149e-03]
[0.13000561360874716, 0.073845336339727, 0.05872637962305689, 0.10253574809290679]
[0.009152259391703308, 0.009028225281311959, 0.7198796511502612, -3.2542253259152036e-17, -2.94359966739241e-17, 0.014533225603837876, 0.06594656646582234]
E for cur_iter:  -0.8870073283302178
params in def finance in vqe.py:  [ 1.20614658e-01  6.32973886e-02  5.17977667e-02  1.15574586e-01
  1.70751289e-04  2.78846422e-04  1.17296397e-01  4.36530921e-04
 -2.46752164e-18  2.48516054e-03  1.94914722e-02  6.55512049e-03
  1.51169118e-02  1.15922624e-03]
[0.12061465824342016, 0.06329738856841885, 0.05179776670499557, 0.11557458589544847]
[0.0010728619918221887, 0.0017520437445290177, 0.7369949986810399, 0.002742804667376173, -1.5503895743210912e-17, 0.015614724196843763, 0.12246853186378755]
E for cur_iter:  -0.9273443472961223
params in def finance in vqe.py:  [ 1.22431006e-01  6.90353700e-02  4.82319507e-02  1.15043229e-01
  1.61582537e-02  1.55226877e-02  1.18440635e-01 -6.10104154e-18
 -6.04354880e-18 -2.81892565e-18  3.12333957e-02  9.62795369e-03
  8.74597579e-03  3.00697518e-03]
[0.12243100606417395, 0.06903536998301767, 0.04823195072733645, 0.11504322858310342]
[0.10152530196434963, 0.09753192349339315, 0.7441844550477359, -3.833397454566631e-17, -3.797273704915427e-17, -1.7711832216450085e-17, 0.196245213212298]
E for cur_iter:  -0.9194781741606537
params in def finance in vqe.py:  [ 1.14803182e-01  7.05801379e-02  5.80306661e-02  1.19841648e-01
 -7.26415456e-18 -9.54097912e-18  1.17075185e-01  5.76365307e-04
 -6.11093730e-18  4.96384440e-03  2.48085215e-02  9.95217978e-03
  3.61316930e-03  1.45840554e-03]
[0.11480318189719942, 0.07058013785099115, 0.05803066607432362, 0.11984164764982957]
[-4.564202917315983e-17, -5.994773980952335e-17, 0.7356050802073799, 0.0036214100300983854, -3.839615145576803e-17, 0.03118875419272614, 0.15587653791277842]
E for cur_iter:  -0.9293247771557824
params in def finance in vqe.py:  [ 1.17827899e-01  6.43083579e-02  5.22093048e-02  1.12996052e-01
  8.97104484e-04  9.57712703e-04  1.16070871e-01 -6.05612052e-18
  6.25000000e-03  1.06970937e-03  2.21737773e-02  8.73153174e-03
  3.98144517e-03  9.88498590e-04]
[0.11782789908419293, 0.0643083579308585, 0.052209304783113204, 0.1129960522308651]
[0.005636673711090363, 0.006017486385793182, 0.7292947929516275, -3.8051727463265534e-17, 0.0392699081698724, 0.006721182187928833, 0.13932195156848529]
E for cur_iter:  -0.9312822060006187
params in def finance in vqe.py:  [ 1.22846037e-01  6.68791599e-02  4.65106972e-02  1.14152688e-01
 -5.74627151e-18  2.46452591e-03  1.18891321e-01 -6.12607933e-18
  3.37421536e-17  3.10532963e-03  3.01710608e-02  1.19718106e-02
  3.78072448e-03 -4.11996826e-18]
[0.12284603651440341, 0.06687915994944416, 0.04651069719100607, 0.1141526876396427]
[-3.610488874891748e-17, 0.015485072970914514, 0.7470162032855355, -3.8491291640611355e-17, 2.1200820384090446e-16, 0.019511361495835433, 0.18957036583337772]
E for cur_iter:  -0.9253845383612187
params in def finance in vqe.py:  [ 1.18110676e-01  6.52607816e-02  5.28611071e-02  1.13887969e-01
  4.52588875e-04  1.61670675e-03  1.16088209e-01 -1.62880523e-04
  1.10107068e-18 -1.91210385e-03  2.19832471e-02  8.68939002e-03
  4.23521772e-03 -4.22712009e-03]
[0.11811067571357518, 0.06526078161268947, 0.05286110709630441, 0.11388796918547395]
[0.0028436997689089767, 0.010158068126822307, 0.7294037297501756, -0.0010234085079446466, 6.918231135896954e-18, -0.012014102796641753, 0.1381248148892733]
E for cur_iter:  -0.9302959622452454
params in def finance in vqe.py:  [ 1.17824455e-01  6.53768312e-02  5.39221969e-02  1.15777487e-01
 -7.26415456e-18 -9.32413868e-18  1.18050148e-01  2.19658556e-03
 -1.22697448e-17 -4.33680869e-19  2.59675564e-02  1.07066175e-02
  5.30394087e-03  1.16085949e-02]
[0.11782445488355474, 0.06537683119913533, 0.05392219689304006, 0.11577748669157127]
[-4.564202917315983e-17, -5.858529117748874e-17, 0.7417309547700338, 0.013801554130651374, -7.709308016615805e-17, -2.7248972640692436e-18, 0.16315896897483237]
E for cur_iter:  -0.9293126272318752
params in def finance in vqe.py:  [ 1.17794663e-01  6.39452934e-02  5.20102386e-02  1.12666672e-01
  1.82466768e-03  4.22651087e-04  1.16042686e-01  6.01040169e-03
 -2.03739561e-18  1.82891851e-03  2.20946493e-02  8.78854282e-03
  3.73088177e-03  6.09310939e-05]
[0.11779466303404358, 0.06394529344189724, 0.05201023862957374, 0.11266667181873595]
[0.011464725174076975, 0.0026555950984832708, 0.7291177008211855, 0.037764467569105994, -1.2801334149026478e-17, 0.011491433899275108, 0.1388247757832287]
E for cur_iter:  -0.9312822060006187
params in def finance in vqe.py:  [ 1.16776258e-01  6.09864667e-02  5.24113382e-02  1.13037592e-01
  1.26755855e-02 -3.25260652e-19  1.18072541e-01  2.89460051e-03
 -2.03739561e-18  3.01453195e-04  2.44973804e-02  1.12923614e-02
  3.90713910e-03 -3.25260652e-19]
[0.11677625797798166, 0.0609864666670218, 0.05241133819608171, 0.11303759211920741]
[0.07964305259237046, -2.0436729480519327e-18, 0.7418716550411276, 0.01818731141866977, -1.280133414902652e-17, 0.001894086286882038, 0.15392158031271014]
E for cur_iter:  -0.9293110093384609
params in def finance in vqe.py:  [ 1.18115413e-01  6.48462833e-02  5.13391105e-02  1.12935340e-01
  1.77146273e-03  1.52610402e-03  1.16045328e-01  6.09579757e-03
 -2.41027347e-18  2.02407113e-03  1.88120017e-02  1.38378986e-02
  3.87293485e-03  3.20682213e-04]
[0.11811541344407132, 0.06484628329999385, 0.051339110511620496, 0.11293533975691476]
[0.011130428587243049, 0.00958879433338677, 0.7291343012342457, 0.03830102572424293, -1.514419482803088e-17, 0.012717613955939271, 0.11819929298679914]
E for cur_iter:  -0.9312822060006187
params in def finance in vqe.py:  [ 1.13397703e-01  5.55806768e-02  5.54042049e-02  1.12207094e-01
  8.67361738e-19  6.11671070e-03  1.18801655e-01  6.21971926e-03
 -2.03739561e-18  4.20579163e-03  2.36230170e-02  1.07160824e-02
  3.40270013e-03  1.00288701e-18]
[0.11339770271475896, 0.05558067683306278, 0.05540420488185874, 0.11220709429569943]
[5.449794528138487e-18, 0.0384324267916659, 0.746452815749306, 0.0390796486992499, -1.2801334149026532e-17, 0.026425768173830702, 0.14842779320248067]
E for cur_iter:  -0.9253771246642413
params in def finance in vqe.py:  [ 1.20007555e-01  6.25535225e-02  5.39787094e-02  1.12943766e-01
  1.85775304e-03  3.10266542e-04  1.11166345e-01  5.93564556e-03
 -2.43613488e-18  2.22000766e-03  2.36090733e-02  1.01360699e-02
  4.17481953e-03 -7.89497213e-05]
[0.12000755532728075, 0.06255352247464364, 0.053978709442543384, 0.1129437664221381]
[0.011672606582819213, 0.0019494621758224485, 0.6984787465558566, 0.03729476099005744, -1.5306686905998842e-17, 0.013948719507709399, 0.14834018247423938]
E for cur_iter:  -0.9302965068659845
params in def finance in vqe.py:  [ 1.08980751e-01  6.51126869e-02  4.58024661e-02  1.13018205e-01
  1.41140959e-03  3.84891771e-18  1.10339758e-01  6.01008154e-03
 -2.03739561e-18  4.11627736e-04  2.28329495e-02  9.19637269e-03
  5.42100491e-03  3.65374271e-04]
[0.10898075089408184, 0.06511268693668854, 0.04580246612451665, 0.11301820545168274]
[0.008868147968822257, 2.4183463218614538e-17, 0.693285148338184, 0.0377624560421616, -1.2801334149026481e-17, 0.002586333344226327, 0.14346365305467604]
E for cur_iter:  -0.9283443588688172
params in def finance in vqe.py:  [ 1.17944318e-01  6.37537556e-02  5.21866908e-02  1.15473100e-01
  1.40096354e-03  2.21905576e-05  1.17062561e-01  9.09251571e-03
  2.59919078e-03 -7.41378400e-04  2.35956426e-02  9.81942367e-03
  5.11570994e-03 -1.21229826e-03]
[0.11794431786420739, 0.06375375562742962, 0.05218669080322394, 0.11547309997660903]
[0.00880251352399447, 0.00013942738544460672, 0.7355257626306426, 0.05712996114052403, 0.016331197306557996, -0.004658217867023905, 0.14825579491794974]
E for cur_iter:  -0.9322631768927248
params in def finance in vqe.py:  [ 1.21187939e-01  6.71984517e-02  5.41602283e-02  1.12679591e-01
  2.37731843e-03  4.87890978e-19  1.16961527e-01  1.05783990e-02
  4.55721650e-03 -1.95156391e-18  1.45045067e-02  5.41495345e-03
 -2.60208521e-18  6.18676852e-04]
[0.12118793863062921, 0.06719845171992227, 0.05416022826697347, 0.1126795905635624]
[0.014937132254190593, 3.065509422077899e-18, 0.7348909489650787, 0.06646604120726753, 0.028633835738395334, -1.2262037688311596e-17, 0.09113450314370553]
E for cur_iter:  -0.9273437946909815
params in def finance in vqe.py:  [ 1.17091376e-01  6.03268195e-02  5.23172501e-02  1.11628862e-01
 -6.50521303e-19 -1.08420217e-18  1.18275674e-01  4.68983772e-03
 -2.29243618e-18  2.07200614e-03  2.12613266e-02  1.19220958e-02
  1.86308242e-03 -1.59919820e-18]
[0.11709137597156011, 0.06032681949338726, 0.052317250073587486, 0.11162886223304516]
[-4.087345896103865e-18, -6.812243160173109e-18, 0.7431479762507277, 0.029467119484444797, -1.4403801316447945e-17, 0.013018798516538902, 0.13358885492739966]
E for cur_iter:  -0.9312822139850203
params in def finance in vqe.py:  [ 1.18143712e-01  5.91433993e-02  5.11286169e-02  1.10573438e-01
 -5.46932505e-05  6.20730987e-04  1.18237430e-01  4.76645535e-03
 -1.18595873e-04  8.04058519e-04  2.07027509e-02  1.14461473e-02
  3.23135797e-03  5.50328239e-04]
[0.11814371241495407, 0.05914339927331679, 0.05112861692219032, 0.11057343788558195]
[-0.000343647827771316, 0.003900167816303647, 0.7429076851684479, 0.029948522248654207, -0.0007451598441727794, 0.005052048670818012, 0.130079220204702]
E for cur_iter:  -0.9362013728992095
params in def finance in vqe.py:  [1.19374359e-01 5.73576535e-02 5.02605582e-02 1.10723888e-01
 2.31070588e-18 1.51788304e-18 1.19124668e-01 4.24604086e-03
 1.49077799e-19 1.76170618e-03 1.86118850e-02 1.06960499e-02
 8.35140782e-03 3.13246786e-04]
[0.11937435939704746, 0.05735765346718193, 0.050260558248851624, 0.11072388790414879]
[1.4518593235118937e-17, 9.537140424242352e-18, 0.7484823645214668, 0.02667866155207136, 9.366834345238024e-19, 0.011069126398540336, 0.11694192213831746]
E for cur_iter:  -0.9362037370204735
params in def finance in vqe.py:  [ 0.12019591  0.05778142  0.04871939  0.11051966 -0.0003163   0.00060133
  0.11963947  0.00396856 -0.00014204  0.00292502  0.02046021  0.01142101
  0.00862669 -0.0002339 ]
[0.12019591298494674, 0.057781417690851405, 0.04871939041058087, 0.1105196646157362]
[-0.001987362079192566, 0.0037782748702380404, 0.7517169752467162, 0.02493517173349032, -0.0008924379726160286, 0.018378469785065278, 0.12855531977716092]
E for cur_iter:  -0.9342441673419273
params in def finance in vqe.py:  [ 1.22168218e-01  5.60501246e-02  4.82886753e-02  1.07943716e-01
  1.07863571e-04  6.78156483e-04  1.18860551e-01  5.81857486e-03
  9.69818743e-04 -6.50521303e-19  1.64539841e-02  9.20484320e-03
  7.13377635e-03  1.89703178e-03]
[0.12216821776896244, 0.05605012459344104, 0.04828867529666013, 0.10794371570203067]
[0.0006777268035767315, 0.0042609828499324785, 0.7468228677263762, 0.036559184060824736, 0.006093550876320312, -4.087345896103865e-18, 0.10338343124911699]
E for cur_iter:  -0.9244322196707107
params in def finance in vqe.py:  [ 0.11779037  0.05681824  0.04869523  0.11037531  0.00019104 -0.00039512
  0.11781499  0.00446097  0.00061779  0.00195447  0.01823331  0.01060928
  0.00820707 -0.00104664]
[0.11779036682221479, 0.05681824076886066, 0.0486952254931071, 0.11037531390576172]
[0.0012003617766908942, -0.0024826027872529564, 0.7402534300500526, 0.028029113835298464, 0.003881669765036992, 0.012280277757425012, 0.1145632863385823]
E for cur_iter:  -0.9332602797234164
params in def finance in vqe.py:  [ 1.16688342e-01  5.78148373e-02  4.93913609e-02  1.11096475e-01
  9.28882961e-19  1.47232374e-18  1.18384243e-01  3.24020282e-03
 -1.15214070e-18 -2.38524478e-18  2.03688695e-02  1.19168542e-02
  1.05114847e-02  4.41661485e-03]
[0.11668834192312505, 0.057814837258997935, 0.04939136094132952, 0.11109647468532678]
[5.836343775199032e-18, 9.250882919369385e-18, 0.7438301333984196, 0.020358794759617223, -7.239113541139334e-18, -1.4986934952380838e-17, 0.12798138134435755]
E for cur_iter:  -0.9332555514808882
params in def finance in vqe.py:  [ 1.18967039e-01  5.81299407e-02  5.13643399e-02  1.08359020e-01
  5.97661218e-05 -3.67553023e-04  1.19384201e-01  4.75499524e-03
  6.10516686e-04  1.68982132e-03  1.90279050e-02  1.12060554e-02
  9.15680998e-03 -2.04002093e-04]
[0.11896703898305738, 0.05812994073972981, 0.051364339884792935, 0.10835902018580723]
[0.00037552161840916223, -0.002309403754635611, 0.7501130552918978, 0.029876516223935452, 0.003835989472289716, 0.010617460466458662, 0.11955585308916054]
E for cur_iter:  -0.9312941543174154
params in def finance in vqe.py:  [ 1.19879215e-01  5.84158748e-02  5.13038755e-02  1.12917707e-01
 -5.55613938e-19  2.91930959e-03  1.19293858e-01  2.60208521e-18
  3.90972792e-19 -8.67361738e-19  1.82271396e-02  1.02552821e-02
  9.64080257e-03  1.30104261e-18]
[0.11987921515875298, 0.05841587480341728, 0.05130387548980231, 0.11291770749878786]
[-3.491025330755509e-18, 0.01834256314505871, 0.7495454154796891, 1.634938358441546e-17, 2.456554503440225e-18, -5.449794528138487e-18, 0.11452449571061676]
E for cur_iter:  -0.9312822219694219
params in def finance in vqe.py:  [ 0.11917946  0.05797919  0.05027927  0.11072838 -0.00290372  0.00025582
  0.1186272   0.00462963 -0.00022043  0.00189301  0.01824182  0.01025304
  0.00857175  0.00035488]
[0.11917945648340399, 0.0579791909092367, 0.05027927341420514, 0.11072837874105079]
[-0.018244607449088762, 0.0016073365359146404, 0.745356701323864, 0.029088816423112156, -0.0013850290754493565, 0.011894136773402914, 0.11461670410237608]
E for cur_iter:  -0.9362037450048751
params in def finance in vqe.py:  [ 1.18800997e-01  5.57540264e-02  5.00687950e-02  1.12608309e-01
  7.54450013e-04 -1.60531637e-20  1.20140150e-01  8.83694881e-03
 -1.86081346e-18  4.33680869e-19  1.94939487e-02  1.24242732e-02
  1.00634131e-02  5.42101086e-19]
[0.11880099685625536, 0.05575402643130536, 0.050068795020951594, 0.11260830889483202]
[0.004740349236034569, -1.0086500209183236e-19, 0.7548628240445913, 0.055524186920771025, -1.1691835819759511e-17, 2.7248972640692436e-18, 0.12248409233373082]
E for cur_iter:  -0.9312841532116198
params in def finance in vqe.py:  [ 0.11912521  0.05731218  0.05006712  0.10995491  0.00024491  0.0002821
  0.11885297  0.00424396 -0.00285553  0.00105562  0.01860506  0.0107243
  0.00827548 -0.00013413]
[0.11912520846852867, 0.057312183976764915, 0.050067118796829825, 0.10995490868209848]
[0.0015388317300509982, 0.0017724877498335018, 0.7467752182391445, 0.026665614122521466, -0.017941803751497083, 0.006632645695131809, 0.11689900856294994]
E for cur_iter:  -0.9332584602228915
params in def finance in vqe.py:  [ 1.19479947e-01  5.72487005e-02  5.13978732e-02  1.13521138e-01
  2.09767246e-04 -1.04083409e-18  1.19847471e-01  3.66215795e-03
  4.31299069e-19  6.45354901e-03  1.68219202e-02  1.00106204e-02
  9.20003960e-03  1.92776559e-03]
[0.11947994741913198, 0.05724870045598369, 0.05139787318653974, 0.11352113753731488]
[0.0013180064756645876, -6.539753433766185e-18, 0.753023871864022, 0.023010017048466013, 2.7099319764666047e-18, 0.040548844328818556, 0.10569524211477165]
E for cur_iter:  -0.9312822060006187
params in def finance in vqe.py:  [ 1.20914454e-01  5.85194648e-02  4.96541166e-02  1.12187241e-01
 -4.38640142e-19 -6.60075531e-19  1.19553858e-01  3.04916274e-03
  1.90245943e-19  5.55313172e-04  1.83853855e-02  1.12316685e-02
  8.51369243e-03  5.96311195e-19]
[0.12091445364302923, 0.058519464752145624, 0.04965411662442937, 0.11218724139901495]
[-2.7560572940053218e-18, -4.147376876525139e-18, 0.7511790443689235, 0.01915845452647045, 1.1953505151576812e-18, 0.003489135562641032, 0.11551878430845924]
E for cur_iter:  -0.936201380883611
params in def finance in vqe.py:  [ 1.18798570e-01  5.76634006e-02  4.98698794e-02  1.10701709e-01
 -5.05434629e-06 -6.04652042e-05  1.20297872e-01  4.26166338e-03
  1.59001180e-07  1.61392521e-03  1.85184957e-02  1.00333890e-02
  8.24640349e-03  2.66027133e-04]
[0.11879856977976053, 0.05766340062295282, 0.04986987937044329, 0.11070170929453965]
[-3.1757394369817104e-05, -0.0003799140828185847, 0.7558538230132584, 0.026776820702220153, 9.990338788183748e-07, 0.010140591143719494, 0.11635514023771337]
E for cur_iter:  -0.9342394311149974
params in def finance in vqe.py:  [ 1.20073767e-01  5.59371445e-02  5.10279898e-02  1.11342538e-01
  8.67361738e-20 -1.40571581e-19  1.18731295e-01  3.48492869e-03
  3.81252677e-19  1.36357945e-03  2.03694871e-02  9.20807228e-03
  8.44751334e-03  2.70454536e-05]
[0.12007376727031256, 0.055937144522662345, 0.051027989763752286, 0.11134253767067825]
[5.449794528138371e-19, -8.83237293803707e-19, 0.7460107276030346, 0.021896452760437418, 2.3954812187109103e-18, 0.008567622358660643, 0.1279852618882137]
E for cur_iter:  -0.9322680328457291
params in def finance in vqe.py:  [ 1.19362609e-01  5.63953008e-02  5.02214228e-02  1.10521003e-01
 -4.56205813e-04 -3.61955791e-04  1.19678087e-01  3.68859696e-03
 -2.71889183e-05  1.71896019e-03  1.83172149e-02  1.13306900e-02
  8.48538672e-03  2.34604600e-04]
[0.11936260906211485, 0.056395300814356085, 0.05022142276630275, 0.11052100324218092]
[-0.0028664256640154023, -0.002274235310361968, 0.7519595978593557, 0.023176138221365897, -0.00017083301170293063, 0.010800545427498481, 0.11509045544678775]
E for cur_iter:  -0.9342394311149974
params in def finance in vqe.py:  [ 1.18868297e-01  5.78360106e-02  5.09841682e-02  1.11312703e-01
 -8.67361738e-19  2.61451799e-04  1.18942635e-01  4.35821727e-03
  2.04386671e-04  1.71337022e-03  1.91157679e-02  1.17844820e-02
  5.75837592e-03  6.12916320e-04]
[0.11886829734152496, 0.05783601057798838, 0.050984168178377996, 0.11131270349807285]
[-5.449794528138475e-18, 0.0016427501045617068, 0.7473386193555955, 0.02738348669658287, 0.001284199328996607, 0.010765422583394654, 0.12010791210850155]
E for cur_iter:  -0.9322680328457291
params in def finance in vqe.py:  [1.19317737e-01 5.70431564e-02 5.04045759e-02 1.11331599e-01
 3.44335029e-05 5.75518793e-04 1.19349966e-01 5.24878156e-03
 6.16269962e-05 1.44886644e-03 1.86190630e-02 1.10896931e-02
 8.81914333e-03 2.14712059e-05]
[0.11931773722360933, 0.05704315635418997, 0.05040457592850331, 0.11133159873245418]
[0.00021635207941629093, 0.0036160912260507325, 0.7498979541962316, 0.032979067154832106, 0.0003872138373479595, 0.009103496307400247, 0.11698702299113789]
E for cur_iter:  -0.9362013728992095
params in def finance in vqe.py:  [ 1.19453148e-01  5.73985310e-02  5.02126345e-02  1.10870535e-01
 -3.19115010e-05 -6.59907153e-04  1.19141186e-01  4.56127671e-03
 -1.22455800e-04  1.77833911e-03  1.87682302e-02  1.07389248e-02
  8.35146254e-03  3.44464602e-04]
[0.1194531480236277, 0.057398531043392785, 0.050212634474898654, 0.110870534536541]
[-0.00020050587436940676, -0.004146318925251953, 0.7485861523676797, 0.028659346791382243, -0.0007694124863484109, 0.011173634174372934, 0.11792426839810818]
E for cur_iter:  -0.9362037370204735
params in def finance in vqe.py:  [1.20186649e-01 5.71374261e-02 4.96924524e-02 1.10375329e-01
 8.07371237e-05 1.72719528e-04 1.18918231e-01 4.79793050e-03
 2.17167785e-04 1.58485560e-03 1.81767636e-02 1.04530203e-02
 8.14786964e-03 1.04608109e-03]
[0.1201866486832601, 0.057137426057064636, 0.04969245244724472, 0.11037532891507625]
[0.0005072863093888748, 0.0010852287999211343, 0.7471852846767777, 0.03014628641093665, 0.0013645054358910837, 0.009957941402625821, 0.1142079738400778]
E for cur_iter:  -0.9322751252095215
params in def finance in vqe.py:  [ 1.19053906e-01  5.73832353e-02  5.01084628e-02  1.10745591e-01
 -1.77160479e-05  1.11628011e-05  1.19018145e-01  4.14711717e-03
  3.60786978e-05  1.46027383e-03  1.88770728e-02  1.08453166e-02
  8.56378525e-03  7.94867687e-04]
[0.11905390605593967, 0.05738323525522554, 0.05010846275312335, 0.11074559077755422]
[-0.00011131321166245763, 7.013794761099081e-05, 0.7478130571841849, 0.026057105648764522, 0.00022668914389195065, 0.009175171088580342, 0.1186081462739338]
E for cur_iter:  -0.9342394311149974
params in def finance in vqe.py:  [ 1.19324602e-01  5.76677665e-02  5.06970622e-02  1.11367099e-01
  2.45794790e-04 -4.87890978e-20  1.18972501e-01  4.06746255e-03
 -1.35380811e-19  2.82991276e-03  1.81057129e-02  1.06617758e-02
  8.82487028e-03  2.92567578e-04]
[0.11932460160337581, 0.05766776653399655, 0.05069706215320095, 0.1113670985371233]
[0.0015443742130200502, -3.0655094220779183e-19, 0.7475262681879168, 0.02555662093346321, -8.506227215540733e-19, 0.01778086627802895, 0.11376154926816162]
E for cur_iter:  -0.9342347028724692
params in def finance in vqe.py:  [1.19650676e-01 5.76990652e-02 5.02055877e-02 1.10930259e-01
 2.01081984e-07 1.58868621e-22 1.19081492e-01 4.00662762e-03
 1.04483439e-04 1.35326954e-03 1.84689978e-02 1.07988027e-02
 8.42762761e-03 8.13151629e-19]
[0.11965067552098521, 0.05769906522107224, 0.050205587733618176, 0.11093025941797059]
[1.2634353662137534e-06, 9.982009830874561e-22, 0.7482110840137661, 0.02517438379004535, 0.0006564888110236531, 0.00850284331827138, 0.11604413577141615]
E for cur_iter:  -0.9362037370204735
params in def finance in vqe.py:  [ 1.19416410e-01  5.72737782e-02  5.03271114e-02  1.10798344e-01
 -4.93677547e-05 -3.71536704e-05  1.19133557e-01  4.21657573e-03
  3.15964133e-04  1.77566463e-03  1.87337684e-02  1.05771382e-02
  8.35574194e-03  3.11201118e-04]
[0.11941640997006131, 0.05727377815152262, 0.05032711144991235, 0.11079834428015685]
[-0.0003101867512461545, -0.0002334433962767439, 0.7485382176797747, 0.026493526684228497, 0.001985261200107554, 0.011156829938336998, 0.11770773810710518]
E for cur_iter:  -0.9362037370204735
params in def finance in vqe.py:  [ 1.19501625e-01  5.70963996e-02  5.05364696e-02  1.10798817e-01
  8.51034148e-06  5.51919626e-05  1.18948874e-01  4.15962134e-03
 -4.78134735e-19  1.61437063e-03  1.89169984e-02  1.02610008e-02
  8.32958677e-03  3.25260652e-19]
[0.11950162453774023, 0.05709639955363355, 0.050536469632441135, 0.11079881735451451]
[5.3472052523633404e-05, 0.00034678132840135705, 0.7473778159154689, 0.026135671696232203, -3.0042091433271437e-18, 0.010143389828283115, 0.11885900623039129]
E for cur_iter:  -0.9352204020071034
params in def finance in vqe.py:  [ 1.19344009e-01  5.72694217e-02  5.01862357e-02  1.10711359e-01
  3.53222219e-04 -4.66571212e-05  1.19133308e-01  4.21244429e-03
  6.01940080e-05  1.75314322e-03  1.86259372e-02  1.07486775e-02
  8.33400760e-03  2.57673823e-04]
[0.11934400892849523, 0.05726942167623698, 0.05018623573304319, 0.11071135924210011]
[0.0022193606551178685, -0.0002931553385898802, 0.748536650546738, 0.02646756809368707, 0.0003782101064989612, 0.011015323702567227, 0.11703021519743682]
E for cur_iter:  -0.9342394311149974
params in def finance in vqe.py:  [1.19002182e-01 5.73325580e-02 4.98967280e-02 1.10694783e-01
 1.85952931e-19 9.79760409e-20 1.18728163e-01 4.37441221e-03
 1.44026167e-04 1.83866116e-03 1.84285401e-02 1.06485072e-02
 8.29119435e-03 7.58941521e-19]
[0.11900218222630621, 0.05733255803852919, 0.04989672795406373, 0.11069478305105855]
[1.168376726650984e-18, 6.156016203442301e-19, 0.7459910462671357, 0.02748524251193918, 0.0009049430946887878, 0.011552648767656572, 0.11578993254929738]
E for cur_iter:  -0.9342394311149974
params in def finance in vqe.py:  [ 1.19491625e-01  5.73779204e-02  5.00487550e-02  1.10689183e-01
 -3.18320729e-05  6.23730740e-05  1.19161176e-01  4.21310126e-03
 -3.54099849e-05  1.89927699e-03  1.88029356e-02  1.07122044e-02
  8.50039102e-03  2.36419469e-04]
[0.11949162500156676, 0.05737792044411379, 0.05004875498547167, 0.11068918294097546]
[-0.00020000681260659364, 0.00039190158204432225, 0.7487117501359527, 0.026471695909655268, -0.00022248749708148895, 0.011933509267842177, 0.11814232875470378]
E for cur_iter:  -0.9342394311149974
params in def finance in vqe.py:  [1.19359724e-01 5.75435256e-02 5.05267892e-02 1.10879620e-01
 4.33680869e-20 1.11488590e-04 1.19177213e-01 4.30934994e-03
 4.00137857e-07 1.81015432e-03 1.87152651e-02 1.09526665e-02
 7.73318914e-03 3.26568305e-04]
[0.11935972414793831, 0.05754352564063476, 0.05052678918529804, 0.11087962021430003]
[2.72489726406921e-19, 0.00070050347020148, 0.7488125167509192, 0.027076444195830215, 2.514140303275501e-06, 0.011373534997573032, 0.1175914787371135]
E for cur_iter:  -0.9352204020071034
params in def finance in vqe.py:  [ 1.19330974e-01  5.75986867e-02  5.06760438e-02  1.10216329e-01
  9.75781955e-20 -3.51858805e-19  1.19147900e-01  4.43512468e-03
  1.46519183e-04  1.70239523e-03  1.85456812e-02  1.07687363e-02
  8.54804706e-03  2.10697300e-04]
[0.11933097364593764, 0.057598686675051816, 0.05067604378213457, 0.1102163287298555]
[6.13101884415574e-19, -2.210794073903365e-18, 0.7486283334609521, 0.027866710244051174, 0.0009206071766111426, 0.010696464695144618, 0.11652595189491205]
E for cur_iter:  -0.9342394311149974
params in def finance in vqe.py:  [ 1.19257026e-01  5.74324433e-02  5.02248548e-02  1.10782970e-01
 -5.23783070e-20 -2.79182059e-19  1.19389538e-01  4.26385978e-03
 -1.25791791e-19  1.70442726e-03  1.85218452e-02  1.04832377e-02
  8.31521027e-03  3.14214449e-04]
[0.11925702645119678, 0.05743244334424129, 0.05022485478021334, 0.11078297009549881]
[-3.2910260895650577e-19, -1.754152613744575e-18, 0.750146591427442, 0.026790621095407828, -7.903731333470182e-19, 0.010709232306391743, 0.11637618572919853]
E for cur_iter:  -0.9362037370204735
params in def finance in vqe.py:  [ 1.19367528e-01  5.73011823e-02  5.02765789e-02  1.10799605e-01
 -1.95310806e-06  6.84711084e-05  1.19160120e-01  4.36455292e-03
  5.74688674e-06  1.72581360e-03  1.86091353e-02  1.07534168e-02
  8.40788419e-03  2.79808468e-04]
[0.11936752778526884, 0.057301182271372646, 0.05027657891269236, 0.11079960492052435]
[-1.2271739874776969e-05, 0.00043021666197706553, 0.7487051160264488, 0.027423294754023848, 3.610875433486187e-05, 0.010843606669822887, 0.11692464537502485]
E for cur_iter:  -0.9362037370204735
{'IIIZ': -0.0007389802430548542, 'IIZI': 0.000618927047458695, 'IZII': -0.0012772629794151058, 'ZIII': 0.00025785020171742445, 'IIZZ': 0.5034804120100986, 'IZIZ': 0.5035016658557945, 'IZZI': 0.5035002207273829, 'ZIIZ': 0.503484434448624, 'ZIZI': 0.5034716148591135, 'ZZII': 0.503467526845492}
The optimized loss func value: -0.9362037370204735

   Return from subroutine COBYLA because the MAXFUN limit has been reached.

   NFVALS =  100   F =-9.362037E-01    MAXCV = 0.000000E+00
   X = 1.193744E-01   5.735765E-02   5.026056E-02   1.107239E-01   2.310706E-18
       1.517883E-18   1.191247E-01   4.246041E-03   1.490778E-19   1.761706E-03
       1.861188E-02   1.069605E-02   8.351408E-03   3.132468E-04
